0.00008888446 1.06196052751 3340.6124266998
-0.00002595393 0.0 0.0
0.00000918914 0.11538431190 6681.2248533996
0.00000267883 0.78837893063 10021.8372800994
0.00000066911 1.39435595847 13362.4497067992
0.00000014267 1.87268116087 16703.062133499
0.00000007948 2.58819177832 3337.0893083508
0.00000002709 2.29241371893 20043.6745601988
0.00000002911 1.36634316448 3344.1355450488
0.00000002528 6.00423798411 3496.032826134
0.00000001617 5.72212771018 5621.8429232104
0.00000001625 4.63140305669 3185.1920272656
0.00000001173 2.04871812080 6684.7479717486
0.00000001066 1.15825195582 2281.2304965106
0.00000001043 3.54796199484 3532.0606928114
0.00000000724 4.20458660775 5884.9268465832
0.00000000610 5.22430575829 2810.9214616052
0.00000000557 2.75698163218 2942.4634232916
0.00000000655 2.84033212598 6677.7017350506
0.00000000641 5.44557723446 5486.777843175
0.00000000498 4.59850630546 3894.1818295422
0.00000000501 0.52535712881 5088.6288397668
0.00000000521 4.66308888977 1059.3819301892
0.00000000490 3.99314993252 2544.3144198834
0.00000000408 4.93937427401 3339.6321056316
0.00000000396 0.51430149629 3340.629680352
0.00000000470 2.68379670864 23384.2869868986
0.00000000389 6.00426372731 8962.4553499102
0.00000000446 3.81307040390 6151.533888305
0.00000000396 4.76665218791 3340.5951730476
0.00000000360 0.30420986478 4136.9104335162
0.00000000368 2.55488502496 10025.3603984484
0.00000000417 2.05816647037 529.6909650946
0.00000000393 1.18623350431 3097.88382272579
0.00000000318 4.89083986180 5092.1519581158
0.00000000311 0.52479429819 3149.1641605882
0.00000000339 1.91330658550 4690.4798363586
0.00000000351 3.22939666067 4292.3308329504
0.00000000400 4.99682542425 6525.8044539654
0.00000000269 5.24048656863 4399.994356889
0.00000000269 6.01045237753 2787.0430238574
0.00000000242 5.84228858137 3723.508958923
0.00000000300 3.33780918870 3583.3410306738
0.00000000230 1.39226657786 3738.761430108
0.00000000192 5.54090794612 3341.592747768
0.00000000185 2.67271130688 6283.0758499914
0.00000000184 2.21130914624 7079.3738568078
0.00000000170 5.17306622171 6254.6266625236
0.00000000186 3.68212348930 1592.5960136328
0.00000000168 2.39044142684 1990.745017041
0.00000000201 0.91789291159 2388.8940204492
0.00000000171 4.81773821378 1194.4470102246
0.00000000181 2.50145688400 398.1490034082
0.00000000177 5.42788143021 4535.0594369244
0.00000000153 5.20921140136 2146.1654164752
0.00000000131 2.41348963069 3340.6797370026
0.00000000150 1.54231915192 6438.4962494256
0.00000000149 0.96225780576 7477.522860216
0.00000000129 5.26033357561 155.4203994342
0.00000000158 4.47988793489 3333.498879699
0.00000000133 6.05902381899 6836.6452528338
0.00000000120 4.73910738283 2957.7158944766
0.00000000117 2.22260771124 6674.1113063988
0.00000000136 5.83288551607 796.2980068164
0.00000000157 1.15241959296 6489.776587288
0.00000000110 4.19180987487 4933.2084403326
0.00000000130 2.84683198305 3340.545116397
0.00000000121 2.52786285342 9492.1463150048
0.00000000108 0.08979902661 1748.016413067
0.00000000117 5.82410316896 2914.0142358238
0.00000000086 2.01927297840 7.1135470008
0.00000000082 3.80856644509 6681.2075997474
0.00000000082 5.83941329915 6681.2421070518
0.00000000076 0.08262821070 6127.6554505572
0.00000000091 2.96288127149 13365.9728251482
0.00000000080 2.85318684748 8955.3418029094
0.00000000083 5.02941237478 12303.06777661
0.00000000074 3.62624366705 6923.9534573736
0.00000000072 1.17271788888 3127.3133312618
0.00000000095 4.98093994365 1589.0728952838
0.00000000087 5.81716080338 7740.6067835888
0.00000000089 0.48604673074 3870.3033917944
0.00000000066 3.06598137329 26724.8994135984
0.00000000067 6.01736846209 6682.2051744678
0.00000000070 0.64135636261 2288.3440435114
0.00000000063 3.19176567675 12832.7587417046
0.00000000063 2.70869032431 242.728603974
0.00000000062 5.92753482553 7875.6718636242
0.00000000074 5.12213534011 9866.4168806652
0.00000000076 2.80770234482 5331.3574437408
0.00000000063 1.40446619803 5729.506447149
0.00000000065 1.35907629616 1349.8674096588
0.00000000056 2.65764515134 951.7184062506
0.00000000067 4.84212554978 2274.1169495098
0.00000000069 2.48893325965 10419.9862835076
0.00000000051 5.98407977888 6041.3275670856
0.00000000049 4.85570926461 4562.4609930212
0.00000000058 4.99207597345 8969.568896911
0.00000000043 5.63823020899 4929.6853219836
0.00000000058 6.20594898525 3347.7259737006
0.00000000057 2.89730834453 10018.3141617504
0.00000000058 3.89480774042 553.5694028424
0.00000000047 5.12333023108 426.598190876
0.00000000042 1.03283454214 6681.2921637024
0.00000000051 1.17739312127 1751.539531416
0.00000000036 4.71576514590 6298.3283211764
0.00000000041 4.11801359055 10021.8200264472
0.00000000036 2.79629985388 213.299095438
0.00000000033 5.67092277262 15643.6802033098
0.00000000033 1.68550281175 9830.3890139878
0.00000000032 2.78277698783 7210.9158184942
0.00000000041 6.14975635778 10021.8545337516
0.00000000031 1.46914313245 10818.1352869158
0.00000000030 5.11654548214 11773.3768115154
0.00000000030 5.94013525093 3767.2106175758
0.00000000028 1.35093398031 3553.9115221378
0.00000000027 0.84036429724 7632.9432596502
0.00000000029 5.76529104850 8031.0922630584
0.00000000026 0.25856730853 1066.49547719
0.00000000024 0.67405360149 3360.96774609859
0.00000000024 2.34265028137 3320.257107301
0.00000000028 1.81680368660 9623.6882766912
0.00000000022 6.24243881749 8432.7643848156
0.00000000021 5.25722436514 6680.2445323314
0.00000000023 4.24982817116 3325.3599555148
0.00000000022 5.05378057964 3355.8648978848
0.00000000026 5.21495958693 382.8965322232
0.00000000023 2.27453854146 7234.794256242
0.00000000025 1.69816682992 6872.6731195112
0.00000000023 4.13297133971 639.897286314
0.00000000019 4.63736307953 8429.2412664666
0.00000000018 0.29318941103 640.8776073822
0.00000000017 3.12909635955 6467.9257579616
0.00000000016 1.92178558286 6681.1575430968
0.00000000016 0.47472874553 1052.2683831884
0.00000000016 0.09800770199 11081.2192102886
0.00000000018 3.26217306584 7064.1213856228
0.00000000016 5.48746970528 9595.2390892234
0.00000000019 4.63958564261 8273.8208670324
0.00000000015 2.52623641715 191.4482661116
0.00000000016 1.95271387752 2699.7348193176
0.00000000015 4.31015619343 8827.3902698748
0.00000000014 1.08241159656 10973.55568635
0.00000000015 6.00000660183 11371.7046897582
0.00000000013 0.22518942674 6688.3384004004
0.00000000013 2.42192861366 10575.4066829418
0.00000000011 2.53752217003 12964.300703391
0.00000000011 4.80028625279 11769.8536931664
0.00000000014 3.84407896636 16173.3711684044
0.00000000011 1.79883656022 9779.1086761254
0.00000000010 3.38769942924 16706.585251848
0.00000000013 2.15740232885 6894.5239488376
0.00000000010 5.38827104551 12310.1813236108
0.00000000012 3.76810144879 9225.539273283
0.00000000011 3.25290731199 8671.9698704406
0.00000000011 2.90564118820 6040.3472460174
0.00000000010 5.69430086859 13207.029307365
0.00000000009 3.26007781906 13760.5987102074
0.00000000009 2.65306894671 10551.528245194
0.00000000009 1.95264065659 9070.1188738488
0.00000000011 0.42402934223 9381.9399937854