3340.61242700512 0.0 0.0
0.01457554523 3.60433733236 3340.6124266998
0.00168414711 3.92318567804 6681.2248533996
0.00020622975 4.26108844583 10021.8372800994
0.00003452392 4.73210393190 3.523118349
0.00002586332 4.60670058555 13362.4497067992
0.00000841535 4.45864030426 2281.2304965106
0.00000537567 5.01581256923 398.1490034082
0.00000520948 4.99428054039 3344.1355450488
0.00000432635 2.56070853083 191.4482661116
0.00000429655 5.31645299471 155.4203994342
0.00000381751 3.53878166043 796.2980068164
0.00000328530 4.95632685192 16703.062133499
0.00000282795 3.15966768785 2544.3144198834
0.00000205657 4.56889279932 2146.1654164752
0.00000168866 1.32936559060 3337.0893083508
0.00000157593 4.18519540728 1751.539531416
0.00000133686 2.23327245555 0.9803210682
0.00000116965 2.21414273762 1059.3819301892
0.00000117503 6.02411290806 6151.533888305
0.00000113718 5.42753341019 3738.761430108
0.00000133565 5.97420357518 1748.016413067
0.00000091099 1.09626613064 1349.8674096588
0.00000084256 5.29330740437 6684.7479717486
0.00000113886 2.12863726524 1194.4470102246
0.00000080823 4.42818326716 529.6909650946
0.00000079847 2.24822372859 8962.4553499102
0.00000072505 5.84203374239 242.728603974
0.00000072945 2.50193599662 951.7184062506
0.00000071490 3.85645759558 2914.0142358238
0.00000085340 3.90856932983 553.5694028424
0.00000067580 5.02334895070 382.8965322232
0.00000065060 1.01810963274 3340.5951730476
0.00000065061 3.04888114328 3340.629680352
0.00000061478 4.15185188249 3149.1641605882
0.00000048482 4.87339233007 213.299095438
0.00000046581 1.31461442691 3185.1920272656
0.00000056642 3.88772102421 4136.9104335162
0.00000047615 1.18228660215 3333.498879699
0.00000042052 5.30826745759 20043.6745601988
0.00000041330 0.71392238704 1592.5960136328
0.00000040280 2.72571311592 7.1135470008
0.00000033040 5.40823104809 6283.0758499914
0.00000028676 0.04305323493 9492.1463150048
0.00000022322 5.86718681699 3870.3033917944
0.00000022432 5.46596961275 20.3553193988
0.00000022606 0.83782540818 3097.88382272579
0.00000021416 5.37936489667 3340.545116397
0.00000023347 6.16774433900 3532.0606928114
0.00000026573 3.89000631130 1221.8485663214
0.00000022800 1.54501542908 2274.1169495098
0.00000020474 2.36236861670 1589.0728952838
0.00000020179 3.36390759347 5088.6288397668
0.00000020013 2.57546546037 12303.06777661
0.00000019920 0.44761063096 6677.7017350506
0.00000026550 5.11303525089 2700.7151403858
0.00000021104 3.52541056271 15.252471185
0.00000021424 4.97083417225 3340.6797370026
0.00000018502 5.57854926842 1990.745017041
0.00000017805 6.12513609945 4292.3308329504
0.00000016463 2.60307709195 3341.592747768
0.00000016592 1.25515357212 3894.1818295422
0.00000019864 2.52765519587 4399.994356889
0.00000015002 1.03518790208 2288.3440435114
0.00000020011 4.73112374598 4690.4798363586
0.00000015431 2.46932776517 4535.0594369244
0.00000020193 5.78561467842 7079.3738568078
0.00000015298 2.26504738206 3723.508958923
0.00000015019 3.36690751539 6681.2421070518
0.00000013219 5.61412860968 10025.3603984484
0.00000013517 2.12392880454 5486.777843175
0.00000015019 1.33613594479 6681.2075997474
0.00000012676 2.95036175206 3496.032826134
0.00000013644 1.97710249337 5614.7293762096
0.00000013011 1.51458564766 5628.9564702112
0.00000011353 6.23411904718 135.0650800354
0.00000013508 3.42721826602 5621.8429232104
0.00000010866 5.28165480979 2818.035008606
0.00000011880 3.12847055823 426.598190876
0.00000010467 2.73598607050 2787.0430238574
0.00000011131 5.84122566289 2803.8079146044
0.00000011770 2.58277425311 8432.7643848156
0.00000011861 5.47552055459 3553.9115221378
0.00000008540 1.91739325491 11773.3768115154
0.00000009819 4.52958330672 6489.776587288
0.00000008552 3.16147568714 162.4666361322
0.00000010957 4.15775327007 2388.8940204492
0.00000008948 4.23164385777 7477.522860216
0.00000008131 1.61308074119 2957.7158944766
0.00000008352 2.18475645206 23.8784377478
0.00000008030 5.69889507906 6041.3275670856
0.00000007878 5.71359767892 9623.6882766912
0.00000008713 4.43300582398 5092.1519581158
0.00000008421 3.16355067250 3347.7259737006
0.00000006670 5.07423317095 8031.0922630584
0.00000008656 4.33239148117 3339.6321056316
0.00000007354 6.17934256606 3583.3410306738
0.00000005749 3.67719823582 8429.2412664666
0.00000006235 3.54003325209 692.1576012268
0.00000005458 1.05139431657 4933.2084403326
0.00000006132 1.66182646558 6525.8044539654
0.00000005197 1.14841109166 28.4491874678
0.00000004950 5.28919125231 6681.2921637024
0.00000005516 6.12492946392 2487.4160449478
0.00000004890 3.10255139433 5.5229243074
0.00000005354 0.37154896863 12832.7587417046
0.00000004751 0.23374681550 36.0278666774
0.00000006362 2.11339432269 5884.9268465832
0.00000004996 2.44835744792 5099.2655051166
0.00000004952 5.69770765577 6681.1575430968
0.00000004678 0.27799012787 10018.3141617504
0.00000004746 0.00950199989 7210.9158184942
0.00000004862 5.60331599025 6467.9257579616
0.00000005544 2.00929051393 522.5774180938
0.00000004998 1.51094959078 1744.4259844152
0.00000005397 0.18842154970 2942.4634232916
0.00000004098 3.95776844736 3.881335358
0.00000005414 5.66147396313 23384.2869868986
0.00000005467 0.19258681316 7632.9432596502
0.00000004305 2.89452294830 2810.9214616052
0.00000004118 1.59475420886 7234.794256242
0.00000004489 4.16951490492 2906.900688823
0.00000005277 2.22681020305 3127.3133312618
0.00000003882 2.26433789475 2699.7348193176
0.00000003544 1.76658498504 1758.6530784168
0.00000003408 2.65743533541 4929.6853219836
0.00000004336 4.43081904792 640.8776073822
0.00000003804 2.91373968131 15643.6802033098
0.00000003176 1.75893480952 9595.2390892234
0.00000003309 6.13831291678 10419.9862835076
0.00000003077 2.56194751001 7064.1213856228
0.00000003236 2.32387839882 5085.038411115
0.00000003284 2.86216479710 7740.6067835888
0.00000002958 1.27767445188 574.3447983348
0.00000002805 0.43144651568 5828.0284716476
0.00000002851 0.98625869565 3191.0492295652
0.00000003324 2.59010987850 2118.7638603784
0.00000003039 1.86739127757 7.046236698
0.00000002738 1.76460911547 639.897286314
0.00000002757 3.70511041849 10021.8545337516
0.00000003376 1.53123149565 6674.1113063988
0.00000002757 1.67433972403 10021.8200264472
0.00000002670 3.11556212899 6836.6452528338
0.00000002583 3.77302627584 2921.1277828246
0.00000002510 0.30461555756 3475.6775067352
0.00000002288 2.81266012379 7875.6718636242
0.00000002411 0.97123911611 3319.8370312074
0.00000002410 2.95969382172 6682.2051744678
0.00000002211 0.61268074323 10973.55568635
0.00000002246 4.12573972297 59.3738619136
0.00000002183 2.17530786579 15113.9892382152
0.00000002445 5.91435376684 5331.3574437408
0.00000001944 5.47623245699 11371.7046897582
0.00000002390 3.87952069289 3355.8648978848
0.00000001904 5.11178589044 1066.49547719
0.00000002302 1.15940039520 3320.257107301
0.00000001955 5.88703346758 6894.5239488376
0.00000001837 3.07635198966 3325.3599555148
0.00000002131 2.99610007510 6254.6266625236
0.00000001807 4.98332871905 1648.4467571974
0.00000002133 1.91321292871 8969.568896911
0.00000001936 3.55090266368 3767.2106175758
0.00000001989 5.37314833955 206.1855484372
0.00000001674 5.49537183178 266.6070417218
0.00000001732 1.81246269542 536.8045120954
0.00000001645 1.32190162152 3264.3463554242
0.00000001715 3.25682611470 7903.073419721
0.00000001560 5.75414697537 3360.96774609859
0.00000001581 1.72981711161 3134.4268782626
0.00000001498 4.89621878281 9830.3890139878
0.00000001549 5.85472144829 20.7753954924
0.00000001685 2.43562432843 3120.199784261
0.00000001548 1.54152974975 8425.6508378148
0.00000002012 5.94532644656 13365.9728251482
0.00000001972 3.11534406510 3361.3878221922
0.00000001391 2.24268252285 3344.2028553516
0.00000001369 3.07997599503 6127.6554505572
0.00000001365 4.57979419810 10818.1352869158
0.00000001361 1.18605362322 14584.2982731206
0.00000001376 5.49004047305 170.6728706192
0.00000001739 2.01930737454 10575.4066829418
0.00000001699 5.63673097080 6158.6474353058
0.00000001291 5.91024520902 9808.5381846614
0.00000001399 1.81907706393 3337.021998048
0.00000001413 4.50285394080 5729.506447149
0.00000001481 6.04716796278 12964.300703391
0.00000001218 0.82624604661 419.4846438752
0.00000001406 1.05089075450 6438.4962494256
0.00000001190 3.52559223977 6688.3384004004
0.00000001263 1.48624507606 8439.8779318164
0.00000001145 4.89771219093 220.4126424388
0.00000001131 6.19294401266 6144.4203413042
0.00000001156 2.23033209084 8955.3418029094
0.00000001128 3.44445874016 10177.2576795336
0.00000001144 5.29922202930 27.4015560968
0.00000001098 2.82106200873 4569.574540022
0.00000001271 4.58458799479 6247.5131155228
0.00000001352 2.14065534125 11243.6858464208
0.00000001297 0.44389550166 87.30820453981
0.00000001118 1.96366629239 6298.3283211764
0.00000001065 2.89853673240 10404.7338123226
0.00000001027 4.79279924388 3914.9572250346
0.00000001034 3.73200738994 10213.285546211
0.00000001152 4.14340380812 6261.7402095244
0.00000000993 0.22568223151 3230.4061054804
0.00000001305 3.67646278246 2301.58581590939
0.00000001138 5.11767079744 4562.4609930212
0.00000000922 0.46241803393 13358.9265884502
0.00000001275 5.14327521504 2693.601593385
0.00000000912 1.23133665160 103.0927742186
0.00000000953 1.52860938585 3369.0616141676
0.00000001009 3.29653387473 3178.1457905676
0.00000000893 1.35062914664 1214.7350193206
0.00000000918 2.45577302887 13916.0191096416
0.00000000969 1.69080418858 43.718912305
0.00000000896 5.62906563965 10021.9045904022
0.00000000853 5.94370893753 12168.0026965746
0.00000000931 0.24120697444 6923.9534573736
0.00000000912 1.10368236991 29.429508536
0.00000000816 4.65205672982 2707.8286873866
0.00000000801 4.81849322003 533.2140834436
0.00000000764 6.08667124637 2384.3232707292
0.00000000753 1.03238937619 14314.1681130498
0.00000000757 2.06149804917 12935.8515159232
0.00000000924 0.69558587744 16173.3711684044
0.00000000786 3.91108639997 9225.539273283
0.00000000697 4.07135509749 5202.3582793352
0.00000000894 6.03747462616 10021.7699697966
0.00000000814 2.01020002407 9866.4168806652
0.00000000871 4.45409720021 3316.733988952
0.00000000694 6.01416161518 26724.8994135984
0.00000000744 1.39400789085 8273.8208670324
0.00000000666 3.02544526662 1039.0266107904
0.00000000727 3.27505135694 18984.2926300096
0.00000000654 2.83655009806 107.6635239386
0.00000000680 1.98065653254 1228.9621133222
0.00000000829 0.36839516637 10551.528245194
0.00000000585 0.10314990118 111.1866422876
0.00000000566 1.59185176054 2391.43681773
0.00000000555 2.70920251256 4555.3474460204
0.00000000696 2.89495274268 2648.454825473
0.00000000532 5.65094737994 6034.2140200848
0.00000000557 5.08729863960 1903.4368125012
0.00000000570 4.59896697040 6680.2445323314
0.00000000519 0.20293365239 13760.5987102074
0.00000000697 3.87262209056 13517.8701062334
0.00000000506 3.20689286673 11081.2192102886
0.00000000518 2.85627321259 5459.3762870782
0.00000000642 5.19540766185 6048.4411140864
0.00000000490 2.42075152031 3364.4908644476
0.00000000671 3.69379654960 3335.0895023924
0.00000000526 0.23465052151 51.28033786241
0.00000000483 1.56485227643 1964.838626854
0.00000000496 4.31353927165 3344.4937620578
0.00000000491 2.51033279488 3863.1898447936
0.00000000480 0.13049600948 66.4874089144
0.00000000466 2.03124918036 13362.432453147
0.00000000515 0.65638901827 853.196381752
0.00000000469 4.06128608413 13362.4669604514
0.00000000527 2.98225968203 8270.2977486834
0.00000000521 2.76200215969 3503.079062832
0.00000000444 5.59711849258 149.5631971346
0.00000000533 4.77159034151 1118.7557921028
0.00000000472 3.43923570864 6702.000248892
0.00000000438 4.83084543348 3116.2676309979
0.00000000548 2.01123370738 7910.1869667218
0.00000000556 5.67119913446 227.476132789
0.00000000431 4.30019479176 16858.4825329332
0.00000000419 2.79762011157 433.7117378768
0.00000000401 0.05451452688 3304.5845600224
0.00000000412 5.30912686850 13119.72110282519
0.00000000425 5.70380839964 21.8508293264
0.00000000533 1.30269896597 6660.4494579072
0.00000000388 2.06108898302 3347.6586633978
0.00000000384 4.98893020891 9779.1086761254
0.00000000457 2.53527558609 74.7815985673
0.00000000380 2.30167509056 12310.1813236108
0.00000000514 5.84621491771 1052.2683831884
0.00000000462 5.12519318874 1596.1864422846
0.00000000415 4.75348299971 3981.490034082
0.00000000364 3.73442995257 5518.7501489918
0.00000000363 0.13266829080 56.8983749356
0.00000000390 1.46647444308 17924.9106998204
0.00000000361 5.86612779191 3607.2194684216
0.00000000487 0.65743461993 3376.6402933772
0.00000000351 2.12025274391 6677.6344247478
0.00000000353 2.90104988988 17256.6315363414
0.00000000388 2.23321423606 3980.5097130138
0.00000000398 1.78984684395 7895.9598727202
0.00000000442 0.18839686258 9381.9399937854
0.00000000433 0.64407497214 6816.289933435
0.00000000337 6.13758619135 5724.935697429
0.00000000334 4.08486685558 664.75604513
0.00000000342 5.95706448244 3546.797975137
0.00000000323 5.05251614034 3237.5196524812
0.00000000428 2.50147052863 18454.601664915
0.00000000324 2.91824505937 8329.671610597
0.00000000324 5.04026639944 36.6053653042
0.00000000354 0.00835534987 8671.9698704406
0.00000000312 6.23345945902 10235.1363755374
0.00000000313 4.22789830697 6696.4773245846
0.00000000318 2.57296798825 6684.8152820514
0.00000000292 3.86555731990 7107.8230442756
0.00000000291 0.56944609230 17395.2197347258
0.00000000337 5.13820375946 7255.5696517344
0.00000000302 0.01244709750 16706.585251848
0.00000000321 3.15062035676 11216.284290324
0.00000000282 2.94441896021 3415.3940252671
0.00000000284 2.67994400271 3877.4169387952
0.00000000284 4.30043162266 6872.6731195112
0.00000000294 0.79614923862 11236.57229942
0.00000000283 6.16331963812 3973.396166013
0.00000000271 1.75726306886 11780.4903585162
0.00000000277 1.66035763583 1692.1656695024
0.00000000347 3.31414555314 10022.8176011676
0.00000000266 4.42395281214 310.8407988684
0.00000000275 2.22690392814 3017.1070100424
0.00000000271 3.58728506623 128.0188433374
0.00000000297 0.72303002154 155.3530891314
0.00000000336 0.16930486161 5618.3198048614
0.00000000337 5.68300242250 16460.33352952499
0.00000000291 1.50442579957 6660.8695340008
0.00000000259 5.95159516658 9499.2598620056
0.00000000335 3.36336210503 5625.3660415594
0.00000000254 0.39614279218 12721.572099417
0.00000000288 5.47663257768 9168.6408983474
0.00000000307 2.33271870436 3281.2385647862
0.00000000239 3.70517047494 7373.3824546264
0.00000000321 4.53899078143 2178.137722292
0.00000000261 2.58831740384 3336.7310913418
0.00000000236 6.23036203287 15508.6151232744
0.00000000279 0.14319124816 16304.9131300908
0.00000000236 0.79175835640 16062.1845261168
0.00000000258 6.10999116266 2480.302497947
0.00000000243 5.45663643819 4407.1079038898
0.00000000231 5.38613602278 76.2660712756
0.00000000233 6.15567163053 19800.9459562248
0.00000000303 5.35509551879 2766.267628365
0.00000000233 5.25492090129 13171.0014406876
0.00000000219 5.84025523264 13936.794505134
0.00000000223 1.46266096304 15110.4661198662
0.00000000226 2.27377580587 6784.3176276182
0.00000000247 2.27156183441 110.2063212194
0.00000000213 0.21404637687 1505.28780909299
0.00000000265 5.18121091844 3205.5473466644
0.00000000209 6.21251768752 3253.30422216
0.00000000272 2.89521727496 10713.9948813262
0.00000000231 3.72569036661 3346.1353510072
0.00000000238 4.55410082039 9602.3526362242
0.00000000272 0.00364811322 9380.9596727172
0.00000000224 3.08775924389 401.6721217572
0.00000000201 3.36695295492 6.6836638741
0.00000000263 1.39193044768 14054.607308026
0.00000000206 6.19734429375 13149.1506113612
0.00000000232 5.50578916585 10596.1820784342
0.00000000198 3.32452831163 3657.0042963564
0.00000000195 0.99412287440 5642.1982426092
0.00000000211 2.85375232515 5415.6573747732
0.00000000193 4.26912883997 6546.1597733642
0.00000000226 5.32794817315 3561.0250691386
0.00000000199 4.59761896582 12566.1516999828
0.00000000198 1.12349271227 685.044054226
0.00000000221 0.64659560722 11250.7993934216
0.00000000184 1.10571356803 12722.5524204852
0.00000000253 2.11492151988 6475.0393049624
0.00000000225 4.49528012077 589.0648270082
0.00000000190 1.45410333749 4885.9664096786
0.00000000181 1.29030762994 6606.4432548323
0.00000000177 2.86991818914 6460.8122109608
0.00000000184 5.69456453371 3351.2490920496
0.00000000204 6.20934241396 394.6258850592
0.00000000176 2.43571632942 3603.6963500726
0.00000000225 0.81972180876 3265.8308281325
0.00000000175 4.65571344916 20199.094959633
0.00000000174 3.67069603032 735.8765135318
0.00000000173 1.93062911477 11766.2632645146
0.00000000184 4.77203925989 286.9623611206
0.00000000168 5.10734096993 1332.0548875408
0.00000000166 1.59679231445 1437.1756141986
0.00000000174 6.26980383875 17277.4069318338
0.00000000191 0.60250751218 56.8032621698
0.00000000169 1.38625780562 8982.810669309
0.00000000161 0.43339852368 5820.9149246468
0.00000000210 3.10717635656 4039.8835749274
0.00000000187 4.52578270109 8542.970706035
0.00000000155 1.41249963094 22.7684966094
0.00000000207 3.41041134401 931.3630868518
0.00000000158 0.58219487339 158.9435177832
0.00000000153 5.14168081601 156.4007205024
0.00000000151 1.93803423293 3384.3313390048
0.00000000180 3.25442053419 263.0839233728
0.00000000158 3.64357924476 8013.2797409404
0.00000000162 4.89316364970 14158.7477136156
0.00000000174 2.72388906334 2807.3983432562
0.00000000150 3.87897267873 10028.9508271002
0.00000000186 1.15738945572 3169.9395560806
0.00000000148 4.90520004562 9588.1255422226
0.00000000167 4.39427844033 3333.5661900018
0.00000000193 5.73713102378 206.7007372966
0.00000000165 1.93680960064 5732.0492444298
0.00000000186 1.22089903563 19402.7969528166
0.00000000146 3.36648330663 6665.9723822146
0.00000000142 4.04273809081 13553.8979729108
0.00000000140 4.81861092474 9070.1188738488
0.00000000145 0.73128989010 16699.53901514999
0.00000000138 5.73205642078 2277.7073781616
0.00000000161 2.92764155222 5.8572022996
0.00000000169 2.41111037995 16276.463942623
0.00000000152 3.41680582541 9468.267877257
0.00000000179 5.27310548931 3873.8265101434
0.00000000135 2.58996373843 19004.6479494084
0.00000000182 4.60114226427 3329.97576135
0.00000000144 3.02314051168 708.98980227659
0.00000000137 2.20453530733 15664.03552270859
0.00000000131 3.48156082643 367.2243289624
0.00000000131 2.00232689987 10014.7237330986
0.00000000136 2.82958453689 21795.21409161479
0.00000000145 0.85073795840 20735.83216142559
0.00000000158 1.48909254724 29.4918183034
0.00000000154 6.13080655647 6701.5801727984
0.00000000127 1.78210744074 22743.4093795164
0.00000000135 0.48019080933 17085.9586657222
0.00000000160 4.24420830253 4672.6673142406
0.00000000165 2.02795177586 290.4854794696
0.00000000125 0.52718806317 2604.735913168
0.00000000126 3.81076672136 765.7930644464
0.00000000151 6.21793740910 6040.3472460174
0.00000000152 0.26011322033 3443.7052009184
0.00000000116 1.79531662513 647.0108333148
0.00000000150 3.38665233039 1861.7458526354
0.00000000117 5.77698467349 1854.6323056346
0.00000000151 1.57283975707 1107.1388056848
0.00000000126 2.00332867825 699.2711482276
0.00000000115 2.46396002289 7380.4960016272
0.00000000118 4.07281676691 418.504322807
0.00000000157 0.85719532138 2814.4445799542
0.00000000131 0.77898483290 3427.9206312396
0.00000000155 1.76656404152 21265.5231265202
0.00000000143 2.39402347563 5244.049239201
0.00000000119 4.81260561532 6657.3464156518
0.00000000109 1.09172723256 14577.1847261198
0.00000000111 1.07296455077 19513.9835951042
0.00000000146 1.88093561859 6709.6740408674
0.00000000119 3.19461525393 2409.249339848
0.00000000140 4.47370193096 3326.3853326982
0.00000000110 0.56397435615 661.232926781
0.00000000151 1.80007988242 12323.4230960088
0.00000000111 4.05380946072 568.8218740274
0.00000000145 3.19579249832 12295.9542296092
0.00000000106 5.69308130144 14.2270940016
0.00000000109 0.08987794346 13362.3823964964
0.00000000104 0.59705862733 10264.5658840734
0.00000000108 0.75325958553 13892.1406718938
0.00000000105 0.76776300263 3024.2205570432
0.00000000104 2.77572446625 38.1330356378
0.00000000134 5.88513782564 5835.1420186484
0.00000000104 6.02722901204 8827.3902698748
0.00000000117 0.45962302033 9485.032768004
0.00000000116 2.37241500836 11769.8536931664
0.00000000103 4.09779389857 6675.7019290922
0.00000000100 3.59422313940 22324.9050567094
0.00000000100 2.78600587468 8584.6616659008
0.00000000098 1.44873204724 3370.0419352358
0.00000000131 1.31335473392 3313.210870603
0.00000000111 3.12463539337 309.2783226558
0.00000000125 1.59601169758 16063.164847185
0.00000000106 3.31839457231 3399.9862886134
0.00000000134 2.91637947295 57.8786960038
0.00000000126 3.59123240877 6518.7582172674
0.00000000107 4.92626332372 802.3639224462
0.00000000094 3.42567049862 3510.1926098328
0.00000000093 0.08710545839 30065.5118402982
0.00000000095 4.48318184985 21947.11137270
0.00000000100 0.94442247285 3209.0704650134
0.00000000092 2.37657622081 11140.5930722022
0.00000000102 0.43593025607 956.2891559706
0.00000000113 3.77204238785 4989.0591838972
0.00000000091 1.83925462893 2221.856634597
0.00000000118 3.04735119564 22345.2603761082
0.00000000125 1.54875495543 1435.1476617594
0.00000000092 3.21938096550 11670.2840372968
0.00000000103 0.11157075549 11.0457002639
0.00000000089 1.89954430876 15121.102785216
0.00000000118 0.29325451400 2945.9865416406
0.00000000109 1.23224539875 10706.8813343254
0.00000000090 4.06237471202 18606.4989460002
0.00000000086 3.71580666913 8859.3625756916
0.00000000087 3.39266299009 6843.6914895318
0.00000000116 4.67476277278 272.6729573516
0.00000000086 4.99543708984 2494.5295919486
0.00000000114 3.37332197024 2938.9403049426
0.00000000085 5.55531696679 3368.0139827966
0.00000000103 1.37911448870 4032.7700279266
0.00000000092 2.92389765785 2067.9314010726
0.00000000093 0.34335553468 13517.8027959306
0.00000000104 0.33551732210 23546.7536230308
0.00000000085 5.73127362522 3340.19235060619
0.00000000095 1.14586741202 10721.108428327
0.00000000086 3.17511720396 11925.2740926006
0.00000000101 3.09349019068 5989.0672521728
0.00000000084 2.30320956174 13207.029307365
0.00000000086 5.87459621301 73.6009559152
0.00000000097 2.04984064598 8226.5788363784
0.00000000084 0.78729386249 146.8116865236
0.00000000085 0.06405464192 24889.5747959916
0.00000000082 4.29548487571 9374.8264467846
0.00000000090 0.50928046454 3274.1250177854
0.00000000083 5.16862755373 6578.132079181
0.00000000082 0.45318265916 16702.9948231962
0.00000000085 3.76125083061 4845.9002357928
0.00000000088 2.39227137305 1062.9050485382
0.00000000104 4.99513842450 1581.959348283
0.00000000081 5.89798943131 16858.41522263039
0.00000000082 0.44163602941 4782.87363546
0.00000000106 2.50029020488 5401.4302807716
0.00000000086 3.61631911304 8965.9784682592
0.00000000087 5.68212398189 1883.0814931024
0.00000000095 5.35237938692 4996.172730898
0.00000000079 2.01092788145 1329.51209026
0.00000000078 0.88224980818 2171.0241752912
0.00000000105 2.37775757409 9638.9407478762
0.00000000089 5.33260517891 2125.8774073792
0.00000000076 5.20798256417 9872.2740829648
0.00000000083 0.03796627991 16703.1294438018
0.00000000075 6.26330392154 27682.1407441564
0.00000000090 4.84737761448 14071.43950907579
0.00000000094 4.89545753204 9389.0535407862
0.00000000077 0.03584521510 20206.141196331
0.00000000095 5.93429183368 13362.517017102
0.00000000081 1.00694559686 16865.5287696312
0.00000000077 4.12929175062 4005.3684718298
0.00000000082 1.47379060963 16.83220104979
0.00000000073 4.59130182630 362.1211367308
0.00000000074 3.60955612323 25685.872802808
0.00000000084 2.71424539413 19617.07636932279
0.00000000072 0.01101776823 3568.0885594888
0.00000000071 1.71603072644 2060.8178540718
0.00000000072 1.89061725205 18451.07854656599
0.00000000071 3.22816907346 3472.1543883862
0.00000000076 0.30413402871 72.0557333548
0.00000000070 3.17652165983 3448.2759506384
0.00000000077 3.14666622167 39601.8919124496
0.00000000071 0.33254450188 23141.5583829246
0.00000000074 0.10153043438 17402.3332817266
0.00000000090 0.67485041721 949.1756089698
0.00000000096 1.02302727880 4106.4054911462
0.00000000095 5.15356240747 1.4844727083
0.00000000067 1.00856695957 17232.7530985936
0.00000000068 1.78474324075 224.3447957019
0.00000000077 0.15786375115 16066.0658614748
0.00000000066 1.10881345668 4459.3682188026
0.00000000067 2.14790314493 6357.7194367422
0.00000000090 4.95003467215 25287.7237993998
0.00000000064 6.11245648995 3362.4632560262
0.00000000077 5.57405321128 16872.642316632
0.00000000086 5.95683236658 37057.5774925662
0.00000000066 4.52950779766 37455.7264959744
0.00000000063 0.23107890951 7314.0085927128
0.00000000062 0.01491667995 41427.4869831788
0.00000000062 1.40819002140 22854.596021804
0.00000000063 0.89352294357 14591.4118201214
0.00000000061 4.89984611912 14867.73751589219
0.00000000064 0.16730566121 14047.4937610252
0.00000000061 1.82636377879 3077.528503327
0.00000000063 5.51152998906 13212.8865096646
0.00000000062 4.90444445022 12082.6551341712
0.00000000066 3.88662460547 45494.58142974879
0.00000000068 4.45499690607 9175.7544453482
0.00000000082 3.65822046905 15265.8865193004
0.00000000060 2.78933980763 20809.4676246452
0.00000000061 6.15977712775 12509.2533250472
0.00000000068 5.59792852411 377.3736079158
0.00000000069 3.36380060407 11610.9101753832
0.00000000082 1.06617356055 24076.4445881254
0.00000000060 5.92063607531 21548.9623692918
0.00000000062 5.57785540179 7214.4389368432
0.00000000058 3.37236634010 4379.6390374902
0.00000000078 4.18565643954 8186.5126624926
0.00000000059 1.29208473566 1214.8023296234
0.00000000061 3.57279066469 14421.8316369884
0.00000000058 1.69306371945 632.7837393132
0.00000000058 2.64427715516 10124.930054318
0.00000000058 1.20882508221 17932.0242468212
0.00000000072 3.39739853142 685.1113645288
0.00000000058 0.09532796666 15849.865751747
0.00000000057 2.16099709156 7366.2689076256
0.00000000057 4.31819630987 95.9792272178
0.00000000072 2.28455924531 9072.6616711296
0.00000000058 5.63540437140 8535.8571590342
0.00000000078 1.52916624615 40000.04091585779
0.00000000062 4.14045391856 604.8497407048
0.00000000056 0.36387670928 20047.1976785478
0.00000000056 3.66119573845 12199.9750023914
0.00000000062 3.59357123692 10184.3039162316
0.00000000059 5.91890694566 6901.6374958384
0.00000000058 2.64199428538 15650.7937503106
0.00000000075 0.74459766103 8742.0427074714
0.00000000056 3.45704487970 38805.59390563319
0.00000000058 2.52293214253 9815.6517316622
0.00000000069 6.00335080872 6531.661656265
0.00000000060 5.17254836751 12410.7313005486
0.00000000057 0.16619208391 40398.189919266
0.00000000059 2.26838742711 10050.2864675672
0.00000000064 0.57865576666 17101.2111369072
0.00000000066 6.21390160216 6947.8318951214
0.00000000066 2.37798108787 16703.0448798468
0.00000000060 2.63886719940 12979.553174576
0.00000000055 3.68795284246 21393.5419698576
0.00000000057 5.04754187725 4140.4335518652
0.00000000056 5.01714749908 485.9720527896
0.00000000065 1.51615820934 5511.636601991
0.00000000053 2.87682182133 7203.8022714934
0.00000000054 5.51196184505 44.6538332402
0.00000000060 0.05566921393 14061.7208550268
0.00000000074 3.09019916148 4025.6564809258
0.00000000053 1.21861820918 4193.8088084518
0.00000000053 0.36617711595 6571.0185321802
0.00000000056 0.31114481144 13532.0298899322
0.00000000073 4.66466848719 6685.1061887576
0.00000000069 3.37092084432 41.5507909848
0.00000000059 0.21062650044 10042.1925994982
0.00000000063 4.79535338902 11883.5831327348
0.00000000059 6.14382672737 8958.9322315612
0.00000000054 3.29479602829 6756.0064519669
0.00000000053 6.10868413472 1612.9513330316
0.00000000052 1.96782086064 1083.260367937
0.00000000057 2.10329690885 27832.0382192832
0.00000000068 3.32674804341 42942.50433914939
0.00000000071 6.10818428959 6691.8615187494
0.00000000051 1.61052181458 3029.7716278314
0.00000000052 4.21598878412 3651.4532255682
0.00000000050 3.75658895780 10042.6126755918
0.00000000066 4.40947505590 16703.07938715119
0.00000000059 0.39936411804 6286.5989683404
0.00000000059 5.94433755684 625.6701923124
0.00000000064 3.75824458984 12808.8803039568
0.00000000054 5.28005670295 28628.3362260996
0.00000000055 1.56969289868 6510.5519827804
0.00000000069 4.72581931789 2011.1003364398
0.00000000068 2.65372686040 816.6533262152
0.00000000051 5.11023233159 9161.5273513466
0.00000000069 5.05705760339 3342.0968994081
0.00000000062 0.99909328902 151.8972810852
0.00000000053 2.77399864915 6705.1032911474
0.00000000049 5.16996015474 4447.7512323846
0.00000000048 1.30926541331 6549.6828917132
0.00000000066 4.17738409918 10020.8569590312
0.00000000049 4.86456754827 12942.965062924
0.00000000051 0.55899924741 1481.4093713452
0.00000000053 1.58015179319 10001.061884607
0.00000000049 3.39901522617 8756.269801473
0.00000000048 0.68184984908 688.6344828778
0.00000000047 5.37677881629 23017.0626579362
0.00000000048 3.21020023226 8799.988713778
0.00000000055 0.66677211662 3318.7615973734
0.00000000051 5.74626065807 1015.6630178842
0.00000000047 5.14609845058 9997.9588423516
0.00000000050 3.20917726298 18052.9295431578
0.00000000047 0.74215475102 422.027441156
0.00000000047 3.04095823655 5408.5438277724
0.00000000046 2.71758135355 10824.2012025456
0.00000000050 1.03543551128 10156.9023601348
0.00000000050 0.61655594931 270.1301600708
0.00000000051 2.90067614488 7799.9806455024
0.00000000052 5.31852836645 21000.9158907568
0.00000000051 1.35064191100 3760.097070575
0.00000000045 0.31849208255 14469.588512484
0.00000000050 1.65024254407 4356.275444584
0.00000000045 5.58923636699 4936.7988689844
0.00000000047 1.79752124051 13524.9163429314
0.00000000058 1.10099067701 21150.8133658836
0.00000000052 2.49167635685 17468.8551979454
0.00000000045 4.38265710724 625.6251361972
0.00000000046 2.28559740262 6724.9437657046
0.00000000045 4.61645404010 29.8820436102
0.00000000044 4.94032142325 6414.6178116778
0.00000000055 0.07919297482 6604.958782124
0.00000000043 5.65628778837 16342.9513515374
0.00000000043 4.92008276380 11527.1250891924
0.00000000043 3.30986033214 3468.6312700372
0.00000000053 5.43299582587 9065.5481241288
0.00000000046 1.03226923951 6717.252720077
0.00000000049 5.80384883795 26357.675084636
0.00000000044 0.42903574980 19645.5255567906
0.00000000045 3.87298872071 9859.3706439672
0.00000000043 6.05242607837 382.879278571
0.00000000045 0.40077432891 4133.3873151672
0.00000000050 2.59711133278 6621.850991486
0.00000000055 3.37488322634 4271.9755135516
0.00000000044 5.17169605979 1375.7737998458
0.00000000047 5.87192135999 3490.1756238344
0.00000000041 0.46061458225 12012.5822971404
0.00000000042 4.91358277243 45088.6697556246
0.00000000044 5.44858386338 39048.3225096072
0.00000000056 0.32998671067 16489.763038061
0.00000000042 3.68136039137 13363.4300278674
0.00000000041 4.18351878948 239.205485625
0.00000000043 4.97675015615 6670.5881880498
0.00000000041 0.16747184847 29181.905628942
0.00000000055 4.41207846373 14712.317116458
0.00000000043 1.28825253886 6643.0918177618
0.00000000047 4.72697589436 6666.997759398
0.00000000041 1.62359144351 24491.4257925834
0.00000000041 0.08345338645 12839.8722887054
0.00000000043 3.96439822837 7696.8878712838
0.00000000044 0.86899972844 17388.10618772499
0.00000000040 3.10894579374 34554.8138636676
0.00000000056 5.61583520495 16511.6138673874
0.00000000052 3.11577112744 1162.4747044078
0.00000000055 5.48941084697 18208.349942592
0.00000000050 1.65058020951 11614.4332937322
0.00000000039 4.21787836291 4186.695261451
0.00000000039 2.66514604756 7218.029365495
0.00000000046 0.66730374401 3113.1362939108
0.00000000039 0.15854793246 48300.16010269
0.00000000041 5.70248947899 6106.8800550648
0.00000000040 4.05255896019 19406.6782881746
0.00000000040 4.77396367544 42544.3553357412
0.00000000053 3.15301214737 183.869586902
0.00000000039 0.51075209632 17810.2009391838
0.00000000039 1.62656815590 9947.0556815321
0.00000000040 5.62692686678 26880.3198130326
0.00000000038 4.59191939331 10037.0897512844
0.00000000038 3.66575761860 6997.6167230562
0.00000000045 6.15994065455 3289.33208883739
0.00000000041 2.77511547733 16328.72425753579
0.00000000038 1.43009196037 10787.6303445458
0.00000000044 3.57766817797 14556.8967170238
0.00000000042 2.92470448863 4025.7237912286
0.00000000036 5.66533524812 3511.285297319
0.00000000046 5.30655793995 17499.3601403154
0.00000000045 4.15997441733 36.995590611
0.00000000037 3.97235274323 7.762670716
0.00000000042 2.12026198801 14128.2427712456
0.00000000036 2.75306774319 3450.8187479192
0.00000000039 1.63389094852 1545.3539829788
0.00000000042 5.03809379637 31968.9486527994
0.00000000037 1.41975087808 7447.017917846
0.00000000039 5.00412653703 2540.7913015344
0.00000000043 4.22348706116 13369.56325380
0.00000000036 0.53048140495 176.6937301338
0.00000000035 2.25519417749 19669.33668423559
0.00000000041 0.69504492745 3495.9655158312
0.00000000036 5.24607321878 2679.3794999188
0.00000000038 3.14212980126 30220.9322397324
0.00000000037 5.40231426955 3152.68727893721
0.00000000036 1.04457226935 20426.571092422
0.00000000035 0.32478189872 3499.555944483
0.00000000048 2.09368659974 32920.66705904999
0.00000000036 2.63906375223 8948.2282559086
0.00000000036 5.56218018463 7788.3636590844
0.00000000041 0.34392346712 13575.7488022372
0.00000000035 5.11595749110 7322.1024607818
0.00000000035 5.54490491000 9945.5712088238
0.00000000041 2.83917412143 3347.2960905739
0.00000000041 4.06132121378 3929.677253708
0.00000000043 4.03006170081 38086.874556479
0.00000000035 3.14536502087 24150.080051345
0.00000000036 3.31106643723 9329.6796788726
0.00000000035 4.64515512748 9886.772200064
0.00000000044 1.03765557298 20040.15144184979
0.00000000046 0.52431064900 28230.18722269139
0.00000000044 4.61169478741 3341.0325027934
0.00000000034 2.95014695560 6652.7756659318
0.00000000033 2.51023857323 2675.8563815698
0.00000000033 3.62122540203 6674.1786167016
0.00000000033 3.87873599689 25665.5174834092
0.00000000035 0.31892534784 6645.1969867222
0.00000000039 0.38844155951 18849.2275499742
0.00000000031 3.42450440874 4403.517475238
0.00000000032 1.28727861900 9495.6694333538
0.00000000037 2.68901627056 7321.1221397136
0.00000000030 3.11091269619 9993.3880926316
0.00000000032 3.56378902470 6148.010769956
0.00000000032 4.23069713034 10448.4354709754
0.00000000038 4.21359344480 3312.163239232
0.00000000036 0.26736453929 36659.428489158
0.00000000031 1.91001170906 31172.650645983
0.00000000030 1.79692038909 10001.48196070061
0.00000000037 5.48379757539 3311.18291816379
0.00000000038 2.88322299393 10025.4277087512
0.00000000035 5.38142679524 3185.2593375684
0.00000000031 0.35494900654 10177.1903692308
0.00000000029 1.34098342476 29822.7832363242
0.00000000030 1.39448996174 4825.544916394
0.00000000031 2.46180759992 10018.2468514476
0.00000000032 0.41003961929 3451.7990689874
0.00000000028 4.68714611901 2111.6503133776
0.00000000029 3.94252949224 23958.6317852334
0.00000000028 3.38078853114 32124.36905223359
0.00000000031 3.18465833136 3341.0423098265
0.00000000029 2.25225231358 26084.0218062162
0.00000000033 3.49105794187 3774.3241645766
0.00000000033 1.71768192600 34911.412076091
0.00000000037 5.42512626922 31022.7531708562
0.00000000027 0.98751632143 16335.8378045366
0.00000000027 5.29268187817 29698.2875113358
0.00000000030 5.45398309970 8646.0634802536
0.00000000029 0.21596596499 20213.25474333179
0.00000000027 2.67440637509 16547.6417340648
0.00000000027 2.31773999101 6688.2710900976
0.00000000026 2.05025380662 5562.4690612968
0.00000000026 3.28284041047 2075.0449480734
0.00000000026 5.00342153930 48429.2821823244
0.00000000026 3.79854522408 12306.590894959
0.00000000026 1.89599447067 13341.6743113068
0.00000000035 1.72244330701 24606.13555322
0.00000000026 4.44769438876 10016.314355792
0.00000000027 0.93597359176 13605.1783107732
0.00000000026 5.00365698783 13355.3361597984
0.00000000031 6.27193804892 1485.9801210652
0.00000000035 0.76911517486 6155.057006654
0.00000000027 1.27122182637 6364.832983743
0.00000000026 5.55897683200 20597.2439630412
0.00000000025 6.22235600230 5223.6939198022
0.00000000034 3.38467726966 2284.7536148596
0.00000000031 0.88233421548 3340.1825435731
0.00000000025 0.83746118261 12725.453434775
0.00000000027 5.67024059955 1478.8665740644
0.00000000027 0.42473501075 33406.124266998
0.00000000026 2.15914082099 3987.6232600146
0.00000000025 2.91073064727 3212.5935833624
0.00000000027 4.12996350734 13383.2251022916
0.00000000027 6.05316799952 13286.1836355236
0.00000000027 5.81931319013 24341.5283174566
0.00000000029 4.41519700273 16894.5103996106
0.00000000024 0.20360604382 3229.4257844122
0.00000000024 2.10152754634 14955.045720432
0.00000000031 5.90226054729 11128.9760857842
0.00000000023 3.37817298437 6850.8050365326
0.00000000031 0.35678160238 31570.7996493912
0.00000000023 2.38961518808 23024.176204937
0.00000000029 3.03470840975 22747.2907148744
0.00000000026 0.51379054479 29978.2036357584
0.00000000023 4.26635202793 3296.8935143948
0.00000000027 2.64320191197 24093.2767891752
0.00000000023 4.96777735461 799.8211251654
0.00000000024 3.32945091041 12140.6011404778
0.00000000025 3.30212831704 6740.5987153132
0.00000000023 5.51381740402 33561.5446664322
0.00000000023 0.28172423109 6593.9166488598
0.00000000022 5.48861732897 30376.3526391666
0.00000000023 2.40580065766 3344.11829139661
0.00000000028 5.87506884260 7747.7203305896
0.00000000021 2.40354177453 3304.0070613956
0.00000000024 1.63482389429 7483.5887758458
0.00000000028 1.56312692708 43340.6533425576
0.00000000022 5.32476938106 12928.7379689224
0.00000000026 3.86983068409 11353.8921676402
0.00000000023 4.43657224846 3344.152798701
0.00000000021 3.66824260126 14951.522602083
0.00000000022 0.10813974117 15423.267560871
0.00000000025 5.63091190933 3416.8784979754
0.00000000025 1.57746144847 11567.1912630782
0.00000000026 2.50180659493 21791.69097326579
0.00000000022 4.94823700773 6681.6449294932
0.00000000026 0.84448534014 3397.5108016354
0.00000000021 4.33866377991 12729.665967486
0.00000000021 0.37058306281 3391.89276456221
0.00000000022 1.64362371744 8852.2490286908
0.00000000027 0.10733929729 5195.2447323344
0.00000000021 1.13140972844 19403.7772738848
0.00000000026 2.01526337234 5032.7780962022
0.00000000021 5.55525732543 41748.0573289248
0.00000000021 2.07959936360 15106.8756912144
0.00000000024 3.60866487742 10006.5848089144
0.00000000028 5.64135432549 12516.366872048
0.00000000027 5.93032400892 3074.005384978
0.00000000025 3.74768371499 3232.9489027612
0.00000000022 3.15578357220 13366.040135451
0.00000000021 3.34013182507 20752.6643624754
0.00000000026 1.21869004343 3377.217792004
0.00000000024 2.12604737559 3171.0322435668
0.00000000022 4.02124729955 30774.5016425748
0.00000000024 3.74309736843 6747.712262314
0.00000000023 2.20705996255 23553.8671700316
0.00000000021 3.57070941130 37895.4262903674
0.00000000023 2.56549590800 21192.3641568684
0.00000000021 3.34401260695 15010.8964639966
0.00000000019 2.58752283276 36261.2794857498
0.00000000021 5.93180632509 42146.20633233299
0.00000000018 1.24405924793 6768.5330579394
0.00000000019 2.79026853354 39203.74290904139
0.00000000024 2.19710154155 34513.2630726828
0.00000000020 1.69850924464 49225.5801891408
0.00000000018 1.32432984119 13497.5147868346
0.00000000018 2.46520012266 6944.3087767724
0.00000000018 5.07942001013 3337.0720546986
0.00000000018 5.00983720257 1655.5603041982
0.00000000018 0.78739197008 19676.4502312364
0.00000000018 0.05420901908 2142.6422981262