0.00058152577 2.04961712429 3340.6124266998
0.00013459579 2.45738706163 6681.2248533996
0.00002432575 2.79737979284 10021.8372800994
0.00000401065 3.13581149963 13362.4497067992
0.00000451384 0.0 0.0
0.00000222025 3.19437046607 3.523118349
0.00000120954 0.54327128607 155.4203994342
0.00000062971 3.47765178989 16703.062133499
0.00000053644 3.54171478781 3344.1355450488
0.00000034273 6.00208464365 2281.2304965106
0.00000031659 4.14001980084 191.4482661116
0.00000029839 1.99838739380 796.2980068164
0.00000023172 4.33401932281 242.728603974
0.00000021663 3.44500841809 398.1490034082
0.00000016050 6.11000263211 2146.1654164752
0.00000020369 5.42202383442 553.5694028424
0.00000014924 6.09549588012 3185.1920272656
0.00000016229 0.65685105422 0.9803210682
0.00000014317 2.61898820749 1349.8674096588
0.00000014411 4.01941740099 951.7184062506
0.00000011944 3.86196758615 6684.7479717486
0.00000015655 1.22093822826 1748.016413067
0.00000011261 4.71857181601 2544.3144198834
0.00000013360 0.60151621438 1194.4470102246
0.00000010395 0.25075540193 382.8965322232
0.00000009415 0.68050215057 1059.3819301892
0.00000009580 3.82256319681 20043.6745601988
0.00000008996 3.88272784458 3738.761430108
0.00000007498 5.46428174266 1751.539531416
0.00000006499 5.47802397833 1592.5960136328
0.00000006307 2.34134269478 3097.88382272579
0.00000006864 2.57523762859 3149.1641605882
0.00000005871 1.14862855780 7.1135470008
0.00000006675 2.37862627319 4136.9104335162
0.00000004655 4.43102251490 6151.533888305
0.00000004201 3.68638044545 5614.7293762096
0.00000004796 2.89378142432 3333.498879699
0.00000004074 6.12610105396 5628.9564702112
0.00000003660 4.06581319964 1990.745017041
0.00000003284 2.79214099721 3894.1818295422
0.00000003615 2.46526861067 529.6909650946
0.00000003214 0.68469193035 8962.4553499102
0.00000003087 4.56932030502 3496.032826134
0.00000002918 5.41494777349 2914.0142358238
0.00000002925 1.23098223044 2787.0430238574
0.00000002808 1.38431632694 4292.3308329504
0.00000002652 1.05282528913 3341.592747768
0.00000002920 3.41297158184 3337.0893083508
0.00000002423 0.96484330240 4535.0594369244
0.00000002311 4.84742235872 9492.1463150048
0.00000002597 5.74792546254 3340.5951730476
0.00000002190 3.26596280325 213.299095438
0.00000002598 1.49506860128 3340.629680352
0.00000002365 4.18303842420 10025.3603984484
0.00000002630 4.67732434694 3583.3410306738
0.00000002606 2.64976204169 2388.8940204492
0.00000001822 0.97105743952 1589.0728952838
0.00000002397 1.04493547179 4399.994356889
0.00000002203 0.16281603659 6525.8044539654
0.00000002373 4.26885534124 7079.3738568078
0.00000002366 0.00564620006 4690.4798363586
0.00000001623 4.95374152644 5088.6288397668
0.00000002143 0.47993241836 2700.7151403858
0.00000001646 4.94105214632 1221.8485663214
0.00000001588 1.11405721408 12303.06777661
0.00000001518 0.11076145171 2957.7158944766
0.00000001774 3.80344931471 3723.508958923
0.00000001364 3.86744855408 6283.0758499914
0.00000001764 2.51992889432 2810.9214616052
0.00000001394 2.73608766730 7477.522860216
0.00000001280 5.47285286548 6677.7017350506
0.00000001447 2.97506973239 6489.776587288
0.00000001248 3.77100223369 2699.7348193176
0.00000001527 2.92629955117 640.8776073822
0.00000001197 1.89205359446 6681.2421070518
0.00000001418 1.54599865534 3347.7259737006
0.00000001423 4.17063094406 23384.2869868986
0.00000001042 5.83283345776 4933.2084403326
0.00000001196 6.14479114175 6681.2075997474
0.00000001153 1.50265359557 426.598190876
0.00000001099 3.80358943061 3870.3033917944
0.00000000909 3.81838122072 5092.1519581158
0.00000001071 5.04949161471 5621.8429232104
0.00000000846 3.82219998207 3340.545116397
0.00000001075 3.81844135104 3553.9115221378
0.00000000856 3.42045045625 3340.6797370026
0.00000000916 1.91472787569 3532.0606928114
0.00000000714 4.26169501052 9623.6882766912
0.00000000907 4.12943952579 162.4666361322
0.00000000653 3.10816357251 7234.794256242
0.00000000792 5.20659969594 87.30820453981
0.00000000654 1.57331630734 2487.4160449478
0.00000000649 2.78892909992 574.3447983348
0.00000000648 5.18111077100 12832.7587417046
0.00000000707 5.83195869320 3339.6321056316
0.00000000520 4.64660657418 6836.6452528338
0.00000000660 0.24998045706 8969.568896911
0.00000000640 1.70935421799 7632.9432596502
0.00000000528 0.31105409350 8031.0922630584
0.00000000510 4.63676288319 10419.9862835076
0.00000000604 3.85002715377 5486.777843175
0.00000000514 1.38796992796 7740.6067835888
0.00000000462 1.33678943112 7875.6718636242
0.00000000495 4.50170882091 692.1576012268
0.00000000471 1.42441365252 6682.2051744678
0.00000000550 4.41887772777 5331.3574437408
0.00000000439 1.25554168321 4929.6853219836
0.00000000419 5.44439060471 10018.3141617504
0.00000000537 1.46176527778 15643.6802033098
0.00000000405 1.57332289249 6127.6554505572
0.00000000390 3.81525595562 6681.2921637024
0.00000000397 4.62209715420 7210.9158184942
0.00000000367 1.00110839190 6041.3275670856
0.00000000358 0.15138024092 639.897286314
0.00000000369 0.55699031997 11773.3768115154
0.00000000433 4.50587650409 13365.9728251482
0.00000000472 5.18372269228 2301.58581590939
0.00000000389 4.22520163179 6681.1575430968
0.00000000366 5.02827753161 6923.9534573736
0.00000000326 3.99284456376 8955.3418029094
0.00000000320 2.23597582782 10021.8545337516
0.00000000321 0.20524537430 10021.8200264472
0.00000000337 2.98232216826 5729.506447149
0.00000000323 1.34413812795 2118.7638603784
0.00000000338 2.49683073767 6438.4962494256
0.00000000322 0.51214404564 9866.4168806652
0.00000000274 3.35270419822 9830.3890139878
0.00000000271 1.53180722885 1039.0266107904
0.00000000271 2.23239080465 5828.0284716476
0.00000000255 4.05578912871 7064.1213856228
0.00000000245 5.10524905635 8429.2412664666
0.00000000262 2.03073386216 3767.2106175758
0.00000000254 0.46317479341 6298.3283211764
0.00000000249 4.27544865193 6894.5239488376
0.00000000232 3.06292621291 10818.1352869158
0.00000000241 1.94265839706 6688.3384004004
0.00000000204 0.02615801903 3914.9572250346
0.00000000206 4.52434051121 26724.8994135984
0.00000000244 1.23370429435 8432.7643848156
0.00000000246 3.83080164245 4562.4609930212
0.00000000236 1.69741583748 2942.4634232916
0.00000000183 4.94847733715 10177.2576795336
0.00000000200 3.23521719204 6674.1113063988
0.00000000206 3.53318037860 10575.4066829418
0.00000000203 3.80703081380 6467.9257579616
0.00000000173 3.26078770157 3981.490034082
0.00000000160 5.95148314584 310.8407988684
0.00000000167 2.15287688461 10973.55568635
0.00000000191 0.77503447629 15113.9892382152
0.00000000152 4.35155334509 3360.96774609859
0.00000000167 2.41354473163 3355.8648978848
0.00000000179 4.59684946724 12964.300703391
0.00000000165 1.93485741767 3127.3133312618
0.00000000143 0.30520037218 1903.4368125012
0.00000000135 1.64201243891 3325.3599555148
0.00000000168 5.98672368946 3320.257107301
0.00000000126 0.06628028702 9595.2390892234
0.00000000126 5.09324195826 3475.6775067352
0.00000000142 2.22584385110 3178.1457905676
0.00000000137 5.52640508040 16173.3711684044
0.00000000116 5.54615744680 13358.9265884502
0.00000000130 6.12910259056 8273.8208670324
0.00000000106 5.74124915667 2288.3440435114
0.00000000110 4.00849488333 13916.0191096416
0.00000000111 4.15314444907 10021.9045904022
0.00000000124 1.03360247396 18454.601664915
0.00000000111 1.81233800595 18984.2926300096
0.00000000108 4.01725736300 5884.9268465832
0.00000000099 0.69247362673 12310.1813236108
0.00000000098 2.52732520244 3191.0492295652
0.00000000095 6.00085009229 14584.2982731206
0.00000000092 4.38893173686 9808.5381846614
0.00000000091 1.72031299533 11081.2192102886
0.00000000114 4.11263836293 6158.6474353058
0.00000000091 1.71520550367 1505.28780909299
0.00000000093 5.66680963190 3319.8370312074
0.00000000089 4.96845061541 13760.5987102074
0.00000000089 0.44335699327 11371.7046897582
0.00000000086 2.99034396202 7903.073419721
0.00000000089 5.87200048108 16858.4825329332
0.00000000102 4.55812091356 10021.7699697966
0.00000000092 1.59954108842 24093.2767891752
0.00000000080 0.23144257625 9779.1086761254
0.00000000079 4.65340786273 6144.4203413042
0.00000000076 0.49995616312 13119.72110282519
0.00000000084 5.55308493446 3427.9206312396
0.00000000076 4.52961122356 708.98980227659
0.00000000072 1.22310316961 2274.1169495098
0.00000000097 5.46490186895 13517.8701062334
0.00000000073 5.30141060834 4845.9002357928
0.00000000070 0.09877565579 1437.1756141986
0.00000000093 5.11228667278 10551.528245194
0.00000000075 0.67412470168 16460.33352952499
0.00000000068 2.23465524386 10213.285546211
0.00000000079 5.26872987203 853.196381752
0.00000000069 0.59532377543 12935.8515159232
0.00000000080 1.78140455646 10022.8176011676
0.00000000065 1.38904078670 3253.30422216
0.00000000075 6.03732407558 5085.038411115
0.00000000078 2.75071312389 19402.7969528166
0.00000000061 1.49021039778 5459.3762870782
0.00000000062 2.50552301889 5642.1982426092
0.00000000079 1.57382509764 8270.2977486834
0.00000000066 0.35982344278 7255.5696517344
0.00000000060 0.51628343105 13362.432453147
0.00000000079 3.84136206523 2766.267628365
0.00000000061 1.35834394421 19800.9459562248
0.00000000057 2.63537932021 14314.1681130498
0.00000000062 6.23224285432 9381.9399937854
0.00000000056 3.92602466001 4032.7700279266
0.00000000058 4.80541369849 16706.585251848
0.00000000056 1.07495829941 3364.4908644476
0.00000000074 3.11826754597 1107.1388056848
0.00000000056 5.92196461153 21265.5231265202
0.00000000055 0.69133485773 3344.2028553516
0.00000000058 0.03055561004 3369.0616141676
0.00000000068 1.89382886303 9225.539273283
0.00000000061 4.41416512793 22345.2603761082
0.00000000054 5.99826659037 21947.11137270
0.00000000056 1.90889246971 12721.572099417
0.00000000058 0.64076710539 3980.5097130138
0.00000000073 1.53390867765 9380.9596727172
0.00000000071 1.55065593763 3361.3878221922
0.00000000052 4.45775383250 10404.7338123226
0.00000000055 0.25842078226 3337.021998048
0.00000000050 0.62274445643 7373.3824546264
0.00000000065 2.99158486208 3316.733988952
0.00000000050 2.91155201771 8982.810669309
0.00000000051 2.53925124485 13362.4669604514
0.00000000053 1.75963973665 2648.454825473
0.00000000047 3.74205609558 33716.9650658664
0.00000000047 2.33985323120 16062.1845261168
0.00000000051 4.76183443226 8671.9698704406
0.00000000047 3.61238635706 30376.3526391666
0.00000000045 3.17314820387 2818.035008606
0.00000000056 0.85677332683 17468.8551979454
0.00000000054 1.68830003586 11216.284290324
0.00000000054 1.32704907908 8439.8779318164
0.00000000059 3.89706899146 5244.049239201
0.00000000043 1.45207414702 24889.5747959916
0.00000000043 4.93434500530 14469.588512484
0.00000000047 0.63724859746 15110.4661198662
0.00000000048 1.93153003679 9468.267877257
0.00000000041 0.80934461579 13207.029307365
0.00000000043 0.86742732243 20752.6643624754
0.00000000041 3.35182836767 9588.1255422226
0.00000000043 3.19403696329 22743.4093795164
0.00000000040 3.80517212464 28628.3362260996
0.00000000045 3.44446459800 14158.7477136156
0.00000000041 5.33088551342 765.7930644464
0.00000000038 2.34719947252 10028.9508271002
0.00000000037 4.87740795169 30065.5118402982
0.00000000042 3.77822295434 3503.079062832
0.00000000037 0.24131392245 9168.6408983474
0.00000000037 2.42831434862 7107.8230442756
0.00000000039 3.67137247569 13171.0014406876
0.00000000037 5.41610716116 10264.5658840734
0.00000000047 0.89637520949 16703.0448798468
0.00000000041 0.68153555810 11766.2632645146
0.00000000046 1.51332559161 6040.3472460174
0.00000000037 1.95319370926 6702.000248892
0.00000000036 0.79575390273 20597.2439630412
0.00000000035 3.79593106555 1066.49547719
0.00000000035 3.48692827125 9070.1188738488
0.00000000035 4.69051318198 10235.1363755374
0.00000000034 1.42262836561 21795.21409161479
0.00000000047 2.92683549770 16703.07938715119
0.00000000044 2.00401073062 28230.18722269139
0.00000000033 5.86775675864 19513.9835951042
0.00000000035 4.22435449199 8584.6616659008
0.00000000044 6.08581860630 6660.4494579072
0.00000000033 2.61681384731 6696.4773245846
0.00000000034 3.70456078721 15664.03552270859
0.00000000043 5.44670688059 6816.289933435
0.00000000037 2.03776406606 14556.8967170238
0.00000000037 5.71433282530 5099.2655051166
0.00000000041 0.17225787246 25287.7237993998
0.00000000031 2.30685466428 10042.6126755918
0.00000000034 0.72658199838 11780.4903585162
0.00000000030 1.28426808967 11243.6858464208
0.00000000030 3.37226860046 27832.0382192832
0.00000000030 4.49208108982 9499.2598620056
0.00000000032 4.74490222844 17256.6315363414
0.00000000031 5.02978229455 25685.872802808
0.00000000029 1.05521949715 13936.794505134
0.00000000029 2.13159143713 22324.9050567094
0.00000000034 0.77946190155 10596.1820784342
0.00000000028 5.13684548975 12012.5822971404
0.00000000029 4.19390076272 6106.8800550648
0.00000000030 5.79496586838 10156.9023601348
0.00000000030 1.95532800090 6665.9723822146
0.00000000030 4.37086181476 12295.9542296092
0.00000000037 3.33119104614 12323.4230960088
0.00000000032 0.03328289020 17924.9106998204
0.00000000031 6.22551067475 6660.8695340008
0.00000000027 6.22583184601 20199.094959633
0.00000000027 4.47604397206 15508.6151232744
0.00000000027 4.18952669137 19004.6479494084
0.00000000029 0.33347322113 11614.4332937322
0.00000000027 2.55492575464 13553.8979729108
0.00000000027 5.17429820364 20047.1976785478
0.00000000026 4.75069348623 9485.032768004
0.00000000028 5.05646024487 16304.9131300908
0.00000000026 0.33571424841 1758.6530784168
0.00000000026 1.88254124807 4379.6390374902
0.00000000026 0.66164680044 6677.6344247478
0.00000000027 0.16359834714 10001.061884607
0.00000000026 1.27240071340 21548.9623692918
0.00000000027 2.42251642195 6518.7582172674
0.00000000025 0.38159855574 10001.48196070061
0.00000000025 5.68892581324 4193.8088084518
0.00000000025 3.41513259489 6657.3464156518
0.00000000031 0.85409497605 16276.463942623
0.00000000025 4.41986609477 12168.0026965746
0.00000000030 4.77047285234 12722.5524204852
0.00000000028 3.06003442590 6247.5131155228
0.00000000025 3.09863827375 10037.0897512844
0.00000000025 1.02575938018 15650.7937503106
0.00000000024 3.95596007260 4936.7988689844
0.00000000024 0.15547683375 23141.5583829246
0.00000000024 2.02621002883 5989.0672521728
0.00000000030 5.78174720450 16699.53901514999
0.00000000026 1.86541912366 11610.9101753832
0.00000000026 1.09364283303 6684.8152820514
0.00000000025 3.89771277869 1052.2683831884
0.00000000027 2.56503603603 18052.9295431578
0.00000000023 1.51797615340 24491.4257925834
0.00000000023 3.00396120711 12566.1516999828
0.00000000022 4.95564076891 13362.3823964964
0.00000000026 5.35396491473 17101.2111369072
0.00000000025 0.78394576420 3863.1898447936
0.00000000029 0.72436044897 9638.9407478762
0.00000000023 4.78936229419 11925.2740926006
0.00000000028 0.45519439131 6709.6740408674
0.00000000026 4.87772426583 13149.1506113612
0.00000000023 5.40586773017 13892.1406718938
0.00000000023 2.35248036676 30774.5016425748
0.00000000028 1.10862278422 8425.6508378148
0.00000000023 3.61712960620 1581.959348283
0.00000000026 0.31100585552 3603.6963500726
0.00000000020 2.43389989577 19406.6782881746
0.00000000025 5.91413646106 6680.2445323314
0.00000000020 5.43460902247 17395.2197347258
0.00000000025 1.00211327228 7321.1221397136
0.00000000020 5.58281555175 18606.4989460002
0.00000000025 3.57752663624 3873.8265101434
0.00000000021 2.14222861506 14421.8316369884
0.00000000020 5.47581404162 20735.83216142559
0.00000000021 5.53809813850 15265.8865193004
0.00000000019 5.69034956533 17013.9029323674
0.00000000019 5.76144586324 17085.9586657222
0.00000000022 2.98924680598 9602.3526362242
0.00000000019 5.73996220529 3651.4532255682
0.00000000018 0.52367856726 14054.607308026
0.00000000022 5.16650472247 3376.6402933772
0.00000000020 2.67348019896 10448.4354709754
0.00000000018 3.70248341637 37057.5774925662
0.00000000018 2.14231646843 13363.4300278674
0.00000000020 6.25669293739 1744.4259844152
0.00000000020 1.60190678685 23296.97878235879
0.00000000023 4.54770256231 13362.517017102
0.00000000024 0.54356017220 6475.0393049624
0.00000000023 2.73656801737 6261.7402095244
0.00000000018 5.45243764566 40000.04091585779
0.00000000018 1.77799263643 8799.988713778
0.00000000018 1.18266196226 31172.650645983
0.00000000019 3.66181465270 1596.1864422846
0.00000000018 3.46673198156 3546.797975137
0.00000000022 2.15272313802 3335.0895023924
0.00000000018 0.13829920233 3877.4169387952
0.00000000020 4.57210028361 6701.5801727984
0.00000000019 5.09290088720 3205.5473466644
0.00000000016 3.67355426368 20995.3929664494
0.00000000016 6.13550943291 3134.4268782626
0.00000000016 6.22620467137 22854.596021804
0.00000000016 1.44137713060 6460.8122109608
0.00000000015 1.18753446282 7203.8022714934
0.00000000016 3.90125903944 7322.1024607818
0.00000000015 4.93156258719 3304.5845600224
0.00000000017 0.49763390696 18208.349942592
0.00000000017 3.32863823640 3333.5661900018
0.00000000014 5.31587329158 19645.5255567906
0.00000000017 3.01193328720 3344.4937620578
0.00000000016 4.54660273048 4392.8808098882
0.00000000013 5.26350209812 16702.9948231962
0.00000000016 6.12947849429 26087.9031415742
0.00000000013 5.84447235851 536.8045120954
0.00000000017 4.09065954177 16511.6138673874
0.00000000015 5.73438221173 14867.73751589219
0.00000000013 2.54721959021 6675.7019290922
0.00000000014 1.31577259278 21150.8133658836
0.00000000013 2.12815796147 3346.1353510072
0.00000000013 3.59360902373 12410.7313005486
0.00000000016 5.67307416663 11527.1250891924
0.00000000016 0.84938642384 10184.3039162316
0.00000000013 6.16919624193 3077.528503327
0.00000000014 3.93053280186 3312.163239232
0.00000000014 2.55072089788 206.1855484372
0.00000000013 4.69830610865 16703.1294438018
0.00000000012 0.92968593112 10713.9948813262
0.00000000011 6.09331837551 8827.3902698748
0.00000000014 3.77650372404 17499.3601403154
0.00000000011 1.09619387864 16547.6417340648
0.00000000011 5.05016560122 24076.4445881254
0.00000000015 6.16612008928 3347.6586633978
0.00000000011 1.92845507292 11769.8536931664
0.00000000013 1.01843193479 10018.2468514476
0.00000000015 0.92188099847 3281.2385647862
0.00000000013 5.19040439871 16489.763038061
0.00000000011 0.29063320387 2906.900688823
0.00000000011 5.65061614555 13605.1783107732
0.00000000013 5.06832582026 13575.7488022372
0.00000000011 5.42648525700 17232.7530985936
0.00000000014 2.18442424174 12808.8803039568
0.00000000010 3.12070301287 2803.8079146044
0.00000000011 1.35555533168 2277.7073781616
0.00000000010 5.89715293869 6768.5330579394
0.00000000010 5.93295499002 23937.856389741
0.00000000012 1.20813089438 3336.7310913418
0.00000000011 2.56209057142 13369.56325380
0.00000000012 0.50116227157 34513.2630726828
0.00000000010 4.37163145009 3607.2194684216
0.00000000011 4.03902225289 4407.1079038898
0.00000000010 4.18585556139 0.0172536522
0.00000000011 0.06058557016 26880.3198130326
0.00000000011 5.12397606143 33406.124266998
0.00000000011 1.00077091959 12979.553174576
0.00000000010 0.39595065439 14955.045720432
0.00000000011 3.36133910370 16894.5103996106
0.00000000010 1.63992012008 220.4126424388
0.00000000010 5.76293648428 31968.9486527994
0.00000000013 1.44898528338 10025.4277087512
0.00000000011 4.36692917575 34115.1140692746
0.00000000010 4.84826192777 12839.8722887054
0.00000000010 1.85828895892 6593.9166488598
0.00000000010 5.75866529304 6717.252720077
0.00000000012 4.33022696919 7747.7203305896
0.00000000011 5.96309733546 20040.15144184979
0.00000000010 3.58563293895 20354.5153590672
0.00000000010 4.88835260040 10042.1925994982
0.00000000010 2.48515633128 25665.5174834092
0.00000000009 1.77145376267 32367.0976562076