6.20347711581 0.0 0.0
0.18656368093 5.05037100270 3340.6124266998
0.01108216816 5.40099836344 6681.2248533996
0.00091798406 5.75478744667 10021.8372800994
0.00027744987 5.97049513147 3.523118349
0.00010610235 2.93958560338 2281.2304965106
0.00012315897 0.84956094002 2810.9214616052
0.00008926784 4.15697846427 0.0172536522
0.00008715691 6.11005153139 13362.4497067992
0.00006797556 0.36462229657 398.1490034082
0.00007774872 3.33968761376 5621.8429232104
0.00003575078 1.66186505710 2544.3144198834
0.00004161108 0.22814971327 2942.4634232916
0.00003075252 0.85696614132 191.4482661116
0.00002628117 0.64806124465 3337.0893083508
0.00002937546 6.07893711402 0.0673103028
0.00002389414 5.03896442664 796.2980068164
0.00002579844 0.02996736156 3344.1355450488
0.00001528141 1.14979301996 6151.533888305
0.00001798806 0.65634057445 529.6909650946
0.00001264357 3.62275122593 5092.1519581158
0.00001286228 3.06796065034 2146.1654164752
0.00001546404 2.91579701718 1751.539531416
0.00001024902 3.69334099279 8962.4553499102
0.00000891566 0.18293837498 16703.062133499
0.00000858759 2.40093811940 2914.0142358238
0.00000832715 2.46418619474 3340.5951730476
0.00000832720 4.49495782139 3340.629680352
0.00000712902 3.66335473479 1059.3819301892
0.00000748723 3.82248614017 155.4203994342
0.00000723861 0.67497311481 3738.761430108
0.00000635548 2.92182225127 8432.7643848156
0.00000655162 0.48864064125 3127.3133312618
0.00000550474 3.81001042328 0.9803210682
0.00000552750 4.47479317037 1748.016413067
0.00000425966 0.55364317304 6283.0758499914
0.00000415131 0.49662285038 213.299095438
0.00000472167 3.62547124025 1194.4470102246
0.00000306551 0.38052848348 6684.7479717486
0.00000312141 0.99853944405 6677.7017350506
0.00000293198 4.22131299634 20.7753954924
0.00000302375 4.48618007156 3532.0606928114
0.00000274027 0.54222167059 3340.545116397
0.00000281079 5.88163521788 1349.8674096588
0.00000231183 1.28242156993 3870.3033917944
0.00000283602 5.76885434940 3149.1641605882
0.00000236117 5.75503217933 3333.498879699
0.00000274033 0.13372524985 3340.6797370026
0.00000299395 2.78323740866 6254.6266625236
0.00000204162 2.82133445874 1221.8485663214
0.00000238866 5.37153646326 4136.9104335162
0.00000188648 1.49104066040 9492.1463150048
0.00000221228 3.50466812198 382.8965322232
0.00000179196 1.00561962003 951.7184062506
0.00000172117 0.43943649536 5486.777843175
0.00000193118 3.35716641911 3.5904286518
0.00000144304 1.41874112114 135.0650800354
0.00000160016 3.94857092451 4562.4609930212
0.00000174072 2.41361337725 553.5694028424
0.00000130989 4.04491134956 12303.06777661
0.00000138243 4.30145122848 7.1135470008
0.00000128062 1.80665816220 5088.6288397668
0.00000139898 3.32595559208 2700.7151403858
0.00000128105 2.20807538189 1592.5960136328
0.00000116944 3.12806863456 7903.073419721
0.00000110378 1.05194545948 242.728603974
0.00000113481 3.70070432339 1589.0728952838
0.00000100099 3.24340223714 11773.3768115154
0.00000095594 0.53950648295 20043.6745601988
0.00000098947 4.84558326403 6681.2421070518
0.00000104542 0.78532737699 8827.3902698748
0.00000084186 3.98971116025 4399.994356889
0.00000086928 2.20183965407 11243.6858464208
0.00000071438 2.80307223477 3185.1920272656
0.00000072095 5.84669532401 5884.9268465832
0.00000073482 2.18421190324 8429.2412664666
0.00000098946 2.81481171439 6681.2075997474
0.00000068413 2.73834597183 2288.3440435114
0.00000086747 1.02091867465 7079.3738568078
0.00000065316 2.68114882713 28.4491874678
0.00000083745 3.20254912006 4690.4798363586
0.00000075031 0.76647765061 6467.9257579616
0.00000068983 3.76403440528 6041.3275670856
0.00000066706 0.73630288873 3723.508958923
0.00000063313 4.52771850220 426.598190876
0.00000061684 6.16831461502 2274.1169495098
0.00000052260 0.89938935091 9623.6882766912
0.00000055485 4.60622447136 4292.3308329504
0.00000051331 4.14823934301 3341.592747768
0.00000056633 5.06250402329 15.252471185
0.00000063376 0.91293637746 3553.9115221378
0.00000045822 0.78790300125 1990.745017041
0.00000048553 3.95677994023 4535.0594369244
0.00000041223 6.02013764154 3894.1818295422
0.00000041941 3.58309124437 8031.0922630584
0.00000056395 1.68727941626 6872.6731195112
0.00000055907 3.46261441099 263.0839233728
0.00000051677 2.81307639242 3339.6321056316
0.00000040669 3.13838566327 9595.2390892234
0.00000038111 0.73396370751 10025.3603984484
0.00000039498 5.63225741360 3097.88382272579
0.00000044175 3.19530118759 5628.9564702112
0.00000036718 2.63750919104 692.1576012268
0.00000045905 0.28717581576 5614.7293762096
0.00000038351 5.82880639987 3191.0492295652
0.00000038198 2.34832438823 162.4666361322
0.00000032561 0.48401318272 6681.2921637024
0.00000037135 0.68510839331 2818.035008606
0.00000031169 3.98160436995 20.3553193988
0.00000032561 0.89250965753 6681.1575430968
0.00000037749 4.15481250779 2803.8079146044
0.00000033626 6.11997987693 6489.776587288
0.00000029007 2.42707198395 3319.8370312074
0.00000038794 1.35194224244 10018.3141617504
0.00000033149 1.14024195200 5.5229243074
0.00000027583 1.59721760699 7210.9158184942
0.00000028699 5.72047550940 7477.522860216
0.00000034039 2.59525636978 11769.8536931664
0.00000025380 0.52092092633 10.6366653498
0.00000026355 1.34519007001 3496.032826134
0.00000024555 4.00321315879 11371.7046897582
0.00000025637 0.24963503109 522.5774180938
0.00000027275 4.55649766071 3361.3878221922
0.00000023766 1.84063759173 12832.7587417046
0.00000022814 3.52628452806 1648.4467571974
0.00000022272 0.72111173236 266.6070417218
0.00000021201 3.11823578369 2957.7158944766
0.00000020156 3.67147308710 1758.6530784168
0.00000021530 6.15388673691 3264.3463554242
0.00000020090 1.08241387913 7064.1213856228
0.00000021344 4.28178434496 4032.7700279266
0.00000027541 6.08386421472 6674.1113063988
0.00000019842 2.37674123073 10713.9948813262
0.00000025518 3.43241978555 3443.7052009184
0.00000022542 5.64861441506 2388.8940204492
0.00000024376 0.97006548518 632.7837393132
0.00000023079 4.74990771219 3347.7259737006
0.00000017708 3.69743280195 3344.2028553516
0.00000022658 3.95447568336 4989.0591838972
0.00000022600 5.24085203262 3205.5473466644
0.00000016811 5.48619684184 3.881335358
0.00000018422 4.22550249103 2787.0430238574
0.00000022735 4.98523942294 7632.9432596502
0.00000016638 2.52822534159 14584.2982731206
0.00000020963 4.27879531719 5099.2655051166
0.00000016033 1.76789519365 3475.6775067352
0.00000015814 3.13241857680 59.3738619136
0.00000018113 3.25756742113 3337.021998048
0.00000019295 3.23912725911 7.046236698
0.00000016777 4.39731653353 15643.6802033098
0.00000017554 4.09198247074 74.7815985673
0.00000013713 2.54103541653 4933.2084403326
0.00000016007 1.54673981973 14054.607308026
0.00000014603 3.45689862899 7373.3824546264
0.00000013547 4.04141743525 4929.6853219836
0.00000014222 0.59967781578 23.8784377478
0.00000013876 5.40880274251 10973.55568635
0.00000014026 1.44210504015 10404.7338123226
0.00000016055 3.79399064336 2118.7638603784
0.00000013717 3.59037690181 15113.9892382152
0.00000018040 4.25416134565 2487.4160449478
0.00000015846 0.56902641445 103.0927742186
0.00000013402 5.16918481175 10213.285546211
0.00000016068 2.36894092837 3265.8308281325
0.00000012773 0.10474161940 7234.794256242
0.00000012197 1.73028863618 36.0278666774
0.00000012283 5.19941258642 10021.8545337516
0.00000011947 5.47980574430 2921.1277828246
0.00000011890 4.76587196145 5828.0284716476
0.00000012283 3.16864076359 10021.8200264472
0.00000013269 6.17851484916 1744.4259844152
0.00000011749 5.72731481869 0.42007609361
0.00000012340 2.52148348822 2906.900688823
0.00000014458 4.38011275876 316.3918696566
0.00000010640 3.44997335322 639.897286314
0.00000010925 0.60402475795 5085.038411115
0.00000010646 5.47663096745 419.4846438752
0.00000010795 1.37204952026 10419.9862835076
0.00000010573 1.09027262515 12168.0026965746
0.00000009578 4.89483638811 3230.4061054804
0.00000009805 5.83614893022 14314.1681130498
0.00000009718 0.00011311901 9225.539273283
0.00000009146 1.10288559040 9808.5381846614
0.00000009779 3.60055224203 206.1855484372
0.00000012732 1.79880344270 13745.3462390224
0.00000012156 4.42292535673 14712.317116458
0.00000008805 3.97132756722 170.6728706192
0.00000010682 4.33907151559 7740.6067835888
0.00000010040 1.38291942087 3583.3410306738
0.00000009961 2.69116597350 36.6053653042
0.00000008473 4.29275471153 0.4298831267
0.00000010584 0.89643083679 23384.2869868986
0.00000009597 4.33289499954 131.5419616864
0.00000008477 2.86885079661 9381.9399937854
0.00000008436 3.15234316178 6525.8044539654
0.00000007518 1.24474332957 6894.5239488376
0.00000006746 1.58828730801 6836.6452528338
0.00000006722 4.38897665506 66.4874089144
0.00000006738 5.77292945138 5202.3582793352
0.00000006243 1.57847357313 3325.3599555148
0.00000008446 2.90692880268 43.718912305
0.00000006482 6.03333628981 574.3447983348
0.00000006348 0.06986409522 1964.838626854
0.00000006193 5.43709781754 1861.7458526354
0.00000008246 0.44145777409 2707.8286873866
0.00000005987 4.22748552841 4459.3682188026
0.00000006530 1.24945509771 12964.300703391
0.00000005949 0.77228459543 2699.7348193176
0.00000007339 4.95735130126 3767.2106175758
0.00000006135 3.16322568315 6680.2445323314
0.00000006027 3.01298246255 3369.0616141676
0.00000005857 4.30341888951 7875.6718636242
0.00000006360 1.77803516211 2178.137722292
0.00000005771 0.96116030741 13916.0191096416
0.00000006100 4.49881794524 6682.2051744678
0.00000005777 4.92993290350 2384.3232707292
0.00000007647 6.16291591270 6531.661656265
0.00000007242 0.52885257496 10575.4066829418
0.00000005311 4.51564606382 6144.4203413042
0.00000005212 3.49017198482 12935.8515159232
0.00000006680 3.48192412858 1118.7557921028
0.00000005226 3.25464016223 2391.43681773
0.00000005215 0.01031380055 533.2140834436
0.00000005534 3.42311181658 3134.4268782626
0.00000005437 6.18510783147 8425.6508378148
0.00000005774 3.55189251089 8969.568896911
0.00000005093 0.60862188744 8955.3418029094
0.00000004840 4.63233532160 4569.574540022
0.00000005828 5.92311700172 640.8776073822
0.00000005686 0.76212811066 3120.199784261
0.00000004912 1.70752765226 13358.9265884502
0.00000005490 4.29423846802 3503.079062832
0.00000004676 3.34239248969 3116.2676309979
0.00000005858 2.38460385828 3302.479391062
0.00000005098 1.12472834482 5331.3574437408
0.00000004412 1.38574902846 17256.6315363414
0.00000004261 1.69359026235 13524.9163429314
0.00000004191 0.19115182648 9830.3890139878
0.00000004164 0.43810126153 1066.49547719
0.00000005192 3.63498024808 536.8045120954
0.00000005664 0.50444427941 5305.4510535538
0.00000005477 5.96812391483 3074.005384978
0.00000005303 5.40010329848 3355.8648978848
0.00000004043 0.83846792979 10021.9045904022
0.00000004153 3.14489443759 8439.8779318164
0.00000004818 1.08987352671 13365.9728251482
0.00000004906 3.73076098617 1228.9621133222
0.00000004577 0.99356399425 6158.6474353058
0.00000004244 3.87048930395 3312.163239232
0.00000004895 6.24828800623 17654.7805397496
0.00000003595 6.07310183986 10818.1352869158
0.00000003756 1.37897245496 3973.396166013
0.00000003550 1.87497578775 17395.2197347258
0.00000004422 2.89970459985 6247.5131155228
0.00000003974 4.03444710872 1052.2683831884
0.00000003488 4.27354225380 3178.1457905676
0.00000004466 4.59168154738 5518.7501489918
0.00000003504 1.95078768847 10177.2576795336
0.00000003545 4.24640764495 8329.671610597
0.00000003300 0.68858529246 149.5631971346
0.00000003991 5.80869405128 6261.7402095244
0.00000003226 3.90164588465 27.4015560968
0.00000003390 0.14332355443 10014.7237330986
0.00000003375 0.74696081381 6048.4411140864
0.00000003093 3.98501630391 2648.454825473
0.00000003822 5.23989334866 5724.935697429
0.00000003026 0.34307994694 220.4126424388
0.00000004049 1.24692090820 10021.7699697966
0.00000002937 0.73100893561 2.751510611
0.00000003084 3.79912966727 169.580183133
0.00000004040 2.91258206660 22747.2907148744
0.00000003225 0.92584522637 16865.5287696312
0.00000003243 4.90809670862 6702.000248892
0.00000002875 1.47258377214 3346.1353510072
0.00000003723 0.49976277066 1.4844727083
0.00000002799 3.26685863564 9168.6408983474
0.00000003345 0.68842924327 3863.1898447936
0.00000003441 2.77691833127 6660.4494579072
0.00000002795 2.79655682319 16858.4825329332
0.00000002706 0.19204297927 3237.5196524812
0.00000002719 3.26623695003 3914.9572250346
0.00000002941 3.76174799212 6784.3176276182
0.00000002703 4.40716851372 3415.3940252671
0.00000003071 5.48172683108 3335.0895023924
0.00000002706 5.08478774948 6688.3384004004
0.00000002606 4.83038014027 4672.6673142406
0.00000002892 2.64043893512 3320.257107301
0.00000003089 4.39622402117 1332.0548875408
0.00000003440 1.93696278155 10551.528245194
0.00000002744 3.68787946756 3603.6963500726
0.00000003424 0.20932047468 6604.958782124
0.00000002507 2.87961885832 17924.9106998204
0.00000002697 2.66891004390 10184.3039162316
0.00000002454 3.46791398294 6298.3283211764
0.00000002379 1.05700925037 3607.2194684216
0.00000002377 0.86177958347 3351.2490920496
0.00000002568 5.55935655242 6546.1597733642
0.00000002303 6.07222464974 1214.7350193206
0.00000002381 4.30392652519 3360.96774609859
0.00000002907 3.43885474942 2693.601593385
0.00000003097 2.18292873348 16173.3711684044
0.00000002547 4.18352013454 3546.797975137
0.00000002990 2.37498622349 13517.8701062334
0.00000002512 5.99302970150 5729.506447149
0.00000002193 5.58483652772 664.75604513
0.00000002469 2.81007799544 15110.4661198662
0.00000002151 3.59887716883 6677.6344247478
0.00000002116 4.57150032138 6127.6554505572
0.00000002156 3.35980735750 589.0648270082
0.00000002260 3.62776312745 7799.9806455024
0.00000002155 3.21566530565 20199.094959633
0.00000002708 5.89397867482 6438.4962494256
0.00000002202 4.69968998758 17277.4069318338
0.00000002130 2.51819515600 1545.3539829788
0.00000002103 4.03662691701 6684.8152820514
0.00000002248 5.26146259988 5618.3198048614
0.00000002112 4.80366454046 3657.0042963564
0.00000002265 3.87400399340 110.2063212194
0.00000002521 4.21232150896 2494.5295919486
0.00000002152 4.59125527293 5625.3660415594
0.00000002479 6.10418212957 3329.97576135
0.00000001914 1.21905589060 21.8508293264
0.00000002334 0.90610189054 227.476132789
0.00000001855 2.03707389061 56.8983749356
0.00000001886 4.12578456390 3399.9862886134
0.00000002271 3.78991888381 7910.1869667218
0.00000001868 3.01921987575 4885.9664096786
0.00000002137 4.75111320702 18984.2926300096
0.00000002035 2.75110313856 128.0188433374
0.00000001771 2.73481849789 6606.4432548323
0.00000001726 1.70571826110 6.6836638741
0.00000001723 1.98182886520 735.8765135318
0.00000001814 0.92396194325 4555.3474460204
0.00000001660 3.07308780443 1692.1656695024
0.00000002333 5.05185695660 20618.0193585336
0.00000001652 3.86410092229 699.2711482276
0.00000001891 4.14097641151 5459.3762870782
0.00000001686 2.22936981446 17085.9586657222
0.00000001687 3.49824840147 3347.6586633978
0.00000001910 2.11485342979 6816.289933435
0.00000001921 3.31155620445 3333.5661900018
0.00000001613 2.11892940835 661.232926781
0.00000001694 4.88311110257 3407.0998356142
0.00000001559 3.51992273792 13362.432453147
0.00000002097 1.78993763390 20597.2439630412
0.00000001825 1.14388611553 2807.3983432562
0.00000001561 0.80245519404 3017.1070100424
0.00000001552 2.66876908822 3024.2205570432
0.00000002109 1.48726552054 2679.3794999188
0.00000001663 4.39270692852 8270.2977486834
0.00000001696 2.09755814323 2814.4445799542
0.00000001559 5.55071673320 13362.4669604514
0.00000001754 5.90484178405 3326.3853326982
0.00000001502 4.34390071395 13936.794505134
0.00000001504 0.83348536217 4775.7600884592
0.00000001543 5.82417981947 3344.4937620578
0.00000001478 2.50126974641 2597.6223661672
0.00000001461 1.42535404773 15508.6151232744
0.00000001643 2.88886926628 8273.8208670324
0.00000001800 5.17128754633 38.1330356378
0.00000001526 1.10269009104 2675.8563815698
0.00000001439 0.48780100962 76.2660712756
0.00000001769 2.18317522727 2301.58581590939
0.00000001463 4.62895146956 19800.9459562248
0.00000001705 2.60291826247 29.429508536
0.00000001834 3.93003054205 6843.6914895318
0.00000001444 3.48342169961 3281.2385647862
0.00000001480 3.88768281039 6034.2140200848
0.00000001466 2.91823533164 12722.5524204852
0.00000001822 3.94166947995 18454.601664915
0.00000001353 4.15009794282 2284.7536148596
0.00000001351 1.72199149037 13760.5987102074
0.00000001399 2.42873799629 853.196381752
0.00000001366 4.69601766792 11081.2192102886
0.00000001538 3.23251536595 156.4007205024
0.00000001353 4.90776327224 3304.5845600224
0.00000001500 4.67389761397 394.6258850592
0.00000001543 1.13497135654 3336.7310913418
0.00000001384 2.90231400362 1581.959348283
0.00000001311 6.21755182412 2547.8375382324
0.00000001382 2.56516714885 568.8218740274
0.00000001618 0.07569084986 1435.1476617594
0.00000001369 0.09025190060 7895.9598727202
0.00000001333 3.80019637725 13119.72110282519
0.00000001261 5.84659079053 21.335640467
0.00000001193 5.90765698297 187.9251477626
0.00000001275 5.30143252989 6571.0185321802
0.00000001497 2.57685971474 151.8972810852
0.00000001276 4.09135399430 4356.275444584
0.00000001453 5.91531419193 3339.1279539915
0.00000001162 0.00487534972 799.8211251654
0.00000001349 0.39390567783 2540.7913015344
0.00000001150 1.81037054423 158.9435177832
0.00000001403 4.89947045977 4039.8835749274
0.00000001158 4.15466681767 14.2270940016
0.00000001176 3.46488514917 1015.6630178842
0.00000001134 5.53830534094 13553.8979729108
0.00000001114 5.66112424924 3760.097070575
0.00000001281 4.52342704978 3929.677253708
0.00000001497 4.20879135724 16460.33352952499
0.00000001123 1.40353152800 13149.1506113612
0.00000001250 3.84843607877 3980.5097130138
0.00000001077 0.89381735251 3340.19235060619
0.00000001103 5.04474024110 23141.5583829246
0.00000001189 1.25182126092 26724.8994135984
0.00000001248 5.83629907704 3344.5445799629
0.00000001044 4.34142489533 2277.7073781616
0.00000001453 2.27428225289 369.6998159404
0.00000001059 6.24742453183 17.812522118
0.00000001148 0.42674577851 949.1756089698
0.00000001112 4.31734784819 107.6635239386
0.00000001125 3.46005579971 5732.0492444298
0.00000001084 4.08902342726 802.3639224462
0.00000001172 0.31355227662 1162.4747044078
0.00000001058 1.34066539658 2149.6885348242
0.00000000981 3.44358391452 9779.1086761254
0.00000001119 5.22899579707 194.9713844606
0.00000001134 0.13581107839 12566.1516999828
0.00000001173 1.73082205622 6923.9534573736
0.00000000962 4.84602947327 3510.1926098328
0.00000000985 1.05143904982 16335.8378045366
0.00000001181 3.65780947036 6456.8800576977
0.00000001299 6.02281348454 3316.733988952
0.00000001015 2.47380728164 31.9723058168
0.00000000948 5.10561095893 8013.2797409404
0.00000000919 1.56671162926 111.1866422876
0.00000001029 2.76318185375 5938.234792867
0.00000000998 5.48784840152 11236.57229942
0.00000000914 0.82061678315 3364.4908644476
0.00000001106 2.06839415041 3376.6402933772
0.00000000945 4.41350387633 433.7117378768
0.00000000910 1.70993881458 2067.9314010726
0.00000000910 1.91587519691 401.6721217572
0.00000001044 1.93180343226 87.30820453981
0.00000000912 1.58460936983 10235.1363755374
0.00000000926 4.61111147529 5415.6573747732
0.00000001033 3.98504680420 10596.1820784342
0.00000000946 0.21615391832 9872.2740829648
0.00000000899 5.27959763891 7107.8230442756
0.00000000873 1.86205822992 2142.6422981262
0.00000000890 1.81033031287 2409.249339848
0.00000001058 3.63297698461 7255.5696517344
0.00000000909 4.37280779135 1854.6323056346
0.00000000844 3.82388337842 272.6729573516
0.00000000836 0.20464914442 11766.2632645146
0.00000000827 1.25878772256 20206.141196331
0.00000000821 0.78875420945 5621.8256695582
0.00000000819 2.82232063108 5621.8601768626
0.00000000828 2.42897194573 11.0457002639
0.00000000981 0.44031295515 1596.1864422846
0.00000000817 4.64314240547 127.9515330346
0.00000001022 3.50167625373 9866.4168806652
0.00000001074 2.80026140417 3077.528503327
0.00000001080 6.06529825187 3341.0325027934
0.00000000802 1.17242625138 6460.8122109608
0.00000000798 4.56887810023 5223.6939198022
0.00000000791 5.03144430516 2.5427972808
0.00000000884 1.71001393326 3.9321532631
0.00000000817 0.90060731147 8646.0634802536
0.00000000799 0.17886471821 22743.4093795164
0.00000000849 1.24576847048 12295.9542296092
0.00000000773 2.53367626112 2295.4575905122
0.00000000916 3.02582005756 3377.217792004
0.00000000780 1.97862043128 5408.5438277724
0.00000000956 6.16353911929 8542.970706035
0.00000000779 4.63070288733 3341.0423098265
0.00000000738 3.51171014997 10020.8569590312
0.00000000957 4.86437348833 931.3630868518
0.00000000796 4.54021772912 1039.0266107904
0.00000000724 3.92157470450 12310.1813236108
0.00000000718 3.34736041949 11780.4903585162
0.00000000941 3.58969556791 23539.7073863328
0.00000000748 5.61102387118 16062.1845261168
0.00000000767 3.25531932262 3384.3313390048
0.00000000855 1.12465641537 206.7007372966
0.00000000815 2.65362307845 3169.9395560806
0.00000000734 2.20279215450 146.8116865236
0.00000000779 2.32837877145 3340.1825435731
0.00000000686 1.51086318028 792.7748884674
0.00000000740 2.89753701512 3296.8935143948
0.00000000677 4.34039986096 3877.4169387952
0.00000000673 2.34948834397 1.1806426521
0.00000000723 3.56709112306 485.9720527896
0.00000000669 5.16867827323 12721.572099417
0.00000000719 4.79573724239 4142.976349146
0.00000000699 1.91837645169 6665.9723822146
0.00000000684 3.88501682634 846.0828347512
0.00000000641 2.07794469578 16699.53901514999
0.00000000697 0.30723442310 19676.4502312364
0.00000000828 1.59417806122 16304.9131300908
0.00000000689 4.64826053460 11216.284290324
0.00000000709 5.04539574527 3329.5667264359
0.00000000729 2.24679589436 11250.7993934216
0.00000000681 2.72108869682 6643.0918177618
0.00000000682 1.76706935146 51.28033786241
0.00000000635 0.07420048628 52.2603149128
0.00000000645 4.31172593504 3826.5844794894
0.00000000673 3.60492040158 1903.4368125012
0.00000000673 0.13337381670 8116.372515159
0.00000000674 1.26391848214 142.1786270362
0.00000000816 6.04643402652 19402.7969528166
0.00000000625 3.84990828302 6.0659156298
0.00000000624 1.64078988493 24150.080051345
0.00000000613 5.74440327477 6696.4773245846
0.00000000604 3.24898351527 9588.1255422226
0.00000000601 4.99376091794 8859.3625756916
0.00000000678 1.94781152560 12995.2253778368
0.00000000615 4.95500687617 9485.032768004
0.00000000781 2.85075231730 29.4918183034
0.00000000601 2.24121047241 20735.83216142559
0.00000000589 5.72063241021 3113.1362939108
0.00000000759 0.42525161329 3873.8265101434
0.00000000652 5.53661885979 9065.5481241288
0.00000000605 0.77544347078 3342.0968994081
0.00000000703 3.36009149285 6709.6740408674
0.00000000626 1.46111605834 16706.585251848
0.00000000568 1.08932960976 6357.7194367422
0.00000000568 1.30798891510 9499.2598620056
0.00000000582 5.65932024956 2171.0241752912
0.00000000737 4.84794933747 10022.8176011676
0.00000000565 0.58744605626 26084.0218062162
0.00000000549 4.18021120562 382.879278571
0.00000000570 0.04051046860 6414.6178116778
0.00000000618 3.84921117898 16276.463942623
0.00000000767 1.15181496342 377.3736079158
0.00000000562 2.57704345512 35.5627344686
0.00000000676 5.60413511268 155.3530891314
0.00000000554 0.62822360284 3189.5647568569
0.00000000626 2.21709498761 3274.1250177854
0.00000000683 1.15851465970 966.9708774356
0.00000000549 0.54244199194 13171.0014406876
0.00000000565 1.60353804455 3192.5337022735
0.00000000563 0.10642400254 5511.636601991
0.00000000562 2.66906118595 19406.6782881746
0.00000000566 3.11777455500 2221.856634597
0.00000000532 3.77784810168 7270.2896804078
0.00000000537 0.41844932397 1641.3332101966
0.00000000575 5.48957773192 2075.0449480734
0.00000000512 1.61990907670 13362.3823964964
0.00000000509 4.21362121644 7380.4960016272
0.00000000494 2.13716209261 2604.735913168
0.00000000529 1.03105540203 1478.8665740644
0.00000000559 1.47744587005 8671.9698704406
0.00000000475 2.07645966138 5835.1420186484
0.00000000507 3.25453549986 1744.493294718
0.00000000475 1.46221578984 12509.2533250472
0.00000000501 5.92139594122 685.044054226
0.00000000463 4.59237414506 11670.2840372968
0.00000000461 1.95536373356 2412.772458197
0.00000000463 3.80428769716 11140.5930722022
0.00000000519 6.19362117590 9602.3526362242
0.00000000461 2.92759117395 2277.2983432475
0.00000000457 0.83633915073 3041.4860324306
0.00000000496 4.62773695339 3723.4917052708
0.00000000521 6.27578678705 3981.490034082
0.00000000631 3.69227976878 6475.0393049624
0.00000000488 0.17334637032 14158.7477136156
0.00000000467 6.13582230228 4825.544916394
0.00000000516 0.73887961022 1265.5674786264
0.00000000484 0.75989848136 4407.1079038898
0.00000000573 4.77672282988 9380.9596727172
0.00000000441 5.67433891123 8958.9322315612
0.00000000503 4.27904008262 3472.1543883862
0.00000000441 1.95128375492 3226.2133197864
0.00000000571 5.10229499953 8564.306346502
0.00000000571 0.58988272178 2766.267628365
0.00000000487 6.10031395897 2285.1626497737
0.00000000446 1.98916479068 25685.872802808
0.00000000430 4.12851356192 13.241772398
0.00000000599 2.01891079118 27490.6924780448
0.00000000545 0.84640347857 4981.9456368964
0.00000000499 4.26030358053 6652.7756659318
0.00000000425 3.83675473694 1765.7666254176
0.00000000459 3.04380861065 5636.070017212
0.00000000438 0.55519461040 9945.5712088238
0.00000000409 3.25101264756 18451.07854656599
0.00000000410 1.71233327642 7314.0085927128
0.00000000417 1.76252798792 956.2891559706
0.00000000426 1.16443702315 19004.6479494084
0.00000000405 0.29370514941 2810.9387152574
0.00000000405 4.54611874389 2810.904207953
0.00000000512 1.21144751675 13362.517017102
0.00000000417 3.49097054443 1655.5603041982
0.00000000406 0.28183528199 1375.7737998458
0.00000000415 5.67120343816 99.5696558696
0.00000000398 1.32137621034 20809.4676246452
0.00000000396 0.51833007867 13355.3361597984
0.00000000405 5.63206130990 3450.8187479192
0.00000000472 5.94522815549 48835.19385644859
0.00000000415 3.61904227317 2089.782230399
0.00000000409 4.59663901922 6518.7582172674
0.00000000490 4.38317065520 2480.302497947
0.00000000506 4.89031028030 8965.9784682592
0.00000000492 1.65780779630 22345.2603761082
0.00000000417 3.45088938093 279.7865043524
0.00000000381 4.06210739923 10124.930054318
0.00000000431 2.11881719623 56.8032621698
0.00000000377 0.05679239280 905.4566966648
0.00000000373 3.16212047027 224.3447957019
0.00000000426 2.66441427364 4076.4889402316
0.00000000399 5.15292207975 5195.2447323344
0.00000000369 5.28832560053 10042.6126755918
0.00000000393 2.28211201589 13892.1406718938
0.00000000440 0.33473783423 515.463871093
0.00000000489 0.75769248875 3561.0250691386
0.00000000389 0.50283826584 2825.1485556068
0.00000000366 5.86243765418 6675.7019290922
0.00000000433 0.25560773454 5625.7750764735
0.00000000455 3.79309503535 4996.172730898
0.00000000437 3.32741963621 5617.9107699473
0.00000000496 5.02750066477 73.297125859
0.00000000424 3.60506282980 8226.5788363784
0.00000000393 3.15777926177 10001.061884607
0.00000000369 2.84562486856 2111.6503133776
0.00000000396 4.52525609133 4392.8808098882
0.00000000349 5.02184920945 5820.9149246468
0.00000000439 4.25128498480 18052.9295431578
0.00000000347 0.75032574592 15664.03552270859
0.00000000459 3.22461221371 2011.1003364398
0.00000000341 3.22071023671 4253.1826703654
0.00000000340 4.12059603652 6944.3087767724
0.00000000410 4.83846706479 8535.8571590342
0.00000000417 2.58262243077 5753.3848848968
0.00000000345 1.85392358161 6686.747777707
0.00000000356 2.35639379021 4.57074972
0.00000000454 2.90957957919 418.9243989006
0.00000000435 5.42291154764 26482.1708096244
0.00000000383 4.06026489467 1062.9050485382
0.00000000330 4.04831945983 3.1030422554
0.00000000458 4.28564096349 367.2243289624
0.00000000325 3.98178390124 1353.3905280078
0.00000000418 3.22886388747 21265.5231265202
0.00000000449 4.37716659898 5106.3790521174
0.00000000375 1.09226403307 4246.0691233646
0.00000000394 2.27820129074 3209.0704650134
0.00000000318 4.97772911232 5095.6750764648
0.00000000410 2.45431083471 6155.057006654
0.00000000319 4.05707815795 5430.3946570988
0.00000000323 0.90022769547 7203.8022714934
0.00000000310 5.46505496103 6019.9919266186
0.00000000409 6.07568936266 50.8324593058
0.00000000337 2.87052725998 10610.9021071076
0.00000000377 5.42225357427 1190.9238918756
0.00000000301 4.66690363477 6756.0064519669
0.00000000343 2.67442328942 6148.010769956
0.00000000309 4.56269108847 7483.5887758458
0.00000000310 2.84658769828 9654.612951137
0.00000000296 4.27095606776 6740.5987153132
0.00000000310 3.26584547245 596.178374009
0.00000000293 2.76946559406 3171.0322435668
0.00000000367 3.93640995629 1879.5583747534
0.00000000330 3.29725079066 286.9623611206
0.00000000305 2.54608802445 19513.9835951042
0.00000000312 1.05107476595 3490.1756238344
0.00000000294 0.01906732590 202.2533951741
0.00000000310 4.37565854379 2796.6943676036
0.00000000285 3.43575683476 6418.1409300268
0.00000000292 4.39525256758 6887.4104018368
0.00000000288 5.43913988801 10028.9508271002
0.00000000286 5.76540114951 5642.1982426092
0.00000000312 4.12958202119 1883.0814931024
0.00000000290 4.07993947141 5355.2358814886
0.00000000393 3.01257302196 10721.108428327
0.00000000287 2.36631839942 29026.48522950779
0.00000000361 0.54380501625 290.4854794696
0.00000000318 4.93375879729 1197.9701285736
0.00000000299 1.18299169304 550.0462844934
0.00000000294 6.16372005552 8982.810669309
0.00000000300 4.29609104099 21795.21409161479
0.00000000315 2.67347587719 3313.210870603
0.00000000281 0.27497384989 8166.1573430938
0.00000000272 5.94366381829 9886.772200064
0.00000000330 3.11968019451 41.5507909848
0.00000000275 5.89019272375 3337.8609160888
0.00000000275 4.00268079943 3620.3989310522
0.00000000329 4.31857973778 5989.0672521728
0.00000000292 3.06830662617 4.3620363898
0.00000000272 5.11995514837 22324.9050567094
0.00000000318 0.02070112786 2267.003402509
0.00000000286 0.46156470579 5401.4302807716
0.00000000303 0.59188658282 9389.0535407862
0.00000000265 0.63293390575 23017.0626579362
0.00000000265 2.08409828499 3735.238311759
0.00000000267 1.69664388221 3742.284548457
0.00000000308 3.03379923440 6660.8695340008
0.00000000312 3.62016422039 255.970376372
0.00000000264 3.85932054425 28628.3362260996
0.00000000278 5.62033151570 3378.7454623376
0.00000000257 1.23480561014 95.9792272178
0.00000000301 0.83275594655 2806.9893083421
0.00000000282 2.29141606787 2008.557539159
0.00000000264 3.78635346392 3936.7908007088
0.00000000265 0.50417611532 6578.132079181
0.00000000250 5.58493858560 412.3710968744
0.00000000284 4.71065466690 5621.9102335132
0.00000000289 1.43840673306 6947.8318951214
0.00000000286 5.11854342112 5621.7756129076
0.00000000311 2.67810141537 912.5702436656
0.00000000252 4.19548440341 24.858758816
0.00000000247 2.94199704738 310.8407988684
0.00000000251 0.32785126115 19146.7592661418
0.00000000251 5.76992035280 5813.291189322
0.00000000268 0.19876672098 6670.5881880498
0.00000000247 2.28207487665 246.251722323
0.00000000283 1.28593304651 4025.6564809258
0.00000000257 5.64140283929 10706.8813343254
0.00000000252 4.46420322691 5490.300961524
0.00000000246 0.26910281348 22.7684966094
0.00000000256 5.68448606955 3133.9116894032
0.00000000272 1.28516397838 1442.2612087602
0.00000000294 4.02082336381 2814.8536148683
0.00000000245 2.94750517862 21947.11137270
0.00000000237 4.99903725526 1505.28780909299
0.00000000236 6.05766331289 948.1952879016
0.00000000238 1.85846033178 3193.8007401762
0.00000000237 0.90339496046 8.093868069
0.00000000249 6.05356563432 2060.8178540718
0.00000000230 1.40262306909 23546.7536230308
0.00000000281 0.30407184379 5607.6158292088
0.00000000299 2.73533927971 176.6937301338
0.00000000237 4.63093114141 1612.9513330316
0.00000000263 2.15420401346 2973.3880977374
0.00000000275 1.06902528779 3343.3639373108
0.00000000277 0.19619249083 270.1974703736
0.00000000241 4.97677402625 31022.7531708562
0.00000000218 0.03471394521 9070.1188738488
0.00000000241 2.53528698623 3710.3122426402
0.00000000218 5.17762855931 6997.6167230562
0.00000000267 4.64729465561 1346.3442913098
0.00000000230 5.16357138714 721.1392312062
0.00000000214 3.38620394418 647.0108333148
0.00000000289 3.43566105724 25287.7237993998
0.00000000248 3.03186441088 3304.0070613956
0.00000000282 0.29227105071 12323.4230960088
0.00000000226 5.75263123291 604.8497407048
0.00000000213 4.80572776287 8830.9133882238
0.00000000259 1.24817153777 6691.8615187494
0.00000000216 5.85803012117 1971.9521738548
0.00000000214 1.35475765206 184.8499079702
0.00000000222 3.47406655321 6674.1786167016
0.00000000250 4.55620402555 6040.3472460174
0.00000000241 0.94761695794 17468.8551979454
0.00000000273 1.89943168433 270.1301600708
0.00000000205 5.94913715412 2942.4806769438
0.00000000214 0.22905754741 5.1991911658
0.00000000205 3.91836540376 2942.4461696394
0.00000000241 5.92842548896 4005.3684718298
0.00000000216 3.20098680120 362.1211367308
0.00000000204 3.09570712832 9947.0556815321
0.00000000219 1.85183257276 4782.87363546
0.00000000210 0.45868949920 15106.8756912144
0.00000000271 3.49210901141 3436.5916539176
0.00000000226 0.42945734871 557.0925211914
0.00000000198 5.62942060976 5209.471826336
0.00000000269 5.03865822380 2938.9403049426
0.00000000208 6.03373357398 22487.3716928416
0.00000000216 4.28876710821 2970.9126107594
0.00000000222 1.25214260478 3568.0885594888
0.00000000197 4.80962358853 6850.8050365326
0.00000000211 1.05961421058 6382.0984591304
0.00000000199 3.49804400305 15121.102785216
0.00000000275 4.22084628914 8436.2875031646
0.00000000202 0.88670673933 767.8488193486
0.00000000245 3.14677467834 16063.164847185
0.00000000192 0.51567014493 323.5054166574
0.00000000209 4.79733900333 14047.4937610252
0.00000000262 4.69178300342 6701.5801727984
0.00000000209 1.46088434217 5.8572022996
0.00000000188 0.61341221354 7366.2689076256
0.00000000192 2.09213913721 765.7930644464
0.00000000196 4.08789826861 3262.8618827159
0.00000000213 2.31887239509 2281.2477501628
0.00000000214 5.33581887315 955.2415245996
0.00000000251 5.57906426342 138.5881983844
0.00000000231 1.11098737686 625.6701923124
0.00000000208 4.11481366408 1755.062649765
0.00000000210 2.30499661227 53.3079462838
0.00000000253 1.27099771143 309.2783226558
0.00000000186 2.50511660467 18606.4989460002
0.00000000242 3.71426781541 3212.5935833624
0.00000000185 2.86917904253 9374.8264467846
0.00000000198 0.43937087541 7586.6815500644
0.00000000178 3.07093814833 1437.1756141986
0.00000000231 3.34379060819 6364.832983743
0.00000000203 0.28410497046 582.9989113784
0.00000000190 0.10448075233 26087.9031415742
0.00000000197 3.57105788857 24606.13555322
0.00000000229 2.56006283860 24076.4445881254
0.00000000187 3.45251088913 1329.51209026
0.00000000212 0.29488451926 2281.2132428584
0.00000000176 5.81536979652 12406.1605508286
0.00000000199 0.07164714815 375.7657315702
0.00000000191 0.51430468358 2125.8774073792
0.00000000184 3.99855915315 10018.2468514476
0.00000000231 1.28492299616 4427.3959129858
0.00000000173 1.46081396432 3362.4632560262
0.00000000174 4.58412775833 3283.7140517642
0.00000000182 2.57146189845 418.504322807
0.00000000184 4.63917400617 10824.2012025456
0.00000000169 5.12437031125 3223.2925584796
0.00000000190 3.43828283608 5032.7780962022
0.00000000165 1.47527516736 249.9044607422
0.00000000202 6.21085923485 3909.4343007272
0.00000000164 4.47908418685 8799.988713778
0.00000000171 5.86158194602 625.6251361972
0.00000000195 3.22480570158 2751.5475996916
0.00000000193 1.20656620982 15806.146839442
0.00000000164 4.23188531108 31968.9486527994
0.00000000163 2.04373367471 3347.2960905739
0.00000000212 2.32801113866 3232.9489027612
0.00000000224 2.39759251371 8749.1562544722
0.00000000161 2.94093367609 3370.0419352358
0.00000000192 4.62592622822 3336.6802734367
0.00000000164 1.59200641542 386.4196505722
0.00000000169 5.45784867095 259.5608050238
0.00000000184 3.30360346480 11247.2089647698
0.00000000163 1.16581070899 4289.7880356696
0.00000000158 0.91153814636 4503.0871311076
0.00000000156 5.57718582558 1442.2784624124
0.00000000155 2.48395345852 20426.571092422
0.00000000215 3.82353334618 1954.7171503636
0.00000000158 4.12087712262 11240.1627280718
0.00000000154 4.56812026693 27682.1407441564
0.00000000182 1.47936413209 6677.3435180416
0.00000000153 5.85211234828 23937.856389741
0.00000000197 1.43125106161 14061.7208550268
0.00000000168 5.27712266355 3318.7615973734
0.00000000170 4.32431856577 742.9900605326
0.00000000156 3.24340991358 3002.3697277168
0.00000000154 4.76648574446 24889.5747959916
0.00000000184 0.87903035084 5244.049239201
0.00000000160 2.79762777586 1461.0540519464
0.00000000157 1.01090226288 24336.0053931492
0.00000000151 4.23962231229 3368.0139827966
0.00000000149 2.50000320687 14591.4118201214
0.00000000149 5.69212810600 31570.7996493912
0.00000000154 5.28504381510 1481.4093713452
0.00000000145 1.49366638853 2619.4731954936
0.00000000146 1.28090193252 8584.6616659008
0.00000000145 3.57053081019 3497.0131472022
0.00000000201 3.91480386992 9638.9407478762
0.00000000144 0.56695947743 13212.8865096646
0.00000000156 0.08293278006 6657.3464156518
0.00000000150 0.82077874373 11456.9849418588
0.00000000146 1.16474224600 526.1678467456
0.00000000144 4.19229336491 2771.7905526724
0.00000000182 4.43067332626 10025.4277087512
0.00000000169 3.10771037057 239.205485625
0.00000000144 6.26624990824 6679.7403806913
0.00000000174 2.37509025321 3397.5108016354
0.00000000142 4.00086864568 14481.205498902
0.00000000165 1.70220353716 2185.2512692928
0.00000000192 4.47709998867 57.8786960038
0.00000000151 5.49709199511 11904.9187732018
0.00000000182 6.16857594370 6685.1061887576
0.00000000152 4.93270110350 9468.267877257
0.00000000151 3.06451266512 838.9692877504
0.00000000141 0.91584492689 15636.566656309
0.00000000160 5.66327007211 10927.2939767642
0.00000000187 5.62698863872 11353.8921676402
0.00000000159 0.53628107560 15906.7641266826
0.00000000165 5.86999409810 16703.07938715119
0.00000000136 1.61461175096 30065.5118402982
0.00000000157 0.63167452131 1538.240435978
0.00000000173 3.83431713222 6621.850991486
0.00000000169 2.27408583150 379.3734138742
0.00000000136 2.80098629030 4193.8088084518
0.00000000134 5.77553038910 14577.1847261198
0.00000000177 5.21396471572 34363.365597556
0.00000000156 0.81046067961 29424.634232916
0.00000000135 5.88117502698 2945.9865416406
0.00000000142 1.70782247018 11925.2740926006
0.00000000132 3.74649075697 6688.2710900976
0.00000000154 4.78392600044 3613.2853840514
0.00000000181 3.31978654659 139.6981395228
0.00000000133 3.70318330169 13635.1226641508
0.00000000147 2.08632199273 17101.2111369072
0.00000000132 0.40901506100 1083.260367937
0.00000000178 5.18401849357 28230.18722269139
0.00000000156 0.12304144640 1107.1388056848
0.00000000158 6.25020094434 6666.997759398
0.00000000148 0.07274942285 6283.0931036436
0.00000000138 1.09470451313 8962.438096258
0.00000000130 6.03956113045 1214.8023296234
0.00000000145 3.84248010172 16703.0448798468
0.00000000129 4.65674750252 1957.7250798532
0.00000000127 5.03662769208 28109.214616052
0.00000000146 1.54074391924 8219.4652893776
0.00000000145 4.08755206418 6684.73071809641
0.00000000137 3.62229198429 3511.285297319
0.00000000126 3.92743226458 3.4558080462
0.00000000125 3.20445201519 29.8820436102
0.00000000125 3.58832781647 7696.8878712838
0.00000000138 5.31757011300 23958.6317852334
0.00000000149 3.29977271138 11614.4332937322
0.00000000172 5.21222240408 6747.712262314
0.00000000138 3.12547614420 8962.4726035624
0.00000000127 3.96217734145 6314.0005244372
0.00000000133 4.32704616146 6283.0585963392
0.00000000156 5.24742627708 6645.1969867222
0.00000000137 4.95496224789 20995.3929664494
0.00000000123 5.41075942033 688.6344828778
0.00000000122 0.61281570628 5085.1057214178
0.00000000139 1.85119959381 18849.2275499742
0.00000000155 5.47145482987 2.9689454166
0.00000000161 2.11502590852 15265.8865193004
0.00000000157 4.61532322282 3354.8395207014
0.00000000155 4.15655698197 56.3831860762
0.00000000128 6.24233081625 10016.314355792
0.00000000134 1.53268827347 708.98980227659
0.00000000121 5.44493287062 25665.5174834092
0.00000000120 3.74478260598 10294.510237451
0.00000000144 5.06033016445 15010.8964639966
0.00000000122 5.07352485901 14421.8316369884
0.00000000152 1.82416311596 11560.0777160774
0.00000000118 1.62305764022 15849.865751747
0.00000000145 6.11832368347 6684.7652254008
0.00000000120 4.83459976273 4403.517475238
0.00000000122 0.13513985090 8322.5580635962
0.00000000128 0.12650369318 6681.6449294932
0.00000000142 0.39408197652 1111.642245102
0.00000000119 1.29925856056 10544.4146981932
0.00000000147 1.81590279650 685.1113645288
0.00000000135 5.17868224908 8962.522660213
0.00000000123 2.42353206298 6.1332259326
0.00000000149 1.47957439553 9698.331863442
0.00000000116 3.40455553212 10001.48196070061
0.00000000115 0.90208741613 13286.1836355236
0.00000000119 4.63501260300 11776.8999298644
0.00000000137 1.46004012882 4819.4790007642
0.00000000116 1.43745128638 3547.3131639964
0.00000000117 0.72489390402 27.4688663996
0.00000000154 5.62745874023 9911.63095888
0.00000000113 1.29183528916 26880.3198130326
0.00000000157 0.09791378159 138.5174968707
0.00000000113 5.43102427558 422.027441156
0.00000000130 2.13493506322 117.812802892
0.00000000140 2.51194591630 28.9816299794
0.00000000115 1.17961745351 4452.2546718018
0.00000000128 1.23824324271 6680.804777306
0.00000000129 2.41330294586 6717.252720077
0.00000000116 4.93525830889 13517.8027959306
0.00000000121 2.20434813319 3334.54651107
0.00000000110 0.69968732644 18977.1790830088
0.00000000118 4.93757907461 12825.6451947038
0.00000000110 4.11390197578 6321.114071438
0.00000000114 4.30646265831 21548.9623692918
0.00000000117 0.03006245187 7.6737919754
0.00000000132 1.53814046048 3391.89276456221
0.00000000123 4.70578504377 9329.6796788726
0.00000000140 3.87360904038 7167.1969061892
0.00000000110 4.12727119156 3188.7151456146
0.00000000131 1.04432313302 3482.791053736
0.00000000114 2.45724347193 3351.6581269637
0.00000000108 0.72637519191 10.569355047
0.00000000119 4.19681704458 12979.553174576
0.00000000109 5.22550826337 21393.5419698576
0.00000000146 5.31993935182 2472.6787626222
0.00000000111 3.28808788953 257.018007743
0.00000000109 3.47791497885 3305.0496922312
0.00000000134 1.82746080392 26887.3660497306
0.00000000149 4.91688353237 277.0349937414
0.00000000117 1.20050006732 6705.1032911474
0.00000000108 3.37124346436 6717.8302187038
0.00000000113 4.04247516598 6953.8978107512
0.00000000106 4.69114208822 25135.8265183146
0.00000000105 5.59252457052 8962.3880396074
0.00000000106 0.75378922686 149.8974751268
0.00000000136 1.47344871836 6830.7880505342
0.00000000146 4.99523777859 9859.3706439672
0.00000000115 2.00719238904 10654.6210194126
0.00000000108 5.22204692781 1556.5681469554
0.00000000104 5.49558246627 3344.152798701
0.00000000120 3.90242035384 9758.7533567266
0.00000000111 5.06419066567 10042.1925994982
0.00000000133 1.15811543786 816.6533262152
0.00000000103 0.57055162058 10011.2006147496
0.00000000134 1.69834857217 183.869586902
0.00000000104 3.97743567679 11567.1912630782
0.00000000104 3.46480859433 3344.11829139661
0.00000000103 1.05016194417 6682.7093261079
0.00000000122 2.08787803990 6533.1461289733
0.00000000107 4.42117075795 7.130800653
0.00000000137 4.91348844962 3413.9095525588
0.00000000115 0.02308044664 13227.3846267638
0.00000000109 1.17311653219 6901.6374958384
0.00000000102 1.20680146001 11986.6759069534
0.00000000126 0.03750399181 16.83220104979
0.00000000102 1.47123461557 34513.2630726828
0.00000000130 4.10484632841 35.6077905838
0.00000000127 2.51583917642 12465.5344127422
0.00000000113 3.69200525056 44.6538332402
0.00000000111 5.12900291511 146.7944328714
0.00000000116 5.24145745878 8742.0427074714
0.00000000102 2.41492657376 3487.4241132234
0.00000000102 0.15807862411 27832.0382192832
0.00000000122 6.08232879666 7100.7094972748
0.00000000102 3.19982560601 5452.2627400774
0.00000000125 2.16444546829 13532.0298899322
0.00000000105 2.07688407099 4686.95671800959
0.00000000119 0.56634104835 31172.650645983
0.00000000105 6.16677691518 9175.7544453482
0.00000000115 1.08500262319 4133.3873151672
0.00000000112 0.20425429722 11883.5831327348
0.00000000104 0.51055185396 7792.8670985016
0.00000000099 1.81931026200 20047.1976785478
0.00000000107 4.86099911940 7899.550301372
0.00000000117 0.62856768429 4716.3862265456
0.00000000130 2.23045717800 10027.3602044068
0.00000000099 0.25622969112 8432.7471311634
0.00000000129 4.77711241452 11610.9101753832
0.00000000107 5.25025570307 63.7358983034
0.00000000100 2.29065214131 8432.7816384678
0.00000000114 2.47914779702 10156.9023601348
0.00000000126 5.50643625731 5483.254724826
0.00000000110 2.77977105247 16066.0658614748
0.00000000109 2.34881658192 3376.1751611684
0.00000000097 4.23431879636 4186.695261451
0.00000000112 1.43537110436 16232.745030318
0.00000000117 3.14652328036 2921.6880277992
0.00000000104 4.09017482677 3337.0720546986
0.00000000102 5.32025350615 1868.8593996362
0.00000000105 2.43029345740 5888.4499649322
0.00000000112 6.19134041529 6685.1570066627
0.00000000097 4.25558254516 7906.59653807
0.00000000131 2.84046796960 3370.1042450032
0.00000000104 2.26093518585 4845.9002357928
0.00000000114 0.03194846170 12729.665967486
0.00000000095 2.57050539743 12715.4388734844
0.00000000096 0.19715808883 48429.2821823244
0.00000000095 0.92069745429 3338.069629419
0.00000000105 0.78873946610 3416.8784979754
0.00000000096 3.08847844722 3468.6312700372
0.00000000096 3.64475101106 19669.33668423559
0.00000000099 1.88513067598 37895.4262903674
0.00000000126 3.93261698226 11346.7786206394
0.00000000095 1.29341559946 4878.8528626778
0.00000000122 4.21983150256 3308.640120883
0.00000000099 4.28251731179 16328.72425753579
0.00000000127 3.00977146208 1250.8301963008
0.00000000120 1.10081471750 6530.1771835567
0.00000000117 2.78340734359 7075.8507384588
0.00000000119 3.82073518708 9072.6616711296
0.00000000095 1.08015473076 3590.516887442
0.00000000104 6.12094869404 3337.106562003
0.00000000091 2.51770714335 3535.5838111604
0.00000000095 4.69142853355 5298.337506553
0.00000000095 1.51222875950 9801.4246376606
0.00000000102 3.11721207691 1125.8693391036
0.00000000122 5.18912588487 3181.6689089166
0.00000000099 1.86991802881 72.0557333548
0.00000000093 1.46980370953 3966.2826190122
0.00000000091 4.93994845429 8756.269801473
0.00000000091 2.11778022918 6566.8257464862
0.00000000104 2.01597245478 4296.9015826704
0.00000000090 4.19650336439 3031.334104044
0.00000000090 5.86117667759 17917.79715281959
0.00000000091 6.19589151073 24491.4257925834
0.00000000093 0.66092443320 30.9919847486
0.00000000090 4.60989668841 3253.30422216
0.00000000111 4.43458709473 8771.0070837986
0.00000000088 1.20181460611 4606.1799053262
0.00000000101 1.61358478291 10032.4739454492
0.00000000094 0.61277732908 73.6354632196
0.00000000091 6.04139177526 153.9252335244
0.00000000096 3.00553509047 3528.5375744624
0.00000000093 2.55257560859 11663.170490296
0.00000000087 3.23609121022 10191.4174632324
0.00000000092 0.40307254912 12410.7313005486
0.00000000091 0.72417545511 3152.68727893721
0.00000000090 5.40526592844 5749.8617665478
0.00000000086 3.07517979536 9983.7042444616
0.00000000114 4.15078942938 1795.258443721
0.00000000096 4.49946425864 13465.5424810178
0.00000000095 4.92419886101 11876.469585734
0.00000000086 3.94463425808 16.764890747
0.00000000088 4.79020600339 10228.0228285366
0.00000000117 3.33978190557 14157.7000822446
0.00000000087 0.65289292644 44933.2493561904
0.00000000112 1.79986032250 16489.763038061
0.00000000101 2.99759769519 6510.5519827804
0.00000000098 2.43903528074 20040.15144184979
0.00000000085 5.85834792405 4531.5363185754
0.00000000118 6.10625309129 454.9093665273
0.00000000085 1.13150581276 3185.2593375684
0.00000000084 3.03267975707 29822.7832363242
0.00000000087 1.94797272973 19645.5255567906
0.00000000086 1.67944270491 12839.8722887054
0.00000000087 0.29179554470 1008.5494708834
0.00000000090 6.12668943416 4106.4054911462
0.00000000091 0.30519839929 29168.5965462412
0.00000000098 4.96605731070 13738.2154383694
0.00000000108 3.24595015647 8976.6824439118
0.00000000087 2.19665405981 30774.5016425748
0.00000000083 0.37254540738 9755.2302383776
0.00000000084 2.79617391142 17932.0242468212
0.00000000082 5.39440314476 8034.6153814074
0.00000000087 4.25461508452 8.1681365824
0.00000000083 3.59056707325 12928.7379689224
0.00000000103 5.10956502639 10096.6188786667
0.00000000087 2.90507350729 36.995590611
0.00000000086 2.46839611271 113.7294395684
0.00000000086 5.94383601123 12299.544658261
0.00000000081 4.34691999939 7218.029365495
0.00000000100 2.70908218218 8186.5126624926
0.00000000083 4.79763505745 4576.6880870228
0.00000000087 3.71852499272 4466.4817658034
0.00000000087 2.22767593110 7082.8969751568
0.00000000095 0.02613500045 2.9010142898
0.00000000098 3.01731646220 7417.1013669314
0.00000000103 2.02932898904 13575.7488022372
0.00000000112 3.51920419851 10081.211142013
0.00000000081 5.27347932531 12306.590894959
0.00000000080 5.30097809145 12199.9750023914
0.00000000085 3.48487631448 12082.6551341712
0.00000000081 3.12811545216 3517.3061568336
0.00000000083 4.04362899636 9815.6517316622
0.00000000105 1.20537424840 987.746272928
0.00000000080 2.75350306236 4555.4147563232
0.00000000080 5.76214145580 2233.473621015
0.00000000085 0.77891047651 7214.4389368432
0.00000000078 5.77285430206 10397.6030116696
0.00000000093 5.04819365736 4271.9755135516
0.00000000080 1.47742659857 4307.5833041354
0.00000000088 3.84681925437 3738.7441764558
0.00000000104 3.22519800674 4922.5717749828
0.00000000078 5.05074461881 8006.1661939396
0.00000000080 4.13191548311 30376.3526391666
0.00000000084 2.20622406791 13421.8235687128
0.00000000082 3.11747431441 8446.9914788172
0.00000000080 0.71562475799 33561.5446664322
0.00000000100 3.58742182292 45884.967762441
0.00000000080 2.55223452516 3866.7802734454
0.00000000075 0.83023725236 4936.7988689844
0.00000000092 5.55183329656 21150.8133658836
0.00000000105 1.74376904536 36.6485629295
0.00000000078 4.23158542581 16858.41522263039
0.00000000092 2.67278833504 6680.7949702729
0.00000000084 4.21345200999 12032.9376165392
0.00000000079 3.55634560374 14867.73751589219
0.00000000077 0.10707484151 1371.411763456
0.00000000099 3.94316594852 18208.349942592
0.00000000074 5.76839140325 34911.412076091
0.00000000079 0.45356515278 6677.71898870279
0.00000000086 0.54257145537 14128.2427712456
0.00000000073 3.43102571889 11037.5002979836
0.00000000073 0.23508569170 12942.965062924
0.00000000081 3.50070907013 6637.5059410946
0.00000000073 5.80611062016 6791.431174619
0.00000000079 3.78666386040 7.5786792096
0.00000000096 0.94977866466 2735.762685995
0.00000000092 5.05270450333 7064.1041319706
0.00000000080 1.94954501782 19190.4781784468
0.00000000093 4.61161625562 11375.2278081072
0.00000000091 0.62128517647 1859.2030553546
0.00000000073 4.42902162523 14.7372823256
0.00000000091 5.90153724443 3738.7786837602
0.00000000085 0.92387511094 8425.7181481176
0.00000000094 3.41238195399 1596.1191319818
0.00000000084 1.35940497722 1727.6610936682
0.00000000073 2.87019851630 2854.6403739102
0.00000000078 4.35635552621 15650.7937503106
0.00000000077 2.71108340360 12089.768681172
0.00000000081 2.92874448709 9093.9973115966
0.00000000077 3.69143222544 2961.2390128256
0.00000000079 4.70597882671 6677.6844813984
0.00000000078 2.21525148730 2810.988771908
0.00000000085 5.81355746707 13369.56325380
0.00000000088 1.38044467337 3145.6410422392
0.00000000071 4.04186021414 259.493494721
0.00000000071 5.32626176411 6670.1791531357
0.00000000073 4.81618807315 12140.6011404778
0.00000000090 5.84168246420 3492.509707785
0.00000000072 1.58795997168 3738.6941198052
0.00000000071 3.73621908569 35309.5610794992
0.00000000081 2.48353174238 73.6009559152
0.00000000070 3.89351336867 10014.7910434014
0.00000000075 6.00708764619 3288.352111787
0.00000000078 4.75144277168 13366.040135451
0.00000000070 1.16428742272 5220.1708014532
0.00000000084 5.83220387910 22.3782713026
0.00000000076 3.61279198710 21791.69097326579
0.00000000074 5.66626331970 9360.6043533184
0.00000000070 4.40324083193 3890.65871119319
0.00000000071 4.00935897397 5525.8636959926
0.00000000068 4.88746021930 4379.6390374902
0.00000000080 4.01817623709 3311.18291816379
0.00000000089 5.76998389711 1484.9324896942
0.00000000068 3.48229080099 5562.4690612968
0.00000000071 2.51223960753 1747.6073781529
0.00000000070 5.68783910757 10448.4354709754
0.00000000092 4.97511245092 6681.6547365263
0.00000000082 1.81441052191 10288.4443218212
0.00000000070 5.21095521076 13363.4300278674
0.00000000078 2.62374787415 2810.8541513024
0.00000000068 2.09958151441 10264.5658840734
0.00000000067 4.76413431634 6812.766815086
0.00000000068 3.88516811058 13207.029307365
0.00000000069 3.25036054417 3564.9572224017
0.00000000067 1.84261705009 27433.88921587499
0.00000000066 0.33678070136 7322.1024607818
0.00000000081 4.91537623846 3333.9287628257
0.00000000078 4.25365984833 19617.07636932279
0.00000000073 5.81831824202 8823.8671515258
0.00000000074 0.86013387580 16695.94858649819
0.00000000088 2.96961623260 9278.8472195668
0.00000000065 3.50464480159 9161.5273513466
0.00000000071 0.93609590112 6106.8800550648
0.00000000065 4.90073827871 3468.5639597344
0.00000000087 3.82266177250 1236.075660323
0.00000000065 6.18524090914 7447.017917846
0.00000000075 2.55878565800 6614.7374444852
0.00000000074 5.71066387461 10177.1903692308
0.00000000068 5.87307358517 25827.9841195414
0.00000000069 1.10040460862 2544.3316735356
0.00000000063 6.05841287869 6453.7487206106
0.00000000063 5.33982712678 21427.9897626524
0.00000000066 0.61216028778 7636.4663779992
0.00000000062 2.80917285403 13497.5147868346
0.00000000069 2.67029728661 2641.3412784722
0.00000000068 2.81149937170 11527.1250891924
0.00000000073 3.87202159748 13361.469385731
0.00000000061 4.18998708823 16547.6417340648
0.00000000060 2.68408219587 5349.1699658588
0.00000000070 2.35679546987 34115.1140692746
0.00000000062 5.49002675720 4957.0868780804
0.00000000059 5.80950485486 104351.61256629678
0.00000000069 2.30347059296 97670.38771289718
0.00000000069 6.04860680134 1755.4716846791
0.00000000072 3.38857910365 3184.2117061974
0.00000000071 4.22665032671 7321.1221397136
0.00000000068 5.51088021361 10338.229149756
0.00000000069 5.35281824747 2544.2971662312
0.00000000058 4.61544075896 9993.3880926316
0.00000000063 1.78218487848 3212.6608936652
0.00000000062 1.91794313526 33406.124266998
0.00000000059 2.33104573300 16762.4359954126
0.00000000060 6.18449904435 3361.9480671668
0.00000000071 2.67980129538 37455.7264959744
0.00000000057 4.30790872161 2281.2978068134
0.00000000061 4.47177526691 14164.8136292454
0.00000000070 5.09917701225 14556.8967170238
0.00000000057 6.03596769323 9153.9036160218
0.00000000068 3.42411140913 13287.6681082319
0.00000000065 4.21643739347 24341.5283174566
0.00000000061 3.70644708708 27299.2442119332
0.00000000064 3.44679554408 9705.4454104428
0.00000000059 4.29916130935 6851.8977240188
0.00000000071 0.81330027413 3495.9655158312
0.00000000055 2.02448369373 12012.5822971404
0.00000000064 6.21854445626 20043.69181385099
0.00000000057 1.65488419713 7768.0083396856
0.00000000071 0.81484322638 9918.7445058808
0.00000000056 1.69730662572 6534.413166876
0.00000000056 2.10021276669 16702.9948231962
0.00000000054 4.52069302724 9797.4924843975
0.00000000054 3.66018591555 2917.5373541728
0.00000000054 3.61023908440 6724.9437657046
0.00000000065 3.83143101879 8373.390522902
0.00000000055 4.76564251752 7733.493236588
0.00000000061 0.71894031750 27873.589010268
0.00000000060 4.47151385540 10284.9212034722
0.00000000059 5.00684013554 299.1263942692
0.00000000055 4.47014622234 10661.7345664134
0.00000000060 4.79529219015 8638.9499332528
0.00000000057 0.60812343267 4665.5537672398
0.00000000055 4.98558072531 4061.751657906
0.00000000053 3.30259294876 9683.5945811164
0.00000000053 4.65521663752 3448.2759506384
0.00000000054 5.25292379440 8550.0842530358
0.00000000062 2.59467816822 8852.2490286908
0.00000000067 1.52249437123 16342.9513515374
0.00000000056 1.69180472887 16703.1294438018
0.00000000068 3.15995596850 7807.0941925032
0.00000000052 2.92990649723 9495.6694333538
0.00000000062 5.25598366940 2963.238818784
0.00000000057 0.28187782188 4558.9378746722
0.00000000059 0.28351688317 4565.9841113702
0.00000000058 0.47150770624 4140.4335518652
0.00000000052 2.67305259324 19247.3765533824
0.00000000061 4.33806308874 8695.8483081884
0.00000000071 1.01873280870 7668.9711263276
0.00000000056 2.06509121766 12502.1397780464
0.00000000051 6.03668121035 6719.3578890374
0.00000000060 0.77450277046 3319.2767862328
0.00000000051 3.92795812352 3353.85419909779
0.00000000051 2.89873872410 22854.596021804
0.00000000051 2.00779962852 2957.7331481288
0.00000000053 5.07857417426 14951.522602083
0.00000000064 1.36079827459 23024.176204937
0.00000000053 3.57183813569 6836.577942531
0.00000000051 1.95411630686 3327.3706543018
0.00000000050 0.37366902916 3322.7999045818
0.00000000053 0.26142839753 41990.7859328988
0.00000000054 6.27949370995 35707.7100829074
0.00000000049 0.06709673316 10787.6303445458
0.00000000051 2.54863900486 4001.8453534808
0.00000000053 1.18631858606 34554.8138636676
0.00000000048 4.04972593744 114.3991069134
0.00000000049 0.32920934850 41748.0573289248
0.00000000048 2.81171553545 3372.5847325166
0.00000000061 1.00871506195 16511.6138673874
0.00000000053 3.71538403834 10050.2864675672
0.00000000047 4.46160440369 6151.5166346528
0.00000000048 1.63487940392 20213.25474333179
0.00000000051 3.56556636385 19403.7772738848
0.00000000054 0.78070691021 41194.4879260824
0.00000000047 6.10253848179 10037.0897512844
0.00000000050 1.45609883704 3717.9860346156
0.00000000050 5.05658775146 4694.0029547076
0.00000000063 5.78355830951 9090.4741932476
0.00000000050 3.75626474913 3987.6232600146
0.00000000047 2.91658062679 9488.6231966558
0.00000000046 2.69392312363 17232.7530985936
0.00000000055 5.61673764413 45494.58142974879
0.00000000046 3.66390779389 14955.045720432
0.00000000046 4.56516015922 20199.02764933019
0.00000000054 4.71237273616 2281.1631862078
0.00000000047 1.67898138956 3130.8364496108
0.00000000054 4.28556627685 2910.4911174748
0.00000000048 0.72250964740 18617.0683010472
0.00000000045 2.28393936160 22986.1379834904
0.00000000049 2.14605615000 19830.3754647608
0.00000000047 4.12536462391 23009.94911093539
0.00000000049 5.16525026592 3774.3241645766
0.00000000045 3.89882558892 12988.111830836
0.00000000048 4.74927850843 529.6737114424
0.00000000055 4.19502260708 20043.6573065466
0.00000000057 1.14903860224 7747.7203305896
0.00000000044 0.79186614799 26357.675084636
0.00000000044 3.13459824792 13951.5145338074
0.00000000043 2.23439626313 1987.221898692
0.00000000058 2.28159262648 10006.5848089144
0.00000000046 0.16036583144 18763.8799875708
0.00000000045 1.72302046270 17402.3332817266
0.00000000043 5.75831854990 25298.2931544468
0.00000000047 5.27437932280 423.075072527
0.00000000060 3.50233382826 6511.6446702666
0.00000000043 1.82217346876 10017.9559447414
0.00000000049 4.64906795465 6251.1035441746
0.00000000042 5.31789294983 11368.1815714092
0.00000000048 0.49685981802 529.7082187468
0.00000000051 0.63985050945 17499.3601403154
0.00000000048 0.19901251387 1905.4647649404
0.00000000055 1.08536866814 1059.364676537
0.00000000056 4.31837960167 13358.8592781474
0.00000000046 3.71161153699 8958.5231966471
0.00000000042 3.41202446638 7788.3636590844
0.00000000050 2.27112469625 3427.9206312396
0.00000000055 5.25814691818 12808.8803039568
0.00000000048 0.28684868478 11935.8434476476
0.00000000050 0.30214747846 3358.4249488178
0.00000000043 5.05297177364 3229.4257844122
0.00000000041 4.11754654123 6553.2060100622
0.00000000043 1.90603004116 3451.7990689874
0.00000000046 4.45432031146 3707.8367556622
0.00000000041 2.88427064230 927.8399685028
0.00000000040 5.10715968924 14715.840234807
0.00000000050 5.23088101452 2373.6415492642
0.00000000039 3.58038785427 9124.9219860424
0.00000000052 4.06208791228 17660.303464057
0.00000000043 0.22819734412 10025.7186154574
0.00000000040 2.65434458508 3341.7930693519
0.00000000049 5.40078097720 17762.4440636882
0.00000000039 0.41453755531 5096.0841113789
0.00000000052 2.59285184666 2538.2485042536
0.00000000045 4.19179574727 37057.5774925662
0.00000000043 4.02858922778 6258.1497808726
0.00000000041 1.71920640714 10507.809332889
0.00000000038 2.11769718484 8123.4860621598
0.00000000049 2.41908302484 20441.823563607
0.00000000046 3.05701386187 2324.9494088156
0.00000000045 5.57751456016 15423.267560871
0.00000000040 2.80315795515 7520.19414115
0.00000000050 3.42753416123 52566.19261584059
0.00000000049 2.11653605140 22189.839976674
0.00000000043 3.04326197275 41592.6369294906
0.00000000039 3.58098532394 867.9336640776
0.00000000040 3.20381465754 29428.515568274
0.00000000038 3.65843764774 13341.6743113068
0.00000000037 3.99759212306 12725.453434775
0.00000000042 4.13817253189 8336.7851575978
0.00000000038 0.58099499580 8966.3875031733
0.00000000049 2.27415271613 3123.7902129128
0.00000000037 3.14802303104 5466.4225237762
0.00000000046 1.23573182695 11787.603905517
0.00000000037 5.60013944614 8123.503315812
0.00000000039 2.12359970883 23387.8101052476
0.00000000037 5.00181395644 17810.2009391838
0.00000000038 6.00950016545 4295.8539512994
0.00000000040 6.05295156557 6151.5511419572
0.00000000036 0.42674900890 9997.9588423516
0.00000000044 4.13342515647 12192.8614553906
0.00000000037 2.57249437155 9815.1365428028
0.00000000036 0.30459710615 10618.0156541084
0.00000000039 1.53352233747 6683.9763640106
0.00000000050 5.87136225569 4396.47123854
0.00000000040 4.58209614492 8294.1761864312
0.00000000036 3.26497387820 16269.35039562219
0.00000000040 4.17543231683 9962.4634181858
0.00000000036 1.95918123970 360.1107819616
0.00000000038 2.38454082948 24093.2767891752
0.00000000036 2.85429847882 6549.6828917132
0.00000000038 3.54096291728 19683.5637782372
0.00000000037 3.74762124247 1045.1548361876
0.00000000043 5.45850357191 17608.5188301638
0.00000000039 5.88001746710 4709.2726795448
0.00000000040 4.23855320433 3339.4317840477
0.00000000042 3.73781410726 7593.7950970652