1.53033488271 0.0 0.0
0.14184953160 3.47971283528 3340.6124266998
0.00660776362 3.81783443019 6681.2248533996
0.00046179117 4.15595316782 10021.8372800994
0.00008109733 5.55958416318 2810.9214616052
0.00007485318 1.77239078402 5621.8429232104
0.00005523191 1.36436303770 2281.2304965106
0.00003825160 4.49407183687 13362.4497067992
0.00002306537 0.09081579001 2544.3144198834
0.00001999396 5.36059617709 3337.0893083508
0.00002484394 4.92545639920 2942.4634232916
0.00001960195 4.74249437639 3344.1355450488
0.00001167119 2.11260868341 5092.1519581158
0.00001102816 5.00908403998 398.1490034082
0.00000899066 4.40791133207 529.6909650946
0.00000992252 5.83861961952 6151.533888305
0.00000807354 2.10217065501 1059.3819301892
0.00000797915 3.44839203899 796.2980068164
0.00000740975 1.49906336885 2146.1654164752
0.00000692339 2.13378874689 8962.4553499102
0.00000633144 0.89353283242 3340.5951730476
0.00000725583 1.24516810723 8432.7643848156
0.00000633140 2.92430446399 3340.629680352
0.00000574355 0.82896244455 2914.0142358238
0.00000526166 5.38292991236 3738.761430108
0.00000629978 1.28737486495 1751.539531416
0.00000472775 5.19850522346 3127.3133312618
0.00000348095 4.83219199976 16703.062133499
0.00000283713 2.90692064724 3532.0606928114
0.00000279543 5.25749685380 6283.0758499914
0.00000233857 5.10545987572 5486.777843175
0.00000219427 5.58340231744 191.4482661116
0.00000269896 3.76393625127 5884.9268465832
0.00000208335 5.25476078693 3340.545116397
0.00000275217 2.90817482492 1748.016413067
0.00000275506 1.21767950614 6254.6266625236
0.00000239119 2.03669934656 1194.4470102246
0.00000223189 4.19861535147 3149.1641605882
0.00000182689 5.08062725665 6684.7479717486
0.00000186207 5.69871572410 6677.7017350506
0.00000176000 5.95341919657 3870.3033917944
0.00000178617 4.18423004741 3333.498879699
0.00000208330 4.84626439637 3340.6797370026
0.00000228126 3.25526555588 6872.6731195112
0.00000144312 0.21306219460 5088.6288397668
0.00000163527 3.79888811958 4136.9104335162
0.00000133126 1.53906679361 7903.073419721
0.00000141755 2.47792380112 4562.4609930212
0.00000114927 4.31748869065 1349.8674096588
0.00000118789 2.12168482244 1589.0728952838
0.00000102094 6.18145185708 9492.1463150048
0.00000128570 5.49884728795 8827.3902698748
0.00000111546 0.55346108403 11243.6858464208
0.00000082498 1.62220096558 11773.3768115154
0.00000083204 0.61551135046 8429.2412664666
0.00000084463 0.62274409931 1592.5960136328
0.00000086666 1.74984525176 2700.7151403858
0.00000071813 2.47494065480 12303.06777661
0.00000085321 1.61634750496 4690.4798363586
0.00000063641 2.67334163937 426.598190876
0.00000068601 2.40188234283 4399.994356889
0.00000058559 4.72052839990 213.299095438
0.00000062009 1.10068565926 1221.8485663214
0.00000066499 2.21296335919 6041.3275670856
0.00000055810 1.23288066320 3185.1920272656
0.00000054969 5.72695354791 951.7184062506
0.00000052430 3.02368095530 4292.3308329504
0.00000055688 5.44688671707 3723.508958923
0.00000058959 3.26242460622 6681.2421070518
0.00000044638 2.01459444131 8031.0922630584
0.00000058959 1.23165296790 6681.2075997474
0.00000042439 2.26554261514 155.4203994342
0.00000038955 2.57760417339 3341.592747768
0.00000051550 5.72324451485 7079.3738568078
0.00000048940 5.61613493545 3553.9115221378
0.00000045406 5.43303278149 6467.9257579616
0.00000036438 4.43922435395 3894.1818295422
0.00000035980 1.15972378713 2288.3440435114
0.00000035268 5.49032233898 1990.745017041
0.00000042192 1.63254827838 5628.9564702112
0.00000044292 5.00344221303 5614.7293762096
0.00000033616 5.17029030468 20043.6745601988
0.00000043256 1.03722397198 11769.8536931664
0.00000039237 1.24237030858 3339.6321056316
0.00000031949 4.59259676953 2274.1169495098
0.00000030352 2.44163963455 11371.7046897582
0.00000032269 2.38222363233 4535.0594369244
0.00000031855 4.37536980289 3.523118349
0.00000029342 4.06035002188 3097.88382272579
0.00000031967 1.93969979134 382.8965322232
0.00000026164 5.58463559826 9623.6882766912
0.00000027903 4.25809486053 3191.0492295652
0.00000033044 0.85475620169 553.5694028424
0.00000027544 1.57668645170 9595.2390892234
0.00000025163 0.81337734264 10713.9948813262
0.00000022045 0.85711201558 3319.8370312074
0.00000024759 5.38993953923 2818.035008606
0.00000023352 6.01458974590 3496.032826134
0.00000024723 2.58025225634 2803.8079146044
0.00000019361 5.18528881954 6681.2921637024
0.00000019118 5.41969355400 10025.3603984484
0.00000019361 5.59378511334 6681.1575430968
0.00000018331 5.79565723310 7064.1213856228
0.00000018188 5.61299105522 7.1135470008
0.00000020393 4.53615443964 6489.776587288
0.00000021258 6.19174428363 14054.607308026
0.00000017094 1.54988538094 2957.7158944766
0.00000022794 3.41719468533 7632.9432596502
0.00000020561 2.98654120324 3361.3878221922
0.00000017050 6.15529583629 10404.7338123226
0.00000018007 2.81505100996 4032.7700279266
0.00000016487 3.84534133372 10973.55568635
0.00000016056 0.92819026247 14584.2982731206
0.00000021008 2.38506850221 4989.0591838972
0.00000016291 1.92190075688 7373.3824546264
0.00000016286 6.28252184173 7210.9158184942
0.00000018575 4.07319565284 2388.8940204492
0.00000015976 4.58379703739 3264.3463554242
0.00000019909 2.73523951203 5099.2655051166
0.00000019667 1.86294734899 3443.7052009184
0.00000016500 4.14061657170 7477.522860216
0.00000019492 6.03778625701 10018.3141617504
0.00000015097 2.65433832872 2787.0430238574
0.00000019099 0.22623513076 13745.3462390224
0.00000017164 3.18826299350 3347.7259737006
0.00000013407 2.12775612449 3344.2028553516
0.00000015407 2.20766468871 2118.7638603784
0.00000017246 3.67064642858 3205.5473466644
0.00000013091 4.27475419816 14314.1681130498
0.00000016437 2.86612474805 14712.317116458
0.00000016648 4.52135149200 6674.1113063988
0.00000013718 1.68586111426 3337.021998048
0.00000011824 0.19675650045 3475.6775067352
0.00000011757 3.23020638064 5828.0284716476
0.00000011884 4.82075035433 7234.794256242
0.00000010608 1.73995972784 639.897286314
0.00000011143 0.23833349966 12832.7587417046
0.00000011028 0.44555687290 10213.285546211
0.00000010238 5.74731032428 242.728603974
0.00000010052 2.45096419672 4929.6853219836
0.00000010061 0.78904152333 9381.9399937854
0.00000010065 5.37509927353 5085.038411115
0.00000011897 0.79890074455 3265.8308281325
0.00000008983 0.96474320941 4933.2084403326
0.00000008976 4.18310051894 9225.539273283
0.00000008982 1.98499607259 15113.9892382152
0.00000008325 1.93706224943 1648.4467571974
0.00000007832 2.04997038646 1758.6530784168
0.00000007964 3.92258783522 2921.1277828246
0.00000010223 2.66509814753 2487.4160449478
0.00000008277 0.94860765545 2906.900688823
0.00000007371 0.84436508721 692.1576012268
0.00000007529 5.68043313811 13916.0191096416
0.00000007907 2.81314645975 15643.6802033098
0.00000006956 3.32212696002 3230.4061054804
0.00000007426 6.09654676653 3583.3410306738
0.00000006402 4.19806999276 5202.3582793352
0.00000006523 6.11927838278 135.0650800354
0.00000006127 0.00122595969 6836.6452528338
0.00000006223 6.10653136990 17256.6315363414
0.00000008161 5.24822786208 10575.4066829418
0.00000006163 3.60026818309 10021.8545337516
0.00000006163 1.56949585888 10021.8200264472
0.00000005673 0.13638905291 13524.9163429314
0.00000006257 4.50450316951 8425.6508378148
0.00000005249 2.70116504868 4459.3682188026
0.00000006470 2.74232480124 7740.6067835888
0.00000005523 6.06378363783 10419.9862835076
0.00000005548 5.75002125481 12168.0026965746
0.00000006827 4.69340338938 17654.7805397496
0.00000004993 4.68464837021 522.5774180938
0.00000006320 3.31938091270 3767.2106175758
0.00000004735 0.00770324607 3325.3599555148
0.00000005025 2.33675441772 1052.2683831884
0.00000004656 5.15033151106 1066.49547719
0.00000004728 5.77993082374 9808.5381846614
0.00000005128 1.57178942294 6525.8044539654
0.00000004523 1.44233177206 3369.0616141676
0.00000006205 4.48163731718 22747.2907148744
0.00000006169 4.59085555242 6531.661656265
0.00000005329 4.55141789349 1744.4259844152
0.00000004514 5.94508421612 6894.5239488376
0.00000004330 3.10899106071 4569.574540022
0.00000005367 5.08071026709 2707.8286873866
0.00000005138 1.28584065229 8439.8779318164
0.00000004120 5.48544036931 2699.7348193176
0.00000005398 5.21710209952 5305.4510535538
0.00000004450 5.56771154217 16865.5287696312
0.00000003898 1.48753002285 9168.6408983474
0.00000003858 1.23056079731 16858.4825329332
0.00000003764 0.27080818668 17395.2197347258
0.00000004687 3.05709075840 5518.7501489918
0.00000004264 2.79046663043 3503.079062832
0.00000003864 0.37957786186 10177.2576795336
0.00000003992 1.84425142473 3134.4268782626
0.00000003658 2.95544843123 6144.4203413042
0.00000003650 1.58041651396 6680.2445323314
0.00000003945 1.98631850445 8969.568896911
0.00000003357 2.72642619106 7875.6718636242
0.00000003612 2.91545290475 6682.2051744678
0.00000004391 0.81942455331 3302.479391062
0.00000004062 5.46935163229 3120.199784261
0.00000003319 1.77193665114 3116.2676309979
0.00000003501 1.17933995367 10184.3039162316
0.00000004008 1.33675583877 6247.5131155228
0.00000003603 0.15462927995 2178.137722292
0.00000003310 3.12882757204 17277.4069318338
0.00000004133 4.39583076998 3074.005384978
0.00000003203 3.36608406402 2384.3232707292
0.00000003991 3.82886107874 3355.8648978848
0.00000004209 1.90551053001 263.0839233728
0.00000003751 4.25459322896 6261.7402095244
0.00000003111 1.65372563906 20199.094959633
0.00000003627 5.55043389753 632.7837393132
0.00000002900 1.91536985830 12935.8515159232
0.00000003373 5.50812409170 23384.2869868986
0.00000003130 5.44035193127 6048.4411140864
0.00000003314 5.83281937056 5331.3574437408
0.00000003813 0.80274300018 13517.8701062334
0.00000003618 3.68174019476 5724.935697429
0.00000002813 1.68598843421 2391.43681773
0.00000002902 5.30668266703 8955.3418029094
0.00000003225 2.29849058942 3312.163239232
0.00000002744 5.50347742867 149.5631971346
0.00000003860 3.48197884682 20618.0193585336
0.00000002810 4.77172972854 1964.838626854
0.00000002711 2.69239976396 3178.1457905676
0.00000002711 2.38313180043 2648.454825473
0.00000002831 5.91934295130 12964.300703391
0.00000002739 1.09522334227 536.8045120954
0.00000002710 6.10385329581 3973.396166013
0.00000002488 3.87703808830 1861.7458526354
0.00000002623 2.65529542780 8329.671610597
0.00000002940 5.68286095012 6158.6474353058
0.00000002336 3.24847007110 4672.6673142406
0.00000002318 1.69208910196 3914.9572250346
0.00000002367 4.75070694678 103.0927742186
0.00000002963 0.23379260146 20597.2439630412
0.00000002182 6.18341760619 3346.1353510072
0.00000002451 1.92510991367 7799.9806455024
0.00000002549 5.39464168921 3863.1898447936
0.00000002121 4.87506277174 9830.3890139878
0.00000002181 0.58531113635 162.4666361322
0.00000002101 2.84309144308 3415.3940252671
0.00000002103 3.06103660745 19800.9459562248
0.00000002339 3.90794221100 3335.0895023924
0.00000002143 5.40843887525 266.6070417218
0.00000002026 5.52082289678 10021.9045904022
0.00000001997 2.77245698491 13936.794505134
0.00000002143 0.09046579554 13358.9265884502
0.00000001995 2.62507525502 20.7753954924
0.00000001959 4.88162273140 3237.5196524812
0.00000002219 1.06826905532 3320.257107301
0.00000002126 3.02110226880 5625.3660415594
0.00000002124 3.68619137826 5618.3198048614
0.00000001940 1.28990042410 17924.9106998204
0.00000002563 2.09964366436 7910.1869667218
0.00000002541 4.92484934029 6604.958782124
0.00000001816 5.57505731597 3351.2490920496
0.00000001776 5.77337176841 3607.2194684216
0.00000001779 4.48010754608 10818.1352869158
0.00000001991 2.60731155414 3546.797975137
0.00000001735 1.51574912984 1692.1656695024
0.00000002099 5.75659410227 13365.9728251482
0.00000001801 2.73190366523 3360.96774609859
0.00000001760 2.21274514293 13119.72110282519
0.00000001907 3.32232991929 6702.000248892
0.00000001732 1.43627324542 4885.9664096786
0.00000002043 1.19294433795 6660.4494579072
0.00000001774 2.18409046663 6784.3176276182
0.00000001721 4.86030510926 10014.7237330986
0.00000001766 2.09400474030 3603.6963500726
0.00000001599 3.48163351273 23141.5583829246
0.00000001596 3.52844251750 6688.3384004004
0.00000001625 3.24396520223 3657.0042963564
0.00000001580 1.88559955946 6298.3283211764
0.00000001614 5.73885935004 4555.3474460204
0.00000001534 5.17856445800 76.2660712756
0.00000002034 2.63611090015 16460.33352952499
0.00000002025 5.92932421118 10021.7699697966
0.00000001690 4.41092763741 5729.506447149
0.00000001880 4.53291066339 3329.97576135
0.00000001529 4.75820072827 7895.9598727202
0.00000001529 1.35292688408 1581.959348283
0.00000001807 1.86211947929 2693.601593385
0.00000001871 2.38027840271 6843.6914895318
0.00000001525 3.98478982422 6546.1597733642
0.00000001391 5.54907950578 4775.7600884592
0.00000001447 2.35649936426 6034.2140200848
0.00000001425 4.46726861881 574.3447983348
0.00000001372 1.07223935556 12722.5524204852
0.00000001374 1.81967687782 9779.1086761254
0.00000001426 2.56937630608 3399.9862886134
0.00000001380 5.76161063950 16335.8378045366
0.00000001337 2.97604378007 6127.6554505572
0.00000001478 4.74293012446 12566.1516999828
0.00000001359 0.80090329608 853.196381752
0.00000001716 0.30679442592 10551.528245194
0.00000001544 4.33406034501 640.8776073822
0.00000001280 2.00262938648 6677.6344247478
0.00000001233 1.02381163524 3024.2205570432
0.00000001279 1.92685858897 3347.6586633978
0.00000001243 2.44194753910 6684.8152820514
0.00000001459 1.74092527479 3333.5661900018
0.00000001675 1.79700655545 1118.7557921028
0.00000001490 2.59383061313 2494.5295919486
0.00000001293 3.31710472549 3407.0998356142
0.00000001187 4.92958290110 22743.4093795164
0.00000001374 2.53380484533 5459.3762870782
0.00000001329 1.99425606160 1228.9621133222
0.00000001183 4.25338096713 3344.4937620578
0.00000001231 2.50206387861 4356.275444584
0.00000001243 2.65173439875 74.7815985673
0.00000001285 4.34087881585 3326.3853326982
0.00000001119 1.91321733325 3281.2385647862
0.00000001265 3.77353981627 11236.57229942
0.00000001089 5.51229221434 3017.1070100424
0.00000001286 1.38393461860 3077.528503327
0.00000001100 1.17127664716 6606.4432548323
0.00000001256 3.35491080997 4039.8835749274
0.00000001381 5.69970569949 2807.3983432562
0.00000001106 5.81878194960 2675.8563815698
0.00000001187 2.41348978779 10596.1820784342
0.00000001052 3.33521939538 3304.5845600224
0.00000001184 5.84735789822 3336.7310913418
0.00000001071 2.78692349783 8270.2977486834
0.00000001106 3.03323928564 3929.677253708
0.00000001013 3.51980287593 8013.2797409404
0.00000001079 0.51857998748 2814.4445799542
0.00000000997 4.72549938173 533.2140834436
0.00000001126 0.52511404239 6816.289933435
0.00000001313 2.07279662119 23539.7073863328
0.00000000997 4.03571286988 16062.1845261168
0.00000001180 0.60882533212 2301.58581590939
0.00000000954 5.90344184081 20206.141196331
0.00000000993 0.07173946166 24150.080051345
0.00000001088 1.25542347811 5938.234792867
0.00000001046 2.22216816006 3980.5097130138
0.00000000912 2.54221161157 433.7117378768
0.00000001248 0.59994750055 16173.3711684044
0.00000001027 4.95981994495 19676.4502312364
0.00000001108 4.34209448160 3339.1279539915
0.00000001188 6.21563718642 2679.3794999188
0.00000001143 4.48026291181 19402.7969528166
0.00000000947 1.30292113731 8273.8208670324
0.00000000841 0.83266239461 2597.6223661672
0.00000001017 5.14490946009 1596.1864422846
0.00000000832 5.60623652030 3340.19235060619
0.00000001035 4.71834396549 419.4846438752
0.00000000843 5.30135428959 26084.0218062162
0.00000000904 0.45707711274 12995.2253778368
0.00000001089 0.51279391816 11250.7993934216
0.00000000990 2.06776071698 7255.5696517344
0.00000000806 3.09007612136 5415.6573747732
0.00000000786 4.62520938233 2547.8375382324
0.00000000784 6.24013860877 15508.6151232744
0.00000000963 2.10680539918 6456.8800576977
0.00000000983 2.34198517787 18454.601664915
0.00000000778 3.56577545397 12721.572099417
0.00000000873 5.09097165091 2540.7913015344
0.00000000767 3.08340332968 11081.2192102886
0.00000000859 4.14805102195 6438.4962494256
0.00000001012 4.45000929440 3316.733988952
0.00000000906 4.29336078401 3344.5445799629
0.00000000740 2.61398721165 2284.7536148596
0.00000000790 6.03436807620 12509.2533250472
0.00000000742 4.11069563225 3760.097070575
0.00000000739 0.52114868719 18052.9295431578
0.00000000731 3.28129610605 3510.1926098328
0.00000000923 2.78717980606 1332.0548875408
0.00000000757 0.86911170494 1545.3539829788
0.00000000910 2.74957179518 316.3918696566
0.00000000776 3.72496049906 6571.0185321802
0.00000000996 0.45947604134 27490.6924780448
0.00000000704 1.89599510634 13362.432453147
0.00000000702 5.53839511728 3364.4908644476
0.00000000698 2.20800707948 20995.3929664494
0.00000000701 3.92671746155 13362.4669604514
0.00000000764 1.88253040974 5732.0492444298
0.00000000699 1.79149358545 206.1855484372
0.00000000687 0.34919720925 5835.1420186484
0.00000000686 0.12318958493 13760.5987102074
0.00000000827 0.49766945170 3376.6402933772
0.00000000684 0.23959365533 2409.249339848
0.00000000671 0.51079989451 25685.872802808
0.00000000699 5.90166576392 19004.6479494084
0.00000000649 4.88357273177 11766.2632645146
0.00000000647 3.01092562913 5223.6939198022
0.00000000725 3.28015382608 4142.976349146
0.00000000676 0.48866539717 5408.5438277724
0.00000000811 3.13587175379 18984.2926300096
0.00000000653 4.27065316348 1214.7350193206
0.00000000647 3.62972991197 7107.8230442756
0.00000000824 4.49442636948 3341.0325027934
0.00000000671 0.17020701482 110.2063212194
0.00000000626 4.93471822146 9872.2740829648
0.00000000583 6.03261379086 20809.4676246452
0.00000000586 4.02402847599 664.75604513
0.00000000592 4.01141532759 19406.6782881746
0.00000000692 1.45478322504 3377.217792004
0.00000000571 1.20823617855 5621.8601768626
0.00000000571 5.46064992297 5621.8256695582
0.00000000737 3.19744761356 9380.9596727172
0.00000000598 3.05986754375 3341.0423098265
0.00000000677 4.72311533943 8116.372515159
0.00000000696 0.14131183251 6923.9534573736
0.00000000595 2.17622352088 7270.2896804078
0.00000000573 0.40143379609 15110.4661198662
0.00000000655 1.08706089359 3169.9395560806
0.00000000582 1.68224967196 26087.9031415742
0.00000000549 1.67151859507 11780.4903585162
0.00000000543 2.42716241057 170.6728706192
0.00000000533 2.63968766595 2277.7073781616
0.00000000584 5.99680812069 2149.6885348242
0.00000000576 1.69042028754 3384.3313390048
0.00000000546 2.53920837226 7380.4960016272
0.00000000598 0.75754342787 3340.1825435731
0.00000000575 1.33793171924 3296.8935143948
0.00000000526 5.02709350225 1375.7737998458
0.00000000541 6.17208296381 13149.1506113612
0.00000000689 0.02979541784 22345.2603761082
0.00000000540 5.54146803424 8646.0634802536
0.00000000528 2.74122616237 3826.5844794894
0.00000000505 6.27740886099 10235.1363755374
0.00000000689 6.28209877521 12295.9542296092
0.00000000499 0.25663630799 2142.6422981262
0.00000000498 5.91370528027 6460.8122109608
0.00000000508 0.62111966418 20735.83216142559
0.00000000522 2.56526285270 3877.4169387952
0.00000000588 3.39977690249 3329.5667264359
0.00000000486 4.01080943956 23937.856389741
0.00000000573 3.88912359036 9065.5481241288
0.00000000535 1.55491053821 2221.856634597
0.00000000523 2.88572080247 6040.3472460174
0.00000000473 4.14503886880 3113.1362939108
0.00000000459 4.05994683743 1162.4747044078
0.00000000494 2.98928486614 1039.0266107904
0.00000000487 4.88596324970 5511.636601991
0.00000000537 1.24870344441 48835.19385644859
0.00000000462 5.38999453893 15664.03552270859
0.00000000580 5.52560147930 4981.9456368964
0.00000000524 1.21845283197 10721.108428327
0.00000000583 5.13992428384 3873.8265101434
0.00000000440 4.69966061314 799.8211251654
0.00000000465 5.49231586238 3342.0968994081
0.00000000441 2.28374512416 12310.1813236108
0.00000000436 0.12517834889 956.2891559706
0.00000000440 3.74259902142 5195.2447323344
0.00000000537 5.91841782585 1478.8665740644
0.00000000429 1.20544410750 28.4491874678
0.00000000566 3.86528084538 26482.1708096244
0.00000000555 5.30320900441 2766.267628365
0.00000000457 1.45547501374 5636.070017212
0.00000000494 0.63303483918 3274.1250177854
0.00000000451 0.35861793151 6665.9723822146
0.00000000541 1.89116221008 9866.4168806652
0.00000000441 5.47800914687 4407.1079038898
0.00000000410 1.94403991211 10020.8569590312
0.00000000544 3.15066022776 8535.8571590342
0.00000000402 3.25745210946 5820.9149246468
0.00000000405 0.93747657450 2295.4575905122
0.00000000416 1.42792982324 21947.11137270
0.00000000415 3.32867165254 8859.3625756916
0.00000000407 0.86210907189 29026.48522950779
0.00000000399 4.65476356450 4825.544916394
0.00000000416 2.62133861173 38.1330356378
0.00000000403 1.68400791647 9588.1255422226
0.00000000413 5.34053015386 3189.5647568569
0.00000000431 3.10172506449 11216.284290324
0.00000000494 4.57792960212 8542.970706035
0.00000000383 4.90093906321 19146.7592661418
0.00000000456 1.17955496121 10610.9021071076
0.00000000420 0.03239467048 3192.5337022735
0.00000000378 0.19461410317 2067.9314010726
0.00000000425 4.33864174857 220.4126424388
0.00000000414 1.15478222156 6643.0918177618
0.00000000390 4.75915594442 6414.6178116778
0.00000000385 2.74383378093 1854.6323056346
0.00000000382 3.26274102234 31022.7531708562
0.00000000399 1.37709427447 9654.612951137
0.00000000381 4.18323991778 6696.4773245846
0.00000000378 5.87644939998 6357.7194367422
0.00000000374 4.16579540067 13553.8979729108
0.00000000404 3.12419888471 3723.4917052708
0.00000000393 5.81756122718 3490.1756238344
0.00000000357 3.99005864695 8958.9322315612
0.00000000373 1.27017379563 2111.6503133776
0.00000000494 4.66290046895 1435.1476617594
0.00000000390 2.02097473321 1903.4368125012
0.00000000379 4.08720452061 10706.8813343254
0.00000000365 2.26917834367 28628.3362260996
0.00000000461 1.90079945086 25287.7237993998
0.00000000383 2.18698994244 16276.463942623
0.00000000364 3.25068295862 5095.6750764648
0.00000000431 1.79617275249 6709.6740408674
0.00000000383 4.73047210613 3981.490034082
0.00000000383 2.72628596393 3472.1543883862
0.00000000338 1.71242732923 224.3447957019
0.00000000336 5.78510056191 26880.3198130326
0.00000000358 3.45328915967 15.252471185
0.00000000386 6.20072810380 8671.9698704406
0.00000000335 1.10573866929 59.3738619136
0.00000000394 4.02046774112 2075.0449480734
0.00000000404 3.27554084958 931.3630868518
0.00000000332 4.57985270157 8982.810669309
0.00000000318 3.29010380724 9485.032768004
0.00000000341 6.08550074779 17085.9586657222
0.00000000317 4.05379693363 3450.8187479192
0.00000000308 1.01972298903 18606.4989460002
0.00000000369 2.84012437948 4392.8808098882
0.00000000419 2.79753443827 5106.3790521174
0.00000000301 5.54688241213 3041.4860324306
0.00000000299 5.01812614127 2810.9387152574
0.00000000357 1.15866958020 4076.4889402316
0.00000000299 2.98735462676 2810.904207953
0.00000000360 5.83226121443 26724.8994135984
0.00000000364 0.71456222108 3209.0704650134
0.00000000388 5.01180713189 12323.4230960088
0.00000000336 4.60072831728 9602.3526362242
0.00000000371 2.23508025241 4996.172730898
0.00000000338 5.83235701604 4246.0691233646
0.00000000309 5.24769404310 13171.0014406876
0.00000000294 2.20962875276 11140.5930722022
0.00000000292 3.07172302940 11670.2840372968
0.00000000290 0.39535768288 2412.772458197
0.00000000346 1.74151420484 5617.9107699473
0.00000000296 6.04933382807 9499.2598620056
0.00000000302 3.01024090578 7483.5887758458
0.00000000394 2.12229107241 6475.0393049624
0.00000000283 0.52912721426 16699.53901514999
0.00000000338 4.94606216822 5625.7750764735
0.00000000299 5.26277094099 9945.5712088238
0.00000000279 0.54063870001 3226.2133197864
0.00000000309 3.17514941942 14047.4937610252
0.00000000383 3.23919312949 10022.8176011676
0.00000000312 2.74287650032 6652.7756659318
0.00000000366 5.48470145487 3561.0250691386
0.00000000272 0.11219838826 7314.0085927128
0.00000000281 5.15132055967 2825.1485556068
0.00000000325 2.45554148062 8436.2875031646
0.00000000292 3.33720528630 9468.267877257
0.00000000266 1.64531471079 4253.1826703654
0.00000000266 1.69689370230 647.0108333148
0.00000000260 2.54461537647 20.3553193988
0.00000000275 2.78381954796 2970.9126107594
0.00000000295 5.96367554546 4025.6564809258
0.00000000265 4.00664363477 2171.0241752912
0.00000000310 1.40846068056 589.0648270082
0.00000000267 3.01024875581 6518.7582172674
0.00000000259 5.20888482694 7366.2689076256
0.00000000274 0.75900688956 3735.238311759
0.00000000305 6.19137588974 6677.3435180416
0.00000000265 3.25039598109 24889.5747959916
0.00000000260 1.36534128911 846.0828347512
0.00000000279 6.19278334118 16706.585251848
0.00000000253 4.14762846559 5642.1982426092
0.00000000257 0.08460483453 13362.3823964964
0.00000000331 6.27239577743 16304.9131300908
0.00000000259 2.03595864791 2089.782230399
0.00000000243 1.92565816384 6418.1409300268
0.00000000244 1.37325119410 2277.2983432475
0.00000000303 3.78453746314 28230.18722269139
0.00000000259 4.79543939498 6657.3464156518
0.00000000238 1.18977479528 3171.0322435668
0.00000000256 1.01427800277 568.8218740274
0.00000000236 5.56425829083 14.2270940016
0.00000000237 2.97284129671 27682.1407441564
0.00000000238 2.47584234436 5430.3946570988
0.00000000234 4.34956793150 6675.7019290922
0.00000000238 0.13886525152 3742.284548457
0.00000000305 4.59739079661 6685.1061887576
0.00000000300 3.81293221774 1190.9238918756
0.00000000323 1.67391005108 4922.5717749828
0.00000000232 4.82574695052 9070.1188738488
0.00000000236 2.40662610715 3620.3989310522
0.00000000251 5.04374120897 1905.4647649404
0.00000000260 4.54521365935 2285.1626497737
0.00000000263 0.63920765354 2008.557539159
0.00000000301 3.78342344549 34363.365597556
0.00000000282 5.00900221145 5607.6158292088
0.00000000252 5.72540861680 17468.8551979454
0.00000000288 2.26316945289 6621.850991486
0.00000000224 3.76343722525 10042.6126755918
0.00000000251 5.51643360482 3416.8784979754
0.00000000225 5.50723076933 4936.7988689844
0.00000000237 4.86086962980 14158.7477136156
0.00000000249 1.06089727346 3313.210870603
0.00000000225 2.16307488317 3936.7908007088
0.00000000219 1.70468184895 18451.07854656599
0.00000000287 5.70519621324 792.7748884674
0.00000000244 1.94639665939 3.5904286518
0.00000000264 1.49529049866 6364.832983743
0.00000000254 5.34446995415 5401.4302807716
0.00000000222 1.30177724842 29822.7832363242
0.00000000223 2.66657203577 31968.9486527994
0.00000000306 6.06259585249 14061.7208550268
0.00000000218 5.18889136792 23017.0626579362
0.00000000236 3.30738668030 1197.9701285736
0.00000000214 2.72627704766 6740.5987153132
0.00000000233 1.62260863687 10001.061884607
0.00000000270 0.90714933652 6155.057006654
0.00000000214 2.48624019430 5355.2358814886
0.00000000221 2.98361193277 131.5419616864
0.00000000210 2.62093674086 10124.930054318
0.00000000211 5.27490544059 13355.3361597984
0.00000000259 1.25267305827 2641.3412784722
0.00000000213 4.12642821680 31570.7996493912
0.00000000285 0.85763558421 8749.1562544722
0.00000000243 2.44748800604 3311.18291816379
0.00000000226 5.48392576152 7203.8022714934
0.00000000251 4.67012983731 6666.997759398
0.00000000264 3.72622435629 6747.712262314
0.00000000260 3.67749190897 6645.1969867222
0.00000000209 4.31928920378 3337.8609160888
0.00000000207 4.73304189825 6679.7403806913
0.00000000206 1.11183726079 5888.4499649322
0.00000000215 4.11048880636 3378.7454623376
0.00000000213 0.34186471358 6686.747777707
0.00000000214 2.95860972924 10824.2012025456
0.00000000204 0.73237459786 3.9321532631
0.00000000219 0.88578298306 19513.9835951042
0.00000000249 0.99691404829 5753.3848848968
0.00000000205 2.60851826933 2771.7905526724
0.00000000244 2.73638895956 5989.0672521728
0.00000000201 3.31791007890 6850.8050365326
0.00000000258 2.77004595067 2480.302497947
0.00000000246 3.34468800742 3333.9287628257
0.00000000257 5.95927379256 13362.517017102
0.00000000214 4.83852070028 6681.6449294932
0.00000000197 0.55202541351 735.8765135318
0.00000000216 4.02521804874 3133.9116894032
0.00000000255 2.66015039822 1062.9050485382
0.00000000209 0.67381599651 13892.1406718938
0.00000000193 1.52645682131 949.1756089698
0.00000000195 2.87576501755 21548.9623692918
0.00000000223 1.09315483130 6148.010769956
0.00000000219 1.52537634511 6660.8695340008
0.00000000244 4.10741249432 22487.3716928416
0.00000000192 2.90573573946 8799.988713778
0.00000000206 5.11175805400 4140.4335518652
0.00000000215 0.20523958080 4782.87363546
0.00000000193 3.19008521837 6756.0064519669
0.00000000188 1.03828263764 9374.8264467846
0.00000000188 2.50123675826 6944.3087767724
0.00000000260 1.61746038838 2011.1003364398
0.00000000218 0.84212090762 6717.252720077
0.00000000200 2.43090582870 10018.2468514476
0.00000000199 5.81238461808 4289.7880356696
0.00000000195 3.02792862154 32765.2466596158
0.00000000214 5.95026024981 6680.804777306
0.00000000248 5.77658456809 15806.146839442
0.00000000185 3.13072183492 3253.30422216
0.00000000246 2.58153533312 1795.258443721
0.00000000188 4.02461769542 14577.1847261198
0.00000000234 3.36641746142 8965.9784682592
0.00000000185 0.96707446746 2604.735913168
0.00000000184 1.46821995395 1437.1756141986
0.00000000232 5.61892824149 227.476132789
0.00000000211 4.23517070569 16703.07938715119
0.00000000196 2.80582160764 2796.6943676036
0.00000000198 5.92373801410 4133.3873151672
0.00000000223 1.81801741599 3184.2117061974
0.00000000184 4.92796517214 8166.1573430938
0.00000000244 5.81091817596 29424.634232916
0.00000000185 2.03013271464 6674.1786167016
0.00000000181 2.71503450485 4186.695261451
0.00000000225 3.12302444250 3613.2853840514
0.00000000197 3.65879755110 4271.9755135516
0.00000000241 0.75274729025 3232.9489027612
0.00000000222 1.69212877746 11614.4332937322
0.00000000182 1.54430188037 9947.0556815321
0.00000000181 1.80044971980 6717.8302187038
0.00000000178 4.39527633207 9886.772200064
0.00000000195 5.90931353628 6705.1032911474
0.00000000182 2.77245257008 6887.4104018368
0.00000000203 5.23403035771 7586.6815500644
0.00000000181 4.61381081330 3361.9480671668
0.00000000183 5.23652106144 6578.132079181
0.00000000207 0.88261302661 10156.9023601348
0.00000000183 4.98729652435 6670.5881880498
0.00000000173 3.89701254344 6019.9919266186
0.00000000176 0.17686337588 401.6721217572
0.00000000217 1.94931402901 8226.5788363784
0.00000000225 2.30388003779 1879.5583747534
0.00000000190 2.71370120496 742.9900605326
0.00000000183 5.82189577442 8962.438096258
0.00000000172 3.87119927472 10028.9508271002
0.00000000197 1.88682060252 5032.7780962022
0.00000000172 2.55622468142 3188.7151456146
0.00000000217 1.64882877306 21265.5231265202
0.00000000209 5.78130707501 3343.3639373108
0.00000000187 5.23125369896 2125.8774073792
0.00000000197 6.17705206967 6947.8318951214
0.00000000167 6.26759251026 15849.865751747
0.00000000180 5.16028069861 27832.0382192832
0.00000000189 2.38894304278 3212.5935833624
0.00000000176 0.82131139167 14591.4118201214
0.00000000181 2.19749893549 16703.0448798468
0.00000000172 4.65456846579 9175.7544453482
0.00000000164 2.10466608169 6688.2710900976
0.00000000214 1.83336768044 1596.1191319818
0.00000000164 1.68898542913 3468.6312700372
0.00000000183 1.56948205762 8962.4726035624
0.00000000167 1.08651405162 20426.571092422
0.00000000191 5.54553650068 2806.9893083421
0.00000000167 0.91858800204 4001.8453534808
0.00000000165 3.44053809432 14421.8316369884
0.00000000166 5.87188270355 4452.2546718018
0.00000000200 5.63217439694 31172.650645983
0.00000000171 2.84145855585 5490.300961524
0.00000000189 0.57701168949 2973.3880977374
0.00000000163 2.42147685134 6314.0005244372
0.00000000222 3.14790575450 11610.9101753832
0.00000000224 2.35840793377 9638.9407478762
0.00000000206 3.13951282157 3336.6802734367
0.00000000162 6.16561793774 3547.3131639964
0.00000000163 5.40393445608 23.8784377478
0.00000000158 5.87599422933 4606.1799053262
0.00000000157 5.56903233932 4503.0871311076
0.00000000156 3.08339691033 3448.2759506384
0.00000000157 4.06627173793 5209.471826336
0.00000000201 2.56498664777 7321.1221397136
0.00000000211 1.66624816725 3304.0070613956
0.00000000158 3.66262944909 6997.6167230562
0.00000000162 0.05294981060 11925.2740926006
0.00000000159 5.73384451548 1265.5674786264
0.00000000165 1.72702001722 1744.493294718
0.00000000169 0.46442541075 17101.2111369072
0.00000000157 5.95120005632 8584.6616659008
0.00000000181 5.48699984659 3319.2767862328
0.00000000158 3.38811845461 8742.0427074714
0.00000000199 2.86360029577 10025.4277087512
0.00000000174 4.73514708467 9389.0535407862
0.00000000203 1.71629299124 699.2711482276
0.00000000162 1.85939646363 1329.51209026
0.00000000186 2.44573687199 2814.8536148683
0.00000000152 5.08616610530 3322.7999045818
0.00000000180 2.71480297259 2910.4911174748
0.00000000191 4.12947825174 9911.63095888
0.00000000178 4.58774508036 6685.1570066627
0.00000000168 3.13703791538 5621.9102335132
0.00000000185 4.32212013296 323.5054166574
0.00000000156 1.10107924002 3710.3122426402
0.00000000150 1.23635082247 4193.8088084518
0.00000000199 1.83524172935 3436.5916539176
0.00000000165 3.32970937124 1272.6810256272
0.00000000149 0.13370088787 36.0278666774
0.00000000195 0.55473364753 15265.8865193004
0.00000000153 3.46485402109 22324.9050567094
0.00000000168 3.54553456767 5621.7756129076
0.00000000156 4.16889740894 16894.5103996106
0.00000000146 1.24102730441 3372.5847325166
0.00000000163 0.44791234897 37895.4262903674
0.00000000154 5.63537863362 3185.2593375684
0.00000000197 3.23364188387 3774.3241645766
0.00000000179 3.47455924555 8564.306346502
0.00000000185 2.18250548132 802.3639224462
0.00000000155 2.58725745796 1883.0814931024
0.00000000145 2.62035460481 3368.0139827966
0.00000000148 2.51710178830 3262.8618827159
0.00000000185 3.03939668358 3354.8395207014
0.00000000190 6.00165436525 4427.3959129858
0.00000000179 6.01012688855 6691.8615187494
0.00000000149 5.39106891990 2945.9865416406
0.00000000143 3.37267915445 3468.5639597344
0.00000000160 2.16704681601 0.9803210682
0.00000000188 0.65797619362 369.6998159404
0.00000000190 1.63240538928 2324.9494088156
0.00000000186 1.44849264285 1015.6630178842
0.00000000139 1.27677785334 6549.6828917132
0.00000000162 4.35256558989 4005.3684718298
0.00000000137 2.20364649213 1765.7666254176
0.00000000136 0.45455359025 3193.8007401762
0.00000000148 5.14035003664 1641.3332101966
0.00000000153 5.97404356743 3568.0885594888
0.00000000142 3.30600789729 6151.5166346528
0.00000000188 0.98977442881 2538.2485042536
0.00000000143 3.06403412450 1612.9513330316
0.00000000164 1.67483546459 2751.5475996916
0.00000000139 4.12207666842 5813.291189322
0.00000000144 1.96990399980 2014.6234547888
0.00000000145 5.54086212771 3152.68727893721
0.00000000132 0.96753793729 3487.4241132234
0.00000000148 1.54957786715 7696.8878712838
0.00000000176 2.35644988345 11346.7786206394
0.00000000133 6.01160718148 34513.2630726828
0.00000000131 2.48606821423 1353.3905280078
0.00000000133 3.01300582040 3283.7140517642
0.00000000142 5.33677852971 6151.5511419572
0.00000000130 5.25558990337 13212.8865096646
0.00000000165 1.32559153829 6510.5519827804
0.00000000128 6.07261046225 3362.4632560262
0.00000000143 1.04060603784 3351.6581269637
0.00000000142 0.29094317859 3212.6608936652
0.00000000175 3.17574071112 6701.5801727984
0.00000000129 2.90662663637 6812.766815086
0.00000000140 5.87139171391 6382.0984591304
0.00000000125 1.62548810323 10191.4174632324
0.00000000128 3.55358985291 3223.2925584796
0.00000000128 0.49984480965 10264.5658840734
0.00000000144 4.44112984395 7100.7094972748
0.00000000124 2.02283056333 6724.9437657046
0.00000000134 0.19295362623 3130.8364496108
0.00000000126 4.30028787044 1971.9521738548
0.00000000133 5.00404182206 11883.5831327348
0.00000000124 0.73963594764 1485.9801210652
0.00000000136 0.79050065403 2281.2477501628
0.00000000143 3.34238727539 3181.6689089166
0.00000000123 0.47283015475 3347.2960905739
0.00000000152 5.01464455460 3358.4249488178
0.00000000137 5.73257098528 5244.049239201
0.00000000122 1.37003015612 3370.0419352358
0.00000000130 0.90844304292 3427.9206312396
0.00000000135 3.56996218538 3229.4257844122
0.00000000121 3.19494013546 4576.6880870228
0.00000000118 2.08835676181 2917.5373541728
0.00000000122 3.91901660011 4957.0868780804
0.00000000119 4.05658830695 10448.4354709754
0.00000000150 5.89116199733 966.9708774356
0.00000000136 5.05814390558 2281.2132428584
0.00000000123 3.58787674774 3318.7615973734
0.00000000127 1.19117739028 1461.0540519464
0.00000000153 0.37313768413 6533.1461289733
0.00000000141 0.57680802743 13532.0298899322
0.00000000145 1.73326841662 6637.5059410946
0.00000000139 5.30202800327 14128.2427712456
0.00000000133 3.27057351136 11876.469585734
0.00000000138 1.94291022720 2921.6880277992
0.00000000115 5.99542353480 11986.6759069534
0.00000000119 5.14629852269 15636.566656309
0.00000000152 5.66773813508 6530.1771835567
0.00000000134 2.42024775707 7167.1969061892
0.00000000123 0.05231448695 9801.4246376606
0.00000000117 4.58820841700 24491.4257925834
0.00000000126 1.38941012006 169.580183133
0.00000000115 3.75330944008 3343.1552239806
0.00000000122 1.21803689218 3067.9394693482
0.00000000128 1.42747405914 16063.164847185
0.00000000132 4.73582902892 2267.003402509
0.00000000124 0.77046518514 12465.5344127422
0.00000000122 3.66231014051 8756.269801473
0.00000000134 0.81836719868 3123.7902129128
0.00000000118 0.15011057158 18849.2275499742
0.00000000120 4.11422319020 604.8497407048
0.00000000125 6.00462398457 1442.2612087602
0.00000000109 1.46394078440 2854.6403739102
0.00000000108 2.11691804266 43.718912305
0.00000000130 1.43185911960 3370.1042450032
0.00000000133 2.31239626195 9072.6616711296
0.00000000109 1.33718905917 10081.211142013
0.00000000107 1.71826183287 1655.5603041982
0.00000000114 3.89822123904 2963.238818784
0.00000000106 1.99989592271 3497.0131472022
0.00000000113 2.53877396935 5525.8636959926
0.00000000106 5.79020088314 1.4844727083
0.00000000130 0.80396347034 3397.5108016354
0.00000000130 0.05444365195 2185.2512692928
0.00000000106 5.61886924411 4878.8528626778
0.00000000104 5.03145022037 1751.5222777638
0.00000000146 2.57659804831 3308.640120883
0.00000000103 3.29589394730 4379.6390374902
0.00000000104 0.77903634693 1751.5567850682
0.00000000118 4.11883909157 10927.2939767642
0.00000000104 3.67398692909 21393.5419698576
0.00000000106 2.25698704670 13207.029307365
0.00000000126 1.10289326964 6680.7949702729
0.00000000106 5.20738400843 10.6366653498
0.00000000102 3.81767069896 6670.1791531357
0.00000000101 5.96290213118 5220.1708014532
0.00000000115 0.57440366245 13421.8235687128
0.00000000101 1.87446179149 9161.5273513466
0.00000000106 6.20183341619 3717.9860346156
0.00000000110 5.45855327266 7214.4389368432
0.00000000130 0.47831160164 13575.7488022372
0.00000000112 6.25562428346 3338.069629419
0.00000000122 0.14768895879 16489.763038061
0.00000000101 0.55693458655 3337.1566186536
0.00000000107 3.90976860359 11904.9187732018
0.00000000101 1.70023673577 3002.3697277168
0.00000000097 1.94103649254 5562.4690612968
0.00000000100 2.35767934317 3337.0720546986
0.00000000100 3.76317527562 3344.152798701
0.00000000097 5.19321707062 5085.1057214178
0.00000000097 1.69499718348 3517.3061568336
0.00000000109 4.25705461030 8823.8671515258
0.00000000096 3.51646478006 1505.28780909299
0.00000000100 4.38845221965 3337.106562003
0.00000000100 1.73240240188 3344.11829139661
0.00000000129 4.96782688332 15906.7641266826
0.00000000097 0.55962169503 30774.5016425748
0.00000000096 3.16956558419 12825.6451947038
0.00000000099 1.12288651151 4029.2469095776
0.00000000097 4.42524428441 21957.680727747
0.00000000120 6.18521207978 9698.331863442
0.00000000126 3.40521738552 6681.6547365263
0.00000000099 5.29085847404 5096.0841113789
0.00000000102 2.46824311953 1755.062649765
0.00000000115 6.10031030713 3145.6410422392
0.00000000130 2.24417329092 1954.7171503636
0.00000000092 0.97154538929 927.8399685028
0.00000000097 1.11670836674 3341.7930693519
0.00000000110 2.51719415565 1045.1548361876
0.00000000107 5.62562598823 8425.7181481176
0.00000000099 2.56868555050 16858.41522263039
0.00000000095 1.42994211615 37455.7264959744
0.00000000104 5.58969627803 39048.3225096072
0.00000000103 2.13529097914 10050.2864675672
0.00000000094 1.20811049650 9495.6694333538
0.00000000118 2.39940540526 18208.349942592
0.00000000097 1.14141607148 12089.768681172
0.00000000100 1.15512326078 1385.8952763362
0.00000000090 6.18770216893 34554.8138636676
0.00000000090 4.17568982529 0.0673103028
0.00000000090 3.79900428730 685.044054226
0.00000000090 4.51840546059 10037.0897512844
0.00000000098 3.89390262306 2373.6415492642
0.00000000095 5.33609249023 7636.4663779992
0.00000000088 1.47691975375 9488.6231966558
0.00000000098 0.65689906709 2810.988771908
0.00000000092 3.11888534564 5298.337506553
0.00000000088 2.95228544051 7218.029365495
0.00000000096 1.03219628412 4591.4426230006
0.00000000123 5.58913256956 2735.762685995
0.00000000095 6.25308672334 2942.5307335944
0.00000000087 1.50371643513 9983.7042444616
0.00000000092 0.04735290682 23546.7536230308
0.00000000090 2.79573736864 47477.5637760738
0.00000000094 5.68827536044 6106.8800550648
0.00000000087 0.74049208991 41990.7859328988
0.00000000101 0.99308133444 6614.7374444852
0.00000000115 3.49732055752 4.5034394172
0.00000000103 1.06471408085 2899.7871418222
0.00000000086 0.18628425275 216.822213787
0.00000000086 3.29796334238 4061.751657906
0.00000000099 1.06539589813 2810.8541513024
0.00000000114 0.98391969927 34115.1140692746
0.00000000088 1.88203358965 14867.73751589219
0.00000000094 5.08829115370 7792.8670985016
0.00000000084 4.58521734382 1699.2792165032
0.00000000089 3.88606108572 12199.9750023914
0.00000000105 6.11980600515 4819.4790007642
0.00000000097 2.70091698598 3339.4317840477
0.00000000113 2.87005870648 394.6258850592
0.00000000091 3.46457148291 4694.0029547076
0.00000000086 1.91214909013 55516.4187098482
0.00000000084 4.30909434949 4150.0898961468
0.00000000084 3.05613772819 9993.3880926316
0.00000000085 4.49096869215 6453.7487206106
0.00000000083 5.66199608314 1169.5882514086
0.00000000094 0.76661204154 4845.9002357928
0.00000000083 2.57570774331 4466.4817658034
0.00000000083 5.82570496210 6682.7093261079
0.00000000089 4.76553691828 35707.7100829074
0.00000000101 1.51570299040 7807.0941925032
0.00000000086 0.66743846790 2957.7331481288
0.00000000086 3.60273523563 13363.4300278674
0.00000000094 0.57975808380 3090.7079659576
0.00000000095 3.35380642653 661.232926781
0.00000000092 2.66589901893 24341.5283174566
0.00000000088 1.00573166083 1059.3991838414
0.00000000083 1.46681225258 11527.1250891924
0.00000000081 1.27062968985 4893.0799566794
0.00000000080 3.44636389322 148.0787244263
0.00000000105 3.47842036130 3413.9095525588
0.00000000084 4.33209852801 51449.3242632782
0.00000000079 4.42171441227 151.0476698429
0.00000000082 2.85230384631 14164.8136292454
0.00000000106 4.19479352477 9090.4741932476
0.00000000078 4.29426802519 187.9251477626
0.00000000078 5.38566529072 2655.5683724738
0.00000000084 2.15121245434 3311.1206083964
0.00000000083 4.28280129037 74923.09699802278
0.00000000077 1.45903147715 2544.3817301862
0.00000000078 3.92028514294 16762.4359954126
0.00000000098 3.78877505378 3198.4337996636
0.00000000092 2.80228448795 3707.8367556622
0.00000000082 2.45812896343 9815.6517316622
0.00000000076 3.92674885488 2910.0820825607
0.00000000103 2.90157610001 12032.9376165392
0.00000000076 3.20012751409 7733.493236588
0.00000000098 3.28574616663 3289.33208883739
0.00000000086 0.44954589670 2942.3961129888
0.00000000077 2.05948930109 12928.7379689224
0.00000000075 0.85784191736 28638.9055811466
0.00000000101 0.72388999452 48827.4311857326
0.00000000093 0.96205455167 151.8972810852
0.00000000083 4.42677043697 2060.8178540718
0.00000000085 5.19438010130 2146.148162823
0.00000000078 0.05738144523 10507.809332889
0.00000000096 6.24132708355 11.0457002639
0.00000000088 2.27514694850 13361.469385731
0.00000000074 5.19118661748 1055.4497769261
0.00000000095 1.32630130009 9278.8472195668
0.00000000091 5.56686260659 27873.589010268
0.00000000084 0.41519041956 4296.9015826704
0.00000000074 5.09773610570 9755.2302383776
0.00000000102 0.99471814765 8186.5126624926
0.00000000073 4.78565969143 10787.6303445458
0.00000000090 1.23322132624 9093.9973115966
0.00000000089 1.52171318808 5088.2198048527
0.00000000075 3.17716258197 4403.517475238
0.00000000076 2.66623960187 12725.453434775
0.00000000072 2.57646391241 10817.0876555448
0.00000000078 0.17721609024 3391.89276456221
0.00000000073 1.65072523242 5452.2627400774
0.00000000072 2.24247662338 272.6729573516
0.00000000084 5.31880055844 4716.3862265456
0.00000000081 5.46340742050 3856.0762977928
0.00000000091 2.82213463878 367.2243289624
0.00000000076 5.54629636453 4349.1618975832
0.00000000073 4.61913155968 3288.352111787
0.00000000097 0.68615321372 10006.5848089144
0.00000000071 0.29424294238 1324.94134054
0.00000000074 1.74142938655 78263.70942472259
0.00000000076 0.00928867044 6534.413166876
0.00000000084 2.33518173212 3738.7441764558
0.00000000075 3.61437779765 12306.590894959
0.00000000085 0.94196641948 2146.1826701274
0.00000000071 2.07200856102 9124.9219860424
0.00000000071 4.48060598672 9153.9036160218
0.00000000073 0.28701671181 10654.6210194126
0.00000000072 0.84342376295 3334.54651107
0.00000000094 5.72469267962 206.7007372966
0.00000000091 5.12701600437 3392.8727416126
0.00000000076 5.96038992872 3482.791053736
0.00000000071 1.16745785331 1574.8458012822
0.00000000071 1.08624489534 3866.7802734454
0.00000000071 3.83802267632 25298.2931544468
0.00000000075 4.30016984862 10177.1903692308
0.00000000081 5.71063897801 14687.3910473392
0.00000000070 0.07475004834 12839.8722887054
0.00000000080 5.87829926376 3495.9655158312
0.00000000069 0.30282686836 12012.5822971404
0.00000000071 2.07966257785 1063.3140834523
0.00000000071 0.12080952310 27433.88921587499
0.00000000072 1.77506111582 3564.9572224017
0.00000000069 0.33478558217 5.5229243074
0.00000000068 1.56404561711 2398.5503647308
0.00000000090 2.61953849393 3346.6783423296
0.00000000068 1.06108185791 191.3809558088
0.00000000093 3.72700623766 2472.6787626222
0.00000000077 0.87794040199 2917.9463890869
0.00000000067 3.29797798194 8006.1661939396
0.00000000082 4.33799969295 9360.6043533184
0.00000000068 4.84097033274 12942.965062924
0.00000000083 5.35554906977 2125.8100970764
0.00000000083 1.82578570378 3511.285297319
0.00000000068 2.68247854175 20213.25474333179
0.00000000086 0.81171860574 209.775977089
0.00000000084 4.36595418339 3738.7786837602
0.00000000071 2.76447756531 15650.7937503106
0.00000000066 3.31414998734 8830.9133882238
0.00000000090 0.71593793107 3451.7990689874
0.00000000067 4.04202356962 3930.2096962196
0.00000000068 4.35822797929 12299.544658261
0.00000000073 3.66802441649 194.9713844606
0.00000000077 5.89874180574 4307.5833041354
0.00000000089 2.09613892664 5312.5646005546
0.00000000068 1.05513114246 1987.221898692
0.00000000082 5.86597589657 7747.7203305896
0.00000000071 0.65820952553 860.3099287528
0.00000000064 0.98960038205 3376.1751611684
0.00000000067 5.22683619088 24606.13555322
0.00000000070 0.96227192685 8428.8322315525
0.00000000064 5.15148312244 8966.3875031733
0.00000000062 6.18276166360 3966.2826190122
0.00000000061 1.47350010728 1685.0521225016
0.00000000069 4.32901678608 8436.6965380787
0.00000000064 2.11869877898 3305.0496922312
0.00000000079 5.29501968122 8322.5580635962
0.00000000060 1.17940250396 97670.38771289718
0.00000000060 5.15547946009 4665.5537672398
0.00000000061 4.04008021030 2942.4806769438
0.00000000061 0.44282820959 4686.95671800959
0.00000000079 2.10625649179 7917.3005137226
0.00000000075 4.81216780547 27299.2442119332
0.00000000058 1.69747168940 12082.6551341712
0.00000000075 1.85618011420 52566.19261584059
0.00000000057 5.11652903646 1898.3339642874
0.00000000075 5.15830659680 45884.967762441
0.00000000060 2.68566185208 6283.0585963392
0.00000000056 3.77198339507 299.1263942692
0.00000000072 0.05525158510 6286.5989683404
0.00000000075 5.79419108898 1059.364676537
0.00000000056 0.47178586543 1727.6610936682
0.00000000061 2.00931045169 2942.4461696394
0.00000000060 2.60462801513 30376.3526391666
0.00000000057 4.18603648623 4531.5363185754
0.00000000059 1.95998946118 7593.7950970652
0.00000000059 0.11151543852 5960.0856221934
0.00000000068 3.50707258885 7064.1041319706
0.00000000056 2.43554289279 11567.1912630782
0.00000000060 0.23404709116 2619.4731954936
0.00000000066 2.94716590333 8446.9914788172
0.00000000059 5.49704665474 7322.1024607818
0.00000000064 3.95992112220 3050.1269472302
0.00000000055 2.19506741266 7.046236698
0.00000000058 0.32431074295 19645.5255567906
0.00000000075 4.12415692769 21150.8133658836
0.00000000075 3.99896297048 5483.254724826
0.00000000057 0.21772333641 17402.3332817266
0.00000000069 3.20209555520 16066.0658614748
0.00000000056 2.00267092675 17660.303464057
0.00000000060 4.71643347424 6283.0931036436
0.00000000054 0.38782719267 360.1107819616
0.00000000073 3.41087754271 14556.8967170238
0.00000000068 5.74655335863 987.746272928