30.05890004476 5.31211340029 38.1330356378
-0.27080164222 0.0 0.0
0.13505661755 3.50078975634 76.2660712756
0.15726094556 0.11319072675 36.6485629295
0.14935120126 1.08499403018 39.6175083461
0.02597313814 1.99590301412 1.4844727083
0.01074040708 5.38502938672 74.7815985673
0.00823793287 1.43221581862 35.1640902212
0.00817588813 0.78180174031 2.9689454166
0.00565534918 5.98964907613 41.1019810544
0.00495719107 0.59948143567 529.6909650946
0.00307525907 0.40023311011 73.297125859
0.00272253551 0.87443494387 213.299095438
0.00135887219 5.54676577816 77.7505439839
0.00090965704 1.68910246115 114.3991069134
0.00069040539 5.83469123520 4.4534181249
0.00060813556 2.62589958380 33.6796175129
0.00054690827 1.55799996661 71.8126531507
0.00028889260 4.78966826027 42.5864537627
0.00012614732 3.57002516434 112.9146342051
0.00012749153 2.73719269645 111.4301614968
0.00012013994 0.94912933496 1059.3819301892
0.00007540650 2.77783477855 70.3281804424
0.00007573383 0.10011329853 426.598190876
0.00008004318 1.63965626260 108.4612160802
0.00006464842 4.62580066013 5.9378908332
0.00005565860 3.82502185953 32.1951448046
0.00004654361 0.10385887980 37.611770776
0.00004732434 4.09723977191 79.2350166922
0.00004557247 1.09712669317 38.6543004996
0.00004322550 2.37744780188 38.084851528
0.00004315539 5.10473142056 38.1812197476
0.00004089036 1.99429048244 37.1698277913
0.00004249674 5.63324475823 28.5718080822
0.00003920412 5.49263784865 39.0962434843
0.00003951848 2.29996934110 98.8999885246
0.00003322735 4.68798591938 4.192785694
0.00003108292 1.84434543409 47.6942631934
0.00003260095 1.81839652878 145.1097790097
0.00002723442 3.82296285941 109.9456887885
0.00002522938 4.66296126912 312.1990839626
0.00001887430 3.20485417792 35.685355083
0.00001648985 4.06990666591 30.0562807905
0.00001826700 3.58024318649 44.070926471
0.00001945462 4.15326825288 206.1855484372
0.00001681255 4.27560304282 40.5807161926
0.00001533383 1.17732211665 38.0211610532
0.00001891892 0.74998855536 220.4126424388
0.00001527526 0.02173640246 38.2449102224
0.00002084477 1.56821671369 149.5631971346
0.00002083682 2.83676961811 137.0330241624
0.00001615063 2.91063835010 106.9767433719
0.00001265797 3.42037275447 46.2097904851
0.00001560429 0.55865739143 37.8724032069
0.00001545705 0.64028780672 38.3936680687
0.00001434798 0.72658718863 522.5774180938
0.00001271543 2.74412981229 33.9402499438
0.00001407422 3.61743288666 536.8045120954
0.00001387922 3.71814330952 115.8835796217
0.00001228939 2.78878211792 72.0732855816
0.00001448439 1.98814317259 181.7583419392
0.00001170078 3.98594689041 8.0767548473
0.00001080795 4.75485636019 42.3258213318
0.00001220341 2.64791449584 148.0787244263
0.00000942722 3.99861076677 68.8437077341
0.00000722013 6.16811781566 152.5321425512
0.00000608265 4.49563700854 35.212274331
0.00000714969 3.09121631507 143.6253063014
0.00000633834 3.41692648170 7.4223635415
0.00000554473 2.98634397776 41.0537969446
0.00000566306 5.02809882280 30.7106720963
0.00000679542 2.15673681356 218.4069048687
0.00000463140 2.74436643796 31.5407534988
0.00000451619 4.62757040522 44.7253177768
0.00000528038 0.34505105111 0.9632078465
0.00000439638 1.29678048299 1589.0728952838
0.00000406092 5.51084213663 6.592282139
0.00000493231 3.82613187047 146.594251718
0.00000306843 2.62651223895 60.7669528868
0.00000405411 5.31947629009 31.019488637
0.00000337082 1.72339969429 0.5212648618
0.00000346164 3.26507470705 180.2738692309
0.00000313191 3.01986161415 419.4846438752
0.00000382398 0.21680708235 487.3651437628
0.00000301491 5.17778763481 84.3428261229
0.00000336250 2.14824434860 45.2465826386
0.00000285404 1.74711125301 110.2063212194
0.00000304503 5.63258357751 639.897286314
0.00000333233 2.32861862173 255.0554677982
0.00000268060 3.30852177378 36.7604375141
0.00000264760 4.12724083445 39.5056337615
0.00000313989 2.72704786801 388.4651552382
0.00000226971 4.59278380480 274.0660483248
0.00000306048 1.75144377069 6283.0758499914
0.00000283841 3.36226298508 12.5301729722
0.00000242743 2.06472522938 14.0146456805
0.00000226154 2.83844512995 80.7194894005
0.00000233075 4.15738074001 105.4922706636
0.00000239672 0.55843257386 27.0873353739
0.00000265940 4.11954506638 944.9828232758
0.00000227822 2.13057267497 103.0927742186
0.00000215988 2.65917690725 316.3918696566
0.00000190998 2.32419774896 69.1525242748
0.00000203230 0.60054564924 415.2918581812
0.00000176465 0.14731264750 36.5366883449
0.00000177003 0.09240613438 24.1183899573
0.00000185282 3.31492482279 175.1660598002
0.00000175209 1.12575721851 39.7293829307
0.00000176810 3.44067665667 216.9224321604
0.00000135459 3.29658706564 9.5612275556
0.00000134759 5.48177520941 75.7448064138
0.00000179189 3.95792517028 183.2428146475
0.00000148346 1.68010000396 151.0476698429
0.00000129174 5.91949003083 43.2408450685
0.00000177820 3.17257015761 10213.285546211
0.00000156561 4.19153867973 63.7358983034
0.00000146334 4.81027789789 11.0457002639
0.00000124092 0.33312196832 82.8583534146
0.00000121226 5.10584282456 37.9205873167
0.00000129049 3.80684882859 36.8610112506
0.00000120117 2.36053032404 38.3454839589
0.00000169037 2.49417096791 291.7040307277
0.00000121138 1.49666213233 33.0252262071
0.00000129442 2.36907122801 45.5553991793
0.00000144638 0.63080734164 49.1787359017
0.00000122915 3.67433552159 39.405060025
0.00000154797 1.74840367711 77.2292791221
0.00000106839 0.57301677365 5.1078094307
0.00000103540 5.25634656769 40.8413486235
0.00000102917 2.29532659562 35.4247226521
0.00000111109 5.21447473078 67.3592350258
0.00000116205 5.56364568271 632.7837393132
0.00000110050 4.33896766039 142.1408335931
0.00000104452 6.26048746922 433.7117378768
0.00000097241 6.17677080243 1052.2683831884
0.00000085104 4.79018193091 36.4361146084
0.00000119617 5.01817354003 25.6028626656
0.00000085710 5.93681198924 106.0135355254
0.00000092947 5.45424466758 62.2514255951
0.00000092567 3.21456499053 32.7164096664
0.00000080200 2.69199800753 39.8299566672
0.00000108865 0.01285078004 1162.4747044078
0.00000086613 1.38012091187 100.3844612329
0.00000094922 3.61296023449 253.5709950899
0.00000072986 1.82355507012 22.633917249
0.00000100254 2.52703279512 453.424893819
0.00000072027 0.11366561346 36.6967470393
0.00000089060 1.32938886500 251.4321310758
0.00000096664 4.11397655268 219.891377577
0.00000089068 2.76919065479 65.2203710117
0.00000077348 5.31146277396 5.4166259714
0.00000065520 4.00996666370 66.70484372
0.00000069405 3.95754841113 1066.49547719
0.00000087258 2.66760530100 328.3525936572
0.00000072807 4.23052254217 43.5496616092
0.00000065817 1.42821896659 36.1272980677
0.00000063662 2.21155835394 8.9068362498
0.00000057029 4.47336526383 949.1756089698
0.00000073980 5.56439585580 2.7083129857
0.00000075165 0.26221144253 97.4155158163
0.00000062934 1.53666713803 2.9207613068
0.00000060042 6.23591295978 29.226199388
0.00000068141 3.95659956363 6.9010986797
0.00000071609 2.05679246101 662.531203563
0.00000057327 0.88500496532 15.4991183888
0.00000050470 1.08386527084 36.9091953604
0.00000066447 3.41699770462 846.0828347512
0.00000067998 3.88626045440 224.3447957019
0.00000055782 4.51929442479 178.7893965226
0.00000065197 0.94675037786 2.4476805548
0.00000048927 1.27232208261 19.0105805266
0.00000046774 0.83941291963 3.9321532631
0.00000059504 4.28371174513 256.5399405065
0.00000045642 2.17627625563 117.36805233
0.00000052496 3.77774414174 290.2195580194
0.00000056594 6.18530177328 221.3758502853
0.00000045277 0.21515321589 1.2238402774
0.00000043900 2.24943568390 32.5039613453
0.00000038369 0.36602739792 39.3568759152
0.00000049423 3.88247230281 525.4981794006
0.00000038844 0.98004799212 41.7563723602
0.00000038213 0.28030398995 75.3028634291
0.00000035904 0.17178502657 449.232108125
0.00000038967 5.05381593074 7.1135470008
0.00000048297 6.20091776893 3340.6124266998
0.00000047341 2.81338610634 365.0011565867
0.00000038163 5.23367376836 43.7621099303
0.00000042228 5.64690940917 76.7873361374
0.00000045759 4.75988756419 491.5579294568
0.00000042160 4.48656614621 31.2319369581
0.00000035247 0.20766798411 34.5096989154
0.00000033509 5.65652422418 67.8804998876
0.00000033085 4.59560243545 34.2008823747
0.00000034352 1.08288982986 33.4671691918
0.00000034964 2.01236505402 3.6233367224
0.00000035690 2.17779874046 70.8494453042
0.00000040831 2.58095758724 310.7146112543
0.00000038618 2.31716832803 50.66320861
0.00000041713 2.16213866054 1021.2488945514
0.00000038281 0.30795321775 5.6772584023
0.00000038880 3.29381198979 76.3142553854
0.00000034672 4.48294008385 319.3126309634
0.00000039604 4.60072832158 563.6312150384
0.00000040526 0.03726110727 258.0244132148
0.00000031314 2.51120215599 184.7272873558
0.00000038880 0.56654650956 76.2178871658
0.00000032755 5.57869647430 91.7864415238
0.00000034456 1.65821047826 305.0855369618
0.00000037777 4.45977183034 293.188503436
0.00000037422 2.84624206227 17.5261078183
0.00000028459 0.11299014227 42.7989020838
0.00000032206 2.29937644388 78.7137518304
0.00000034974 3.54684672078 313.6835566709
0.00000026519 6.20266976376 57.255490749
0.00000028786 4.65055968537 215.4379594521
0.00000031496 4.10798902830 21.9795259432
0.00000027524 3.42975034397 69.3649725959
0.00000025982 5.38913791843 104.0077979553
0.00000022617 3.46251776478 36.6003788197
0.00000023432 4.24731386395 35.2759648058
0.00000028085 2.83450558708 11.3063326948
0.00000026520 0.30917290380 186.2117600641
0.00000021423 0.87822750242 39.6656924559
0.00000023164 2.59103009569 68.1893164283
0.00000026754 3.94781592186 326.8681209489
0.00000024636 2.36566879926 20.4950532349
0.00000022794 0.61844806068 227.5261894396
0.00000022719 2.73465617885 79.1868325824
0.00000019952 5.26630019767 64.9597385808
0.00000022482 0.72349643385 39.5693242363
0.00000020858 3.23577482504 40.9901064698
0.00000020327 0.04331485179 37.478644332
0.00000020327 1.15567976096 38.7874269436
0.00000019388 1.62133813227 2118.7638603784
0.00000018462 0.93487935576 138.5174968707
0.00000025245 2.97720937219 401.6497195162
0.00000023422 0.91668385938 135.5485514541
0.00000023863 0.28305954716 294.6729761443
0.00000020469 2.84991827942 202.2533951741
0.00000024398 4.63603670592 329.8370663655
0.00000019831 6.14231002572 129.9194771616
0.00000022713 5.70775452731 1436.5407527326
0.00000020113 4.01438548696 217.2312487011
0.00000020302 0.89746397482 209.3669421749
0.00000017728 2.77443598476 17.6379824029
0.00000016188 2.57356791106 37.4998961914
0.00000016188 4.90861200887 38.7661750842
0.00000020858 4.67505251944 58.7399634573
0.00000016405 5.69309173520 735.8765135318
0.00000015724 1.88925867017 154.0166152595
0.00000016170 0.26151158014 72.3339180125
0.00000018916 5.47002152686 40.1387732079
0.00000018822 6.20082259761 323.5054166574
0.00000015346 2.12588704490 742.9900605326
0.00000020671 5.30625661219 85.8272988312
0.00000014928 0.78464894996 33.9884340536
0.00000015400 4.89570509053 55.7710180407
0.00000015003 6.06837299592 20.6069278195
0.00000018609 3.38782333097 54.2865453324
0.00000018700 1.12219613883 59.2824801785
0.00000013971 5.11256155147 76.5267037065
0.00000015974 0.79917645856 515.463871093
0.00000019162 2.49858178805 81.3738807063
0.00000013966 4.45404032739 235.933012687
0.00000015424 6.09858524641 209.106309744
0.00000014889 0.97067379700 52.1476813183
0.00000017322 1.69350571733 73.8183907208
0.00000015360 1.34896859320 8.385571388
0.00000012911 0.41434577054 42.277637222
0.00000012914 2.32697196177 107.2855599126
0.00000016166 4.96405776633 853.196381752
0.00000014253 4.87402416011 252.0865223816
0.00000014745 1.55174834608 82.2039621088
0.00000014840 0.62836398949 43.8102940401
0.00000015476 4.71667567197 366.485629295
0.00000014964 4.12823484692 363.5166838784
0.00000012269 4.97560513030 76.0054388447
0.00000012794 5.90055335939 26.826702943
0.00000014352 2.03450798266 73.5577582899
0.00000014292 5.66547183054 700.6642392008
0.00000012251 1.18824411089 47.0398718876
0.00000013656 5.33984015976 19.1224551112
0.00000012109 2.10142430456 32.7645937762
0.00000015463 3.88973407461 837.6972633632
0.00000011481 2.25547353644 37.3029542353
0.00000011481 5.22670638350 38.9631170403
0.00000011455 1.21185103334 529.1697002328
0.00000012137 2.33016774123 42.0651889009
0.00000013771 4.49397894473 76.3779458602
0.00000010692 4.35159490002 187.6962327724
0.00000011035 3.16468611086 530.2122299564
0.00000011498 5.58046420166 140.6563608848
0.00000010957 4.40451243000 199.0720014364
0.00000011769 4.24181618457 275.5505210331
0.00000013663 0.43266174776 331.3215390738
0.00000013308 3.10907233961 438.2982824457
0.00000013771 5.64956481971 76.154196691
0.00000013632 2.86683636247 45.0341343175
0.00000010275 2.33816907673 567.8240007324
0.00000011622 0.61757259415 533.6231183577
0.00000011419 4.80118839377 403.1341922245
0.00000009678 6.07344345071 956.2891559706
0.00000010218 0.15937912520 65.8747623175
0.00000010240 2.91846738700 80.4588569696
0.00000010031 5.38075579726 43.5014774994
0.00000011490 3.76653814388 525.7588118315
0.00000009814 2.48786918599 21.1494445407
0.00000009908 3.50649132072 543.9180590962
0.00000008663 4.05503359529 277.0349937414
0.00000008767 2.04264115651 624.3981679252
0.00000009004 0.37183459802 101.8689339412
0.00000008986 5.62899011624 1478.8665740644
0.00000010223 5.22522199427 120.9913890524
0.00000010189 2.58985496469 21.4582610814
0.00000008414 2.47005781008 377.1588225434
0.00000009753 0.08887858960 168.0525127994
0.00000010361 0.01486429648 119.5069163441
0.00000007927 0.93746230599 906.849787638
0.00000007910 1.42617229467 526.5095713569
0.00000007908 2.90320463195 532.8723588323
0.00000007821 5.61005951052 415.5524906121
0.00000008736 3.99247403211 459.3627846522
0.00000008454 2.52377850488 144.1465711632
0.00000007805 5.67359329262 350.3321196004
0.00000008986 4.29352626319 400.1652468079
0.00000008336 0.40706659655 1692.1656695024
0.00000007108 1.26362136235 117.3198682202
0.00000009026 4.77784842124 347.9326231554
0.00000007736 0.83413065439 1265.5674786264
0.00000008418 1.48515415206 77.489911553
0.00000008357 3.54470219620 480.251596762
0.00000007446 5.58644401851 987.5692770385
0.00000007909 5.04849479665 288.7350853111
0.00000007092 0.01343269779 452.9036289572
0.00000006879 0.44795113817 216.4804891757
0.00000007067 1.92910668924 453.9461586808
0.00000008171 1.80921070558 14.2270940016
0.00000008521 2.07590162032 95.9792272178
0.00000006711 4.46268380487 210.1177017003
0.00000007404 1.00296550334 75.0422309982
0.00000007700 4.42811621635 118.0224436358
0.00000006426 5.00634728978 107.4980082337
0.00000007909 1.64368221183 36.3879304986
0.00000007909 2.69690505451 39.878140777
0.00000007754 0.07292672861 494.4786907636
0.00000006970 5.77988712105 177.3049238143
0.00000007571 2.81738030709 23.4639986515
0.00000007039 0.87709076060 367.9701020033
0.00000007803 3.85480058958 314.9073969483
0.00000007837 0.36694469487 1093.0615477021
0.00000006766 1.51640472707 55.6591434561
0.00000007959 0.38379928039 170.9732741062
0.00000008362 0.62230895069 709.9648343255
0.00000005947 2.49604652491 52213.9393187862
0.00000007549 3.25574232293 474.9468453752
0.00000007372 4.88713041971 54.8078101942
0.00000008092 4.51194576141 485.8806710545
0.00000006945 0.00895795142 1581.959348283
0.00000006938 5.60339951720 647.0108333148
0.00000005719 4.96252073817 321.7603115182
0.00000005900 4.92603535036 52061.40717623499
0.00000005695 5.93788236616 222.8603229936
0.00000006554 0.27333269638 912.7876784712
0.00000005908 1.13635211477 27.7417266797
0.00000006694 5.53088277716 488.8496164711
0.00000005654 3.04044893090 12604.2847356206
0.00000005758 2.82344058849 29.7956483596
0.00000005270 3.46742834680 6167.1922703697
0.00000005679 5.91775882963 16.9835910971
0.00000005209 4.02195461829 1654.0326338646
0.00000005748 2.93833293745 169.228168967
0.00000005146 0.81172839256 46.5186070258
0.00000005080 4.32167771768 565.1156877467
0.00000006475 2.52363278034 590.8304249969
0.00000004984 4.89088171253 10097.4019665893
0.00000005318 5.22697439239 44.2833747921
0.00000006699 2.95046041231 2156.8968960162
0.00000005125 0.87728916070 134.0640787458
0.00000005296 1.30832920931 281.1795953256
0.00000005041 2.52183329138 272.5815756165
0.00000005994 5.89267771496 93.2709142321
0.00000006298 3.64971867049 271.6665518798
0.00000006131 6.28127551683 6318.2399402126
0.00000005671 5.73125915161 674.8007441043
0.00000005685 1.71151397749 1165.3954657146
0.00000006215 5.21725938550 439.782755154
0.00000005454 5.93543303674 711.4493070338
0.00000005004 0.53392408006 74.2603337055
0.00000005683 5.96405963657 381.3516082374
0.00000006127 3.68765217385 132.8884225782
0.00000005114 2.52635469399 1120.148883076
0.00000005871 0.03409903197 528.4671248172
0.00000004765 6.27332561370 32.4557772355
0.00000005821 1.41981947590 10248.4496364322
0.00000004944 2.31703723493 601.7642506762
0.00000004353 4.24245486384 104.5290628171
0.00000004949 4.42793316106 1474.6737883704
0.00000005244 2.33675009562 73.3453099688
0.00000004585 1.63808661984 1272.6810256272
0.00000004483 2.44008975730 384.2723695442
0.00000006063 4.76042504867 749.5823426716
0.00000006008 4.59294328840 712.9337797421
0.00000005922 4.37134416172 286.596221297
0.00000004270 4.24481246454 1577.766562589
0.00000005100 4.49472750722 436.8138097374
0.00000005572 0.87437668538 291.0496394219
0.00000004336 5.80102982405 53.653405886
0.00000004427 3.00156208244 189.1807054807
0.00000005872 4.92613662106 786.2309056011
0.00000005402 0.44313805730 283.6272758804
0.00000004646 2.87775185163 13286.1836355236
0.00000004330 4.99573580513 323.2447842265
0.00000005508 4.27724254397 177.8743727859
0.00000005348 1.42468170559 24.6396548191
0.00000004647 3.77894333117 1375.7737998458
0.00000005637 0.14931346796 738.7972748386
0.00000004084 3.35816370949 765.6239777816
0.00000004090 3.49305404275 531.1754378029
0.00000005537 0.40882285275 6247.9117597702
0.00000004851 1.58937686331 635.1832357582
0.00000004873 4.65006489170 52.8020726241
0.00000004424 1.37849633956 20388.4380567842
0.00000004182 1.11763449341 6606.4432548323
0.00000004293 4.65873972226 46.470422916
0.00000004687 2.55927316823 57.1436161644
0.00000005189 5.77343536321 351.8165923087
0.00000004492 0.09912701965 52177.29075585669
0.00000004073 0.18029210803 949.4362414007
0.00000003915 4.27454859470 1596.1864422846
0.00000004546 6.17479319899 304.2342036999
0.00000004593 0.14821025071 1025.4416802454
0.00000005309 1.83025168176 10178.1214559898
0.00000005106 4.66521026314 244.318584075
0.00000003943 5.68046671600 983.1158589136
0.00000003938 2.13240475259 225.8292684102
0.00000004451 2.42081887138 31.9826964835
0.00000005048 3.95079504111 344.9636777388
0.00000004075 3.74781422402 381.6122406683
0.00000004566 2.52866726205 395.578702239
0.00000004268 2.59269065059 373.9079928365
0.00000005380 5.09445719710 822.8794685306
0.00000003828 2.28077620608 2138.4770163206
0.00000004629 0.97704654494 122.4758617607
0.00000003798 1.54874176080 356.9244017394
0.00000004699 5.86825441333 214.7835681463
0.00000004711 0.43747301673 52252.07235442399
0.00000004135 2.59411177803 502.8642621516
0.00000004557 1.38768168102 598.5346728287
0.00000004181 5.11735243081 566.600160455
0.00000004508 1.58263794497 454.9093665273
0.00000004789 2.68691233842 627.4789879264
0.00000004021 0.14455396364 6603.4743094157
0.00000003998 1.09645845612 404.6186649328
0.00000005168 4.77485406558 25520.07914084179
0.00000004982 0.79282576066 746.613397255
0.00000004150 3.86319378874 27.1992099585
0.00000004801 5.49483042971 14.6690369863
0.00000003623 2.29456392722 1665.3389665594
0.00000004634 1.79138092130 3227.6977924947
0.00000003578 3.41081414860 562.1467423301
0.00000005002 0.73296305202 207.3612046048
0.00000004528 0.00000058789 156.1554792736
0.00000004557 6.27517956469 25974.98850736909
0.00000004482 1.70549789369 342.3672393377
0.00000004343 0.66907601244 320.2758388099
0.00000004304 0.63784520720 12567.6361726911
0.00000003477 2.08101295124 665.2395165487
0.00000004798 5.23928869630 529.9515975255
0.00000003640 2.22735931846 2565.0752071966
0.00000003563 5.37461192631 12451.7525930694
0.00000004754 1.43687878008 6209.7787241324
0.00000003524 0.09982422546 116.5379709275
0.00000003429 4.73422293878 529.8028396792
0.00000004288 5.11733557108 23.9059416362
0.00000003406 5.88978743881 529.57909051
0.00000004348 1.52420534934 20312.17198550859
0.00000004586 5.24207029293 180.8433182025
0.00000004280 4.42469296513 274.6354972964
0.00000003682 5.50568401276 362.0322111701
0.00000003789 4.29352909475 3101.879719292
0.00000003850 5.92538233044 12564.6672272745
0.00000003783 0.26937653478 1614.4151255185
0.00000003396 5.57790342649 528.2064923863
0.00000003904 0.00422291412 370.0452755426
0.00000003847 4.08783535627 309.230138546
0.00000004231 5.35914188830 31.2801210679
0.00000003745 4.70896682883 1025.7023126763
0.00000004577 4.36691526897 26087.9031415742
0.00000004284 4.97414982566 396.5419100855
0.00000003701 4.85663387765 452.2010535416
0.00000003347 4.91535911747 20351.7894938547
0.00000003395 1.40872683921 524.0137066923
0.00000003937 1.24135990872 1617.3840709351
0.00000003363 2.31838707303 245.4942402426
0.00000004440 4.18041914955 490.3340891794
0.00000004210 3.40661968746 511.5954083047
0.00000004189 6.16499968875 101.6083015103
0.00000003291 1.79038639081 266.952501324
0.00000003303 1.16442176517 241.6102710893
0.00000003260 1.97534300235 537.7677199419
0.00000004526 4.55401830095 525.5463635104
0.00000004095 0.39427917449 355.4399290311
0.00000003340 1.53848524846 70.5888128733
0.00000003337 4.80809338870 358.4088744477
0.00000004017 5.38609718462 52174.32181044009
0.00000003276 1.95664041088 1306.621275571
0.00000003413 2.47241228275 95.931043108
0.00000003855 0.59056751589 518.3846323998
0.00000003876 4.34459044793 142.9709149956
0.00000003214 3.94236457757 20348.82054843809
0.00000003190 2.24966920840 282.1428031721
0.00000003764 4.32235978597 165.0835673828
0.00000004430 5.37916512247 529.4303326637
0.00000004064 1.03324547829 6130.5437074402
0.00000003168 2.29019531672 389.9496279465
0.00000003270 1.09904911575 78.4049352897
0.00000003918 4.20592331317 375.6743498351
0.00000003674 0.49264943249 183.7640795093
0.00000004040 5.13378490075 433.190473015
0.00000004129 3.44624039864 26048.28563322809
0.00000004022 1.72078809654 1477.5945496772
0.00000004003 4.72382540422 94.7553869404
0.00000003490 4.40733409487 326.4261779642
0.00000003594 6.06724074887 217.4436970222
0.00000004060 6.06087877396 51.6264164565
0.00000003107 5.38240325046 28.6836826668
0.00000003298 0.37071499296 102.523325247
0.00000003259 5.62261943256 658.1259695479
0.00000003428 1.24134798478 2351.7761117586
0.00000003385 0.30663786918 661.0949149645
0.00000003446 2.55581154573 1509.8378785916
0.00000003299 0.15502724919 1404.0849754971
0.00000003278 3.68951046288 942.0138778592
0.00000003097 1.38268112354 259.5088859231
0.00000003173 5.46641752741 1401.1160300805
0.00000003195 5.62363661230 353.301065017
0.00000003696 1.82603150668 14.5571624017
0.00000004114 5.50609992924 771.1042942278
0.00000004114 1.87436741693 1049.5600702027
0.00000004012 2.15080865585 52.3601296394
0.00000004178 4.90426814037 978.9230732196
0.00000004200 2.08730033523 943.4983505675
0.00000003057 4.32315122802 354.7855377253
0.00000003505 1.49229918444 458.8415197904
0.00000003328 0.06468317259 519.6084726772
0.00000003022 1.87271736515 460.5384408198
0.00000003231 4.61368527250 401.0647641796
0.00000003726 0.55317699448 1096.2429414398
0.00000004101 1.40890174425 875.830299001
0.00000003792 0.75463890542 111.6907939277
0.00000003984 5.40932060866 476.4313180835
0.00000003839 2.45651233746 10060.7534036598
0.00000003475 5.19319328694 325.3836482406
0.00000003001 5.62400423039 127.4717966068
0.00000004113 5.70053139080 141.4864422873
0.00000004192 0.29273630154 2772.7884259674
0.00000003670 1.51746404309 57.84619158
0.00000002960 2.20143035616 2461.982432978
0.00000003331 0.81282265497 10134.0505295188
0.00000004044 2.80116908409 25596.3452121174
0.00000003310 0.63021323746 1586.1039498672
0.00000003012 0.24750674481 347.3631741838
0.00000003466 4.73899873914 1151.168371713
0.00000003184 3.93786877135 554.0699874828
0.00000002938 0.92092579208 600.2797779679
0.00000002951 5.58078877076 33.7278016227
0.00000002951 5.04298380276 42.5382696529
0.00000002924 0.08510684138 394.0942295307
0.00000003314 1.64856662940 939.3537489833
0.00000003031 2.75127174781 156451.15277816958
0.00000002967 0.01380343554 6.1503391543
0.00000002995 3.55719578836 139.9537854692
0.00000003250 3.50402124851 709.0498105888
0.00000003365 1.74314879420 642.6055992997
0.00000003420 0.98621583591 302.7497309916
0.00000003811 3.32959588229 732.97125859
0.00000003227 1.44273528458 406.1031376411
0.00000002994 0.29888408610 6681.2248533996
0.00000002917 2.25862979793 83.3796182764
0.00000003196 5.84285969983 362.8622925726
0.00000003158 1.18152049723 539.773457512
0.00000002810 5.14801331317 1592.0418407004
0.00000003159 4.14441699779 197.7999770492
0.00000003306 6.11095094695 748.0978699633
0.00000003823 2.80947819413 10139.988420352
0.00000003793 0.88752668902 104.5772469269
0.00000003750 3.47948196612 235.0179889503
0.00000003349 1.74325912375 671.8317986877
0.00000003752 5.81571997623 303.6010642535
0.00000002794 1.88518054847 344.7030453079
0.00000003227 5.73842438744 6203.8408332992
0.00000002780 4.56507186185 285.1117485887
0.00000002765 2.32578307728 412.3710968744
0.00000003509 0.85163274980 1440.7335384266
0.00000002906 0.69691325438 175.820451106
0.00000002773 0.67900305993 341.7340998913
0.00000003254 6.24947816889 1019.7644218431
0.00000003447 3.53963683079 499.895316735
0.00000003057 1.34588220916 52.6901980395
0.00000003057 6.13629771077 23.5758732361
0.00000002817 3.26706196757 210.3783341312
0.00000002934 4.00235406128 79.889407998
0.00000002724 0.93671377498 22.9427337897
0.00000002733 3.50715929429 262.4778313397
0.00000003357 4.72658826456 1227.4344429886
0.00000002841 6.20044524987 622.9136952169
0.00000002681 1.11809321449 24.9484713598
0.00000002817 5.86922240468 450.7165808333
0.00000002756 3.02634259211 1476.1582610787
0.00000003012 0.23854632727 299.1263942692
0.00000002964 1.04680434048 488.5889840402
0.00000003490 2.85082275685 664.1275508559
0.00000002933 3.56739414458 1549.4553869377
0.00000003112 1.11035723120 525.2375469697
0.00000003326 2.12303836543 44.9859502077
0.00000002774 1.98967291895 56.6223513026
0.00000002630 1.12693493815 2751.5475996916
0.00000002849 5.95945882711 213.9534867438
0.00000002619 2.30223540587 521.6142102473
0.00000003053 3.21227175566 946.4672959841
0.00000002696 0.02934814329 170.7126416753
0.00000003127 3.04511447359 225.3080035484
0.00000002815 0.75877175602 1371.5810141518
0.00000002700 4.45466881016 963.4027029714
0.00000003417 3.07102354924 1055.1891444952
0.00000003026 0.53178244298 464.7312265138
0.00000002777 1.65856987776 238.6413256727
0.00000002673 4.60039823041 531.6967026647
0.00000002677 1.34892572100 673.8375362578
0.00000002586 1.81370129822 952.0963702766
0.00000003089 6.09015444975 340.5102596139
0.00000002583 6.14761245757 411.0990724872
0.00000003011 5.63133480804 638.1521811748
0.00000003257 1.52474283809 305.7186764082
0.00000002639 1.77948465499 1558.0534066468
0.00000002647 3.85259975875 418.2608035978
0.00000003265 1.54950325507 24.4908969728
0.00000002938 5.49430233325 1012.8633231634
0.00000003134 2.43567242699 959.2099172774
0.00000002704 4.48994870880 260.9933586314
0.00000002644 1.01962883809 508.3503240922
0.00000002764 4.98220772432 410.8384400563
0.00000002541 4.73625533432 908.3342603463
0.00000002611 4.07716780147 213.3472795478
0.00000003445 2.56425659412 891.3294173898
0.00000002603 0.81228898725 213.2509113282
0.00000002766 2.69251127285 57.7980074702
0.00000002629 0.50662483303 881.5075574033
0.00000003149 4.87348132813 227.9681324243
0.00000003052 3.24537522514 463.5073862364
0.00000002969 2.91028630885 482.9599097477
0.00000002529 0.59005799785 800.8362521126
0.00000002814 4.47170466011 288.0806940053
0.00000002776 5.74905232493 113.1270825262
0.00000003048 4.65674657724 473.4623726669
0.00000002922 1.12479586101 244.0097675343
0.00000002607 4.21790184644 1512.8068240082
0.00000002591 1.76339808480 1190.7858800591
0.00000002485 1.72931036722 393.5729646689
0.00000003144 0.01982679605 1504.2088042991
0.00000002818 3.61898689320 49.0668613171
0.00000002466 0.64176464596 203.7378678824
0.00000003275 2.20152854585 769.8167634756
0.00000002471 1.23010498360 411.3597049181
0.00000003340 3.12134960773 172.2452984934
0.00000002972 0.30228215717 569.0478410098
0.00000003186 1.74073125344 149.0419322728
0.00000003367 1.91743580007 20.0374788479
0.00000002882 0.03762702324 340.8827666294
0.00000002660 0.43081795741 573.4530750249
0.00000002436 4.39571941383 1625.7214582133
0.00000002821 5.66862729029 402.6922492398
0.00000003412 1.27006964431 772.5887669361
0.00000003170 0.53683800465 1011.3788504551
0.00000002845 4.17449695566 425.3743505986
0.00000003402 4.85307522182 89.9082099406
0.00000003398 3.55399056219 769.6198215195
0.00000002437 0.05670653494 189.8350967865
0.00000003032 4.25383054569 237.9869343669
0.00000003400 2.91219723907 533.8355666788
0.00000002671 2.67939607146 409.6627838887
0.00000002771 4.92893090510 608.877797677
0.00000003091 1.88244262661 379.0158022672
0.00000003003 5.65412222590 416.7763308895
0.00000002397 6.05494110587 841.8900490572
0.00000003241 6.13124318449 353.0404325861
0.00000003176 3.29731094880 301.1533836987
0.00000003364 4.63792927454 2849.054497243
0.00000002613 4.56119092841 561.8861098992
0.00000002506 5.01609439183 1447.8470854274
0.00000003329 5.91925424243 66.3960271793
0.00000002503 5.31932296128 1012.6508748423
0.00000002698 1.69371611112 78149.31031780918
0.00000002607 5.94788516174 1155.361157407
0.00000002373 4.96473366948 131.0951333292
0.00000002850 5.75651173443 316.6525020875
0.00000002548 5.85319231329 1624.236985505
0.00000003326 2.34088602919 346.1393339064
0.00000002419 6.00632380308 527.6852275245
0.00000002628 2.68041444146 305.3461693927
0.00000002362 5.34786616359 905.3653149297
0.00000003116 2.31725423336 6171.6456884946
0.00000002735 4.77197048747 1205.9761819072
0.00000002351 1.00989589789 487.6257761937
0.00000003264 0.98644966743 1507.1777497157
0.00000002343 5.30414272180 570.7447620392
0.00000003242 3.43781809479 978.6624407887
0.00000002327 1.94695161209 490.0734567485
0.00000002871 4.23439916590 154.6710065653
0.00000002369 4.33013696090 419.2240114443
0.00000003035 5.98225247299 330.6189636582
0.00000002891 5.96526238067 51.7751743028
0.00000002345 2.80678169901 454.1756533444
0.00000002329 1.75923687263 1477.642733787
0.00000002340 5.41993486888 452.6741342936
0.00000002471 5.85334195437 878.5386119867
0.00000003119 3.73163278907 1435.0562800243
0.00000002460 0.98834029380 173.6815870919
0.00000003148 5.33900856192 1122.8571960617
0.00000002494 0.79353995081 1187.8169346425
0.00000002324 0.85149013777 1515.7757694248
0.00000003045 4.58970934616 477.3308354552
0.00000002701 3.94900738069 2005.8492261733
0.00000003122 4.87352367476 1230.3552042954
0.00000002809 5.67078157868 317.8281582551
0.00000002465 2.75224963023 532.1386456494
0.00000003209 5.65172771419 15.1266113733
0.00000002946 6.27125306316 186.472392495
0.00000002409 1.16807097154 70.6369969831
0.00000002546 3.78661896416 422.7142217227
0.00000002855 6.04151843237 414.0680179038
0.00000002992 3.74091272105 10101.8553847142
0.00000002722 2.16495029711 49.4393683326
0.00000002346 0.85350513182 52137.67324751059
0.00000002745 1.25308857006 591.9423906897
0.00000002251 1.84603626039 22.8945496799
0.00000002380 0.86688341144 429.5189521828
0.00000002655 2.72088990937 484.3961983462
0.00000003005 3.02374335144 1929.5831548977
0.00000002944 5.80795120544 497.1870037493
0.00000002290 3.41119288308 455.4306313891
0.00000002226 2.09977732289 47.5823886088
0.00000002380 5.70190719886 398.6807740996
0.00000002235 4.93872079635 877.1023233882
0.00000002965 5.31321105098 451.9404211107
0.00000002228 0.14871984610 29.7474642498
0.00000002719 1.98957096467 177.8261886761
0.00000002353 2.64987133570 278.5194664497
0.00000002999 2.06886611056 1926.6142094811
0.00000002695 3.57859697492 6284.5603226997
0.00000003103 5.25954578672 859.5280314601
0.00000002841 1.89822722034 2080.6308247406
0.00000002247 4.99448806399 635.70450062
0.00000002718 3.94432671112 1082.0158474382
0.00000002266 3.32415490093 621.4774066184
0.00000002805 4.65550300998 1438.0252254409
0.00000002204 3.20467222541 443.1299530805
0.00000002983 2.11840545429 601.5036182453
0.00000002983 0.96467854341 783.2619601845
0.00000002226 6.16264010648 1189.3014073508
0.00000002825 5.72066778195 1131.1945833399
0.00000002513 2.67603480531 407.2151033339
0.00000002449 6.26391680561 545.2750258176
0.00000002823 1.28631955107 411.147256597
0.00000002976 1.45407959506 1014.3477958717
0.00000002341 1.72462609263 440.6822725257
0.00000002148 6.10633698376 248.7238180901
0.00000002704 4.82066135933 382.8360809457
0.00000002370 0.24236554874 132.8402384684
0.00000002336 4.17366212174 495.4900827199
0.00000002232 2.42169508541 158.3736651648
0.00000002471 3.93681150847 658.1896600227