0.72324820731 1.60573808356 10213.285546211
-0.00549506273 0.0 0.0
0.00244884790 2.48564954004 20426.571092422
0.00002789807 5.04214523606 2352.8661537718
0.00001933868 5.80597990261 1577.3435424478
0.00001243658 3.36573697344 30639.856638633
0.00001164480 1.30970620277 18073.7049386502
0.00001041872 0.18129136925 6283.0758499914
0.00000770549 5.30366680002 529.6909650946
0.00000670527 6.17032430376 14143.4952424306
0.00000657675 5.21360427049 8635.9420037632
0.00000477182 4.27309387857 10186.9872264112
0.00000475690 2.08026660779 10239.5838660108
0.00000559632 5.87842445808 22003.9146348698
0.00000542381 1.15040078193 11790.6290886588
0.00000367778 2.17623939625 9437.762934887
0.00000407052 2.35411923107 775.522611324
0.00000275646 1.23968348521 9683.5945811164
0.00000268898 5.13218653673 10742.9765113056
0.00000302219 0.94310085463 5507.5532386674
0.00000214465 5.46202116536 10021.8372800994
0.00000241591 4.23657289457 10988.808157535
0.00000207456 0.88354754907 10404.7338123226
0.00000274181 0.42777141449 9153.9036160218
0.00000271427 1.05376720660 19896.8801273274
0.00000175993 1.40721119359 191.4482661116
0.00000123120 0.01710584424 1059.3819301892
0.00000154080 3.78432893453 4705.7323075436
0.00000146618 3.98848869231 19651.048481098
0.00000069607 4.80578213159 9103.9069941176
0.00000062765 1.56960357113 11322.6640983044
0.00000080946 2.57565274435 15720.8387848784
0.00000058886 1.48624205515 20618.0193585336
0.00000069363 3.69964170363 13367.9726311066
0.00000060880 2.21481236691 4551.9534970588
0.00000046449 5.23328801608 10192.5101507186
0.00000046324 1.11900673339 10234.0609417034
0.00000062214 1.01972067969 25934.1243310894
0.00000050886 0.04577660930 8624.2126509272
0.00000045635 0.06422916339 19367.1891622328
0.00000057305 2.21379435263 3154.6870848956
0.00000043008 4.77406484115 11015.1064773348
0.00000040191 1.64117305351 9411.4646150872
0.00000047803 5.57043181545 213.299095438
0.00000039695 3.21219423570 801.8209311238
0.00000045195 0.48101910280 29580.4747084438
0.00000036983 2.82425916202 7058.5984613154
0.00000028623 3.35612170637 1109.3785520934
0.00000032033 4.14384371647 15874.6175953632
0.00000036570 2.34542445828 9999.986450773
0.00000035385 4.01098677439 10426.584641649
0.00000026683 4.05505010621 7860.4193924392
0.00000031203 5.14153242529 17298.1823273262
0.00000020281 1.13139072441 10220.3990932118
0.00000020203 5.21881955034 10206.1719992102
0.00000019545 0.48811065404 7.1135470008
0.00000021268 1.37799999997 3128.3887650958
0.00000018884 0.61668932816 26.2983197998
0.00000019675 1.34966583849 3930.2096962196
0.00000017677 1.74739410911 3532.0606928114
0.00000015237 2.81371933371 9830.3890139878
0.00000017691 3.60800987998 7084.8967811152
0.00000013327 5.53453199388 5661.3320491522
0.00000014371 3.52598338070 10596.1820784342
0.00000016090 0.78654424919 20213.271996984
0.00000011121 2.20216490389 28286.9904848612
0.00000014763 2.49676145619 29864.334027309
0.00000012842 0.47911260035 1589.0728952838
0.00000014712 2.29133684995 23581.2581773176
0.00000009394 5.33533491552 11272.6674764002
0.00000011695 4.63672266528 3340.6124266998
0.00000010763 5.94541303751 9929.4262273458
0.00000008761 0.11029927382 29050.7837433492
0.00000010378 0.40689057274 10497.1448650762
0.00000007445 3.28642860734 21535.9496445154
0.00000007498 4.24533507981 40853.142184844
0.00000007389 5.51255095771 16496.3613962024
0.00000008792 5.18118052529 10207.7626219036
0.00000008786 1.17109977659 10218.8084705184
0.00000009913 6.14997101823 9786.687355335
0.00000007423 2.59067946967 10175.2578735752
0.00000007386 3.76162101633 10251.3132188468
0.00000008148 3.12774143805 18837.49819713819
0.00000006728 5.95684074920 8094.5216858326
0.00000006531 5.88279509445 20419.45754542119
0.00000007978 1.89127848081 12566.1516999828
0.00000005882 0.45870719779 32217.2001810808
0.00000005728 0.74065551442 24356.7807886416
0.00000005963 5.04938942644 6681.2248533996
0.00000005965 0.59433125558 426.598190876
0.00000004944 2.08956957827 3149.1641605882
0.00000005640 3.95018415563 382.8965322232
0.00000004593 1.06358355759 14765.2390432698
0.00000004707 4.98650913328 18849.2275499742
0.00000005507 1.80406867812 25158.6017197654
0.00000005411 2.88024654297 26087.9031415742
0.00000005495 1.72074788403 17085.9586657222
0.00000005326 3.83237566744 33794.5437235286
0.00000005089 0.10337236315 14945.3161735544
0.00000003978 1.32528412563 13745.3462390224
0.00000004659 1.22404458937 20452.8694122218
0.00000003998 4.65648271949 4732.0306273434
0.00000004330 1.83563721109 23958.6317852334
0.00000003477 5.05468526636 1551.045222648
0.00000002949 1.25283495999 10198.033075026
0.00000002944 5.09946217029 10228.538017396
0.00000003221 5.14877320147 20400.2727726222
0.00000003317 1.49275898018 18875.525869774
0.00000002888 2.65887654829 18307.8072320436
0.00000002743 0.21013076684 5481.2549188676
0.00000003422 3.20260172773 29088.811415985
0.00000003167 3.72833942933 27511.4678735372
0.00000002431 2.28525105333 30110.1656735384
0.00000002308 1.19399794720 6872.6731195112
0.00000002306 2.32729148663 3442.5749449654
0.00000002424 5.68140954809 20956.2620575166
0.00000002376 5.99390031067 8662.240323563
0.00000002431 2.10516277403 21228.3920235458
0.00000002601 2.22431686363 9580.5018068978
0.00000001984 4.11155161070 17277.4069318338
0.00000002044 5.75289655241 19999.97290154599
0.00000002100 5.81905329229 28521.0927782546
0.00000002207 2.03000529435 536.8045120954
0.00000002010 5.27974132127 21202.093703746
0.00000002471 4.17663285501 10846.0692855242
0.00000001988 4.08614647864 20809.4676246452
0.00000002188 4.41129276996 9967.4538999816
0.00000002278 2.82110310010 10110.1927719924
0.00000002278 3.53119029368 10316.3783204296
0.00000001804 2.43206099970 22779.4372461938
0.00000002118 1.94080328198 10459.1171924404
0.00000002260 0.59802721740 9573.388259897
0.00000001753 5.10951080278 13553.8979729108
0.00000001766 4.70160896115 7064.1213856228
0.00000002081 5.38873357358 522.5774180938
0.00000002093 2.69264168456 9690.7081281172
0.00000002128 3.57071500134 103.0927742186
0.00000001962 3.66416649367 10735.8629643048
0.00000001483 4.31350753488 3723.508958923
0.00000002074 4.62137633405 33019.0211122046
0.00000001480 4.20172565416 16983.9961474566
0.00000001976 5.25155661903 37724.7534197482
0.00000001472 5.58089341541 6770.7106012456
0.00000001659 0.00230055843 20235.1228263104
0.00000001873 6.21486910777 30213.258447757
0.00000001542 2.45181007185 6489.776587288
0.00000001360 4.22919267004 10232.95530711079
0.00000001360 2.12310072374 10193.61578531121
0.00000001567 3.66460689276 9146.790069021
0.00000001592 0.91871579673 10288.0671447783
0.00000001592 5.43357759705 10138.5039476437
0.00000001257 3.93598172725 9793.8009023358
0.00000001232 5.36389077993 20.7753954924
0.00000001560 5.07643229822 9896.8936765544
0.00000001560 1.27586109556 10529.6774158676
0.00000001178 4.45247045018 14919.0178537546
0.00000001158 2.28822825043 10632.7701900862
0.00000001254 5.80795879481 2379.1644735716
0.00000001237 1.11516406327 12592.4500197826
0.00000001402 3.43281150113 10639.883737087
0.00000001435 0.39193883021 9161.0171630226
0.00000000967 0.02581226166 639.897286314
0.00000001192 2.95601574230 39264.0692895602
0.00000001010 5.80804230901 10007.0999977738
0.00000001008 0.55046820997 10419.4710946482
0.00000001269 6.03842899487 36949.2308084242
0.00000001187 5.04350394974 31441.6775697568
0.00000001216 3.92525318232 74.7815985673
0.00000000995 2.96746942556 13341.6743113068
0.00000001120 0.26190073863 245.8316462294
0.00000001139 0.86087945459 2118.7638603784
0.00000000761 5.59004416449 7564.830720738
0.00000000786 0.51228624161 11764.330768859
0.00000000795 1.85352659217 10750.0900583064
0.00000000769 5.39709006967 7834.1210726394
0.00000000784 4.48666174060 9676.4810341156
0.00000000695 1.82001334483 36147.4098773004
0.00000000845 3.16389685660 22805.7355659936
0.00000000787 4.31922872731 19889.76658032659
0.00000000798 3.51175121692 13936.794505134
0.00000000789 4.89377019350 7994.5284420242
0.00000000624 1.27677428473 39793.7602546548
0.00000000808 0.37657594142 41654.9631159678
0.00000000744 0.94447044889 19903.99367432819
0.00000000689 3.03288154721 1066.49547719
0.00000000783 1.17537914975 40879.4405046438
0.00000000632 5.89589146195 52175.8062831484
0.00000000686 1.54143807247 12432.0426503978
0.00000000520 1.44881507469 110.2063212194
0.00000000647 4.49596793914 26735.9452622132
0.00000000605 3.06366110276 10059.5067357262
0.00000000503 2.26978085577 17778.11626694899
0.00000000676 3.63142919749 20529.66386664059
0.00000000593 3.28870942824 10367.0643566958
0.00000000665 4.76490629865 1162.4747044078
0.00000000464 0.84118413790 8631.326197928
0.00000000454 5.50480758535 10042.6126755918
0.00000000444 0.84748587084 10383.9584168302
0.00000000439 4.57010937002 24150.080051345
0.00000000582 1.01106657087 8521.1198767086
0.00000000460 5.40297168283 11802.3584414948
0.00000000498 2.61301324745 16522.6597160022
0.00000000436 0.28613813561 9638.9407478762
0.00000000416 0.15526058452 10225.014899047
0.00000000416 6.19703280926 10201.556193375
0.00000000439 5.33807558951 27991.40181316
0.00000000431 3.30244061049 8617.0991039264
0.00000000472 3.26622622976 2218.7571041868
0.00000000379 4.94184026058 19317.1925403286
0.00000000377 4.10224485736 149.5631971346
0.00000000391 6.01609758586 10787.6303445458
0.00000000355 2.68573127230 30831.3049047446
0.00000000354 1.27226804531 10323.4918674304
0.00000000354 5.08002534847 10103.0792249916
0.00000000420 1.77275125703 9050.8108418032
0.00000000478 0.19721186884 35371.8872659764
0.00000000490 2.59601400341 44809.6502008634
0.00000000429 1.10169709405 13655.8604911764
0.00000000468 3.72988210531 38.1330356378
0.00000000398 5.69369661409 1052.2683831884
0.00000000404 5.98015684299 30666.1549584328
0.00000000331 4.69331165984 27490.6924780448
0.00000000315 4.73109393582 20639.87018786
0.00000000328 1.01438027476 19786.67380610799
0.00000000392 4.05329100749 632.7837393132
0.00000000392 0.71173908582 29999.959352319
0.00000000399 2.67833209975 10211.8010735027
0.00000000399 3.67396129403 10214.7700189193
0.00000000398 2.07757069100 9835.9119382952
0.00000000404 2.41513448299 20351.7894938547
0.00000000385 6.08106825320 20180.7394461926
0.00000000379 4.27472283876 10590.6591541268
0.00000000318 0.94946325025 6309.3741697912
0.00000000336 5.44898460787 220.4126424388
0.00000000365 6.13706743141 10348.910871221
0.00000000365 0.21522596237 10077.660221201
0.00000000283 3.96316373805 3903.9113764198
0.00000000269 4.01599389913 26709.6469424134
0.00000000271 2.28569001687 9745.3205558566
0.00000000327 1.40630049713 9360.089164459
0.00000000264 3.58982234478 76.2660712756
0.00000000314 6.11319497702 20405.7956969296
0.00000000273 2.81398608180 206.1855484372
0.00000000306 5.83870523892 2957.7158944766
0.00000000329 1.76365842835 45585.1728121874
0.00000000254 4.06665627806 10681.2505365654
0.00000000343 3.07216304543 8106.2510386686
0.00000000294 3.40944983272 19360.07561523199
0.00000000234 2.24935611965 19624.7501612982
0.00000000281 5.49571066653 9399.7352622512
0.00000000229 0.20430029596 574.3447983348
0.00000000280 2.60576987045 38734.3783244656
0.00000000229 2.88442554028 949.1756089698
0.00000000309 4.01568679365 48739.859897083
0.00000000222 2.81789285850 8734.4189721466
0.00000000292 3.65814608665 27197.2816936676
0.00000000267 2.30394736960 31749.2351907264
0.00000000229 2.85216297633 9264.1099372412
0.00000000255 2.46385009073 9992.8729037722
0.00000000255 3.88844330305 10433.6981886498
0.00000000259 3.73915077229 29573.361161443
0.00000000211 4.89515362389 10249.3134128884
0.00000000211 1.45713976989 10177.2576795336
0.00000000255 0.85666245088 11026.8358301708
0.00000000275 1.03976284586 34596.3646546524
0.00000000220 2.13242742555 38.0276726358
0.00000000247 0.33731775967 29587.5882554446
0.00000000206 1.80396539478 30426.557543195
0.00000000263 1.59050643196 20433.6846394228
0.00000000212 1.58965720399 10206.65698731099
0.00000000212 4.76263618979 10219.91410511101
0.00000000202 5.53771508607 16894.5103996106
0.00000000197 3.20271468078 40077.61957352
0.00000000254 2.17517906027 37410.5672398786
0.00000000272 3.28012791525 12320.3200537534
0.00000000211 3.54449702303 11162.4611551808
0.00000000266 2.72829191880 377.3736079158
0.00000000186 2.96624941532 10251.4185818488
0.00000000186 3.38604397846 10175.1525105732
0.00000000258 0.95259827692 9864.361125763
0.00000000186 3.29302251278 17271.8840075264
0.00000000257 3.20894861459 10063.7223490764
0.00000000254 1.58851548099 19264.0963880142
0.00000000246 5.39979365811 10562.209966659
0.00000000211 4.59175138406 11375.7602506188
0.00000000233 1.59229597312 39302.096962196
0.00000000178 5.22149503543 10949.1620597428
0.00000000178 1.13079835835 9477.4090326792
0.00000000197 5.67124977323 1692.1656695024
0.00000000177 4.83529684993 20316.36477120259
0.00000000154 5.43597579906 10199.0584522094
0.00000000154 0.91631759472 10227.5126402126
0.00000000176 0.33520501486 14.2270940016
0.00000000152 4.19364670284 283.8593188652
0.00000000166 2.18082507791 10263.0425716828
0.00000000166 4.17146831587 10163.5285207392
0.00000000168 0.62501827359 7991.428911614
0.00000000182 2.27073026813 9256.9963902404
0.00000000197 1.86994400353 846.0828347512
0.00000000169 4.14838568997 11265.5539293994
0.00000000152 4.81054163957 9367.2027114598
0.00000000195 3.84051863538 8837.5117463652
0.00000000140 5.04268037408 10191.4347168846
0.00000000140 1.30961301970 10235.1363755374
0.00000000196 3.84517606319 1293.4842235826
0.00000000191 5.43460705034 52670.0695933026
0.00000000183 2.47363849671 38526.574350872
0.00000000138 5.09734035169 10217.2176994741
0.00000000138 1.25495304209 10209.3533929479
0.00000000148 0.77105069393 19374.3027092336
0.00000000143 6.11571774821 20447.3464879144
0.00000000156 6.26097721339 9779.5738083342
0.00000000126 2.24994178665 20277.0078952874
0.00000000149 0.61484998961 10135.611775783
0.00000000149 5.73744340417 10290.959316639
0.00000000117 5.64821183940 1581.959348283
0.00000000151 5.55480633210 10245.8180970024
0.00000000151 0.79748706168 10180.7529954196
0.00000000119 1.19706827555 7255.5696517344
0.00000000144 2.25615309488 9985.809413422
0.00000000144 4.09614029890 10440.76167900
0.00000000130 4.00092308815 10236.0607476618
0.00000000130 2.35137030563 10190.5103447602
0.00000000156 2.62001496108 20388.4380567842
0.00000000155 5.57179123583 8237.793000355
0.00000000134 3.09738168989 49515.382508407
0.00000000130 2.02381333844 38204.687359371
0.00000000106 6.19602488368 17468.8551979454
0.00000000131 0.68489685701 8101.6352328334
0.00000000103 2.80780479569 24978.5245894808
0.00000000102 2.52405576525 419.4846438752
0.00000000122 2.34109232351 19793.7873531088
0.00000000101 3.69358080572 20043.6745601988
0.00000000135 4.50553232470 5999.2165311262
0.00000000097 5.63290016993 853.196381752
0.00000000123 2.99027576045 43232.3066584156
0.00000000109 4.59018786120 43071.8992890308
0.00000000099 2.67241755916 78263.70942472259
0.00000000130 1.64611266829 4176.041342449
0.00000000122 5.60169381159 24383.0791084414
0.00000000097 5.88286380267 32858.61374281979
0.00000000112 0.89977181729 20206.15844998319
0.00000000093 1.80493983620 8204.728007052
0.00000000098 1.55452229557 11059.3683809622
0.00000000121 3.89536747733 42456.7840470916
0.00000000091 2.45754138550 18844.61174413899
0.00000000103 3.58160703323 10244.199671846
0.00000000103 2.77068636055 10182.371420576
0.00000000125 0.78050551092 12188.778092067
0.00000000097 2.34874466786 2333.196392872
0.00000000122 0.57162307533 56600.2792895222
0.00000000088 2.76213355426 20350.3050211464
0.00000000102 5.88069001423 3.9321532631
0.00000000122 3.86087135261 2636.725472637
0.00000000087 2.93241416282 8087.4081388318
0.00000000086 5.21923091634 7035.1397556434
0.00000000086 0.89639333663 29057.89729034999
0.00000000095 0.46006492106 10202.2398459471
0.00000000095 5.89222847272 10224.3312464749
0.00000000084 5.03945503208 27461.7108480654
0.00000000084 5.94038512576 10401.2106939736
0.00000000084 0.41190826802 10025.3603984484
0.00000000085 3.46647958947 19477.39548345219
0.00000000099 1.23120634693 2648.454825473
0.00000000098 3.80111874017 20220.3855439848
0.00000000100 3.49942556903 1596.1864422846
0.00000000091 3.84142883929 14169.7935622304
0.00000000095 1.78055741695 29477.3819342252
0.00000000096 0.05074222339 30206.14490075619
0.00000000101 2.86422529330 38500.2760310722
0.00000000095 2.94691545874 30220.3719947578
0.00000000077 2.01507273057 10853.182832525
0.00000000107 3.08276575514 2069.0068349066
0.00000000076 3.30386469943 10243.1069843598
0.00000000076 3.04842869435 10183.4641080622
0.00000000076 4.53950259247 44007.8292697396
0.00000000078 5.37998455046 7880.08915333899
0.00000000076 4.51276408387 956.2891559706
0.00000000084 4.18317376174 1478.8665740644
0.00000000100 1.06747118471 28947.6909691306
0.00000000072 1.90029548750 17248.4253018544
0.00000000082 5.95948324562 5.5229243074
0.00000000078 3.37272107675 29043.67019634839
0.00000000075 0.44027902661 21000.9158907568
0.00000000071 2.52223847071 22645.32819660879
0.00000000074 0.35341011835 8827.3902698748
0.00000000085 0.56779936902 3914.9572250346
0.00000000070 6.20393956561 6298.3283211764
0.00000000072 2.38867048672 34171.9173314444
0.00000000079 1.08839441675 10018.3141617504
0.00000000079 5.26389897703 10408.2569306716
0.00000000075 0.64877739613 18734.4054229196
0.00000000069 5.61697903331 41044.5904509556
0.00000000069 0.68347421356 9644.4636721836
0.00000000069 5.66881918022 10782.1074202384
0.00000000083 4.22258770909 9721.6222537522
0.00000000083 2.12970568469 10704.9488386698
0.00000000072 0.13848852336 18830.38465013739
0.00000000090 3.61691095667 20049.1974845062
0.00000000076 5.76440532006 21485.95302261119
0.00000000072 2.56964528099 19573.37471066999
0.00000000063 3.18646450612 18314.9207790444
0.00000000070 1.43478197258 1573.8204240988
0.00000000083 5.34151461839 46386.9937433112
0.00000000067 2.05862077241 3956.5080160194
0.00000000070 0.75267806535 1580.8666607968
0.00000000087 3.90827818520 29264.0828387872
0.00000000071 0.66382087848 28418.000004036
0.00000000061 1.55846256298 27682.1407441564
0.00000000060 6.06109901775 20421.0481681146
0.00000000076 2.36906364898 29683.56748266239
0.00000000064 5.87747392917 18300.69368504279
0.00000000062 5.99888400949 11599.1808225472
0.00000000079 0.78455831236 28313.288804661
0.00000000058 1.51132246914 7576.560073574
0.00000000057 2.10835504837 11279.781023401
0.00000000079 1.99170433665 60530.4889857418
0.00000000059 5.97279707503 10254.8363371958
0.00000000059 0.37949631875 10171.7347552262
0.00000000057 2.49183550585 20464.5987650578
0.00000000079 3.55016127148 10137.0194749354
0.00000000062 1.89895196585 31022.7531708562
0.00000000074 3.35112731202 53285.1848352418
0.00000000064 4.00074980257 30007.0728993198
0.00000000058 1.48653338098 75449.50683949639
0.00000000073 2.27987119168 51449.3242632782
0.00000000074 3.91369739911 21720.0553160046
0.00000000069 4.29368361875 18093.37469954999
0.00000000072 2.90060146744 100608.10855926179
0.00000000061 5.27096932810 18100.00325845
0.00000000052 0.52182858466 40426.543993968
0.00000000058 6.02426265881 20412.34399842039
0.00000000065 2.14229590210 32243.4985008806
0.00000000059 4.73931220180 47162.5163546352
0.00000000056 4.39886775705 53445.5922046266
0.00000000057 3.46964286996 8307.8207812706
0.00000000050 6.27092935627 8418.02710249
0.00000000066 3.34109931244 78604.19392439199
0.00000000066 4.48087077585 19580.4882576708
0.00000000047 3.24772372978 38741.4918714664
0.00000000050 6.05227901906 59160.9494168876
0.00000000055 5.41416986220 48947.6638706766
0.00000000046 5.77895747608 194.9713844606
0.00000000056 5.79105836654 9936.5397743466
0.00000000056 0.56123502724 10490.0313180754
0.00000000054 2.92585194345 9922.312680345
0.00000000054 3.42644145033 10504.258412077
0.00000000059 3.59330170983 18204.71445782499
0.00000000048 5.93972997403 38727.2647774648
0.00000000061 4.41585090977 10139.988420352
0.00000000061 1.93644248401 10286.58267207
0.00000000061 5.28413978764 6566.9351688566
0.00000000060 6.18401612782 86464.61331683119
0.00000000048 1.78116870506 9246.3146687754
0.00000000060 4.34226209904 3684.3780499902
0.00000000060 1.84622268138 14427.3545612958
0.00000000051 0.71928664610 9566.2747128962
0.00000000052 1.63253830755 8727.3054251458
0.00000000054 3.78910232599 47623.8527860896
0.00000000048 0.48345704135 433.7117378768
0.00000000045 3.95006454295 10263.2821681152
0.00000000045 2.40222885083 10163.2889243068
0.00000000049 0.08548300777 9794.3611473104
0.00000000049 6.26681038601 10632.2099451116
0.00000000058 1.48165013529 1861.202861313
0.00000000047 6.22156178529 20142.7117735568
0.00000000044 0.47724556879 30632.74309163219
0.00000000041 4.84097099797 12850.011018848
0.00000000045 3.81128625757 2349.3430354228
0.00000000045 3.12918282665 2356.3892721208
0.00000000042 3.51224472308 77802.37299326819
0.00000000046 1.42734790968 115674.27666460119
0.00000000044 2.89783366184 79379.716535716
0.00000000041 1.23522586481 25132.3033999656
0.00000000039 1.87346435474 28631.29909947399
0.00000000052 3.63882972952 38631.285550247
0.00000000043 4.57112464191 11180.2564236466
0.00000000039 5.73237078975 1265.5674786264
0.00000000052 0.42186741524 1.4844727083
0.00000000047 0.17782919736 187.9251477626
0.00000000039 5.18683524181 54981.3849560896
0.00000000044 5.88330364964 10168.1443265744
0.00000000044 0.46898974414 10258.4267658476
0.00000000041 1.16123981348 24341.5283174566
0.00000000051 3.41164207102 64460.6986819614
0.00000000043 0.40869970249 22030.2129546696
0.00000000041 0.99171071955 47358.5909753928
0.00000000051 4.32233055210 104538.3182554814
0.00000000051 4.70514482859 16250.529749973
0.00000000037 2.91616393795 29160.9900645686
0.00000000043 3.35259007747 10362.8487433456
0.00000000039 1.62990239695 37674.9963942764
0.00000000038 2.56508843435 47917.2635704668
0.00000000037 2.84218380221 6256.7775301916
0.00000000036 1.39948651785 8673.969676399
0.00000000050 1.83789408271 54247.4131357504
0.00000000044 0.56832443467 50317.2034395308
0.00000000049 0.39141584772 491.6632924588
0.00000000035 1.18237243551 12546.481939083
0.00000000044 2.73569081007 9697.821675118
0.00000000044 3.61660258371 10728.749417304
0.00000000036 0.66587329374 69941.95360082899
0.00000000037 1.68139239859 35191.8101356918
0.00000000035 0.76656495982 48733.23133818299
0.00000000035 3.22135299939 10011.0321510369
0.00000000035 3.13094039439 10415.5389413851
0.00000000036 3.40125641272 100909.03762133139
0.00000000044 1.20989531942 36301.18868778519
0.00000000047 2.53044739139 88041.956859279
0.00000000034 5.96407611411 47938.0389659592
0.00000000033 3.80922491688 49477.35483577119
0.00000000045 6.15174229277 66038.04222440919
0.00000000040 5.33231345721 28513.97923125379
0.00000000033 1.28829842226 34363.365597556
0.00000000033 2.72260069006 55798.4583583984
0.00000000033 3.40692233770 54394.56338733519
0.00000000034 4.57649322994 31214.2014369678
0.00000000033 2.17810098111 10117.3063189932
0.00000000033 4.17419241267 10309.2647734288
0.00000000034 0.22515043919 7461.7379465194
0.00000000037 5.80408586611 58946.51688439399
0.00000000044 1.32352355619 90394.82301305079
0.00000000039 1.14927453817 316.3918696566
0.00000000038 1.18845657835 74821.13447975718
0.00000000031 1.87707549397 30103.05212653759
0.00000000032 0.98619416724 34570.0663348526
0.00000000032 1.81438986358 29786.660256881
0.00000000032 2.19359308367 21977.61631507
0.00000000036 5.94106521859 20430.50324568509
0.00000000032 4.93495248062 81732.5826894878
0.00000000043 3.24614367572 58177.62283197
0.00000000035 6.20793918435 51092.7260508548
0.00000000033 1.38971011469 55022.9357470744
0.00000000033 4.31034440765 83309.92623193559
0.00000000029 4.95280733068 11752.601416023
0.00000000030 0.91907247414 11.0457002639
0.00000000029 3.94608385223 9800.9144493366
0.00000000029 2.40620954155 10625.6566430854
0.00000000030 2.05100908229 20432.0940167294
0.00000000029 5.98297157212 9889.7801295536
0.00000000038 1.57699576377 47964.337285759
0.00000000039 5.95942234005 47888.2819404874
0.00000000039 5.51640686424 14128.2427712456
0.00000000029 1.67115577064 85034.42002596818
0.00000000039 5.81881044351 73898.46161684839
0.00000000040 2.84352268392 80181.53746683979
0.00000000029 0.20497537275 224.3447957019
0.00000000028 4.98574596975 10098.84625752579
0.00000000028 1.36654742403 10327.72483489621
0.00000000039 2.90361169612 5791.4125575326
0.00000000039 3.61855841109 30563.5905673574
0.00000000034 2.65806280363 1539.315869812
0.00000000028 0.72550860398 1179.1945390396
0.00000000031 3.89570695535 39786.646707654
0.00000000028 2.08868760692 73872.1632970486
0.00000000028 5.13152921511 15694.5404650786
0.00000000034 2.10761573799 40213.24489853
0.00000000030 4.24679619338 62883.3551395136
0.00000000029 5.84823794150 110012.94461544899
0.00000000034 1.33501180136 42430.4857272918
0.00000000037 4.74983943559 82534.40362061159
0.00000000037 1.06810341965 13859.6359235654
0.00000000037 2.06942308542 37703.9780242558
0.00000000031 1.84196344987 25960.4226508892
0.00000000028 3.49625376754 7886.717712239