1.51769936383 6.20403346548 3340.6124266998
-0.19502945246 0.0 0.0
0.07070919655 0.25870338558 6681.2248533996
0.00494196914 0.59669127768 10021.8372800994
0.00040938237 0.93473307419 13362.4497067992
0.00021067199 1.80435656154 3337.0893083508
0.00021041626 1.17895619474 3344.1355450488
0.00011370375 4.83265211109 1059.3819301892
0.00013527976 0.63010765169 529.6909650946
0.00006774107 3.61785048282 3340.5951730476
0.00006774060 5.64862211431 3340.629680352
0.00008226069 1.86843519535 2281.2304965106
0.00005469046 1.13324429003 2942.4634232916
0.00004817134 1.85091045536 3738.761430108
0.00004937579 4.43241440654 5621.8429232104
0.00005276260 2.33148083116 6151.533888305
0.00003636667 6.11397592106 796.2980068164
0.00003725823 1.27280182943 16703.062133499
0.00003729746 1.21398323637 398.1490034082
0.00002368513 2.96841895360 2544.3144198834
0.00002397865 0.63553674054 3149.1641605882
0.00002274646 2.35708328853 3532.0606928114
0.00001977579 2.14087826110 6677.7017350506
0.00002229176 1.69588962513 3340.545116397
0.00002229117 1.28739323821 3340.6797370026
0.00002182206 1.69655112969 6283.0758499914
0.00002241010 4.82218655311 8962.4553499102
0.00001677693 3.14442612046 5884.9268465832
0.00001630482 0.24117974845 4136.9104335162
0.00001958162 1.51914544555 6684.7479717486
0.00001378470 2.18011900021 1751.539531416
0.00001289804 4.70970778621 1194.4470102246
0.00001468124 1.87869730543 3870.3033917944
0.00001290170 0.43596325296 2810.9214616052
0.00001572540 4.84809921789 1589.0728952838
0.00000956752 5.36994227392 426.598190876
0.00000819458 5.15884167649 4399.994356889
0.00000708712 4.69562713369 5486.777843175
0.00000719048 2.91145340412 191.4482661116
0.00000702848 4.67590003722 2146.1654164752
0.00000720121 2.65539067862 9492.1463150048
0.00000631186 3.95569679737 6681.2075997474
0.00000631186 5.98646842887 6681.2421070518
0.00000582287 3.95295967777 3185.1920272656
0.00000709131 0.92869188035 213.299095438
0.00000555568 5.32014604077 3496.032826134
0.00000492190 2.17606530808 7079.3738568078
0.00000535122 3.30310120139 1592.5960136328
0.00000417652 5.30163601083 3341.592747768
0.00000417769 3.96482796919 3339.6321056316
0.00000370752 5.08127148188 8432.7643848156
0.00000360028 1.61089122901 20043.6745601988
0.00000353036 3.88678429649 6254.6266625236
0.00000352079 5.17043717929 12303.06777661
0.00000321578 1.94644283196 3553.9115221378
0.00000346042 6.16404119331 5088.6288397668
0.00000301924 0.98460899560 3127.3133312618
0.00000287211 2.07531303415 7.1135470008
0.00000307060 0.00966130243 1748.016413067
0.00000260116 1.89587348902 1990.745017041
0.00000313875 5.10651966600 4535.0594369244
0.00000271815 1.94925691995 6467.9257579616
0.00000223359 3.55354563068 3319.8370312074
0.00000221615 5.71282076784 3361.3878221922
0.00000234058 2.03750130921 9623.6882766912
0.00000207708 2.03373205181 6681.1575430968
0.00000205217 1.85790835685 10025.3603984484
0.00000207851 2.47841996435 10018.3141617504
0.00000253068 1.39828863887 2914.0142358238
0.00000193257 4.93224646907 2118.7638603784
0.00000218718 0.97547090194 6489.776587288
0.00000190381 1.28527355998 4690.4798363586
0.00000207708 1.62523566496 6681.2921637024
0.00000178814 2.54776084181 1221.8485663214
0.00000157307 0.48852895157 2388.8940204492
0.00000177177 4.27081023055 2957.7158944766
0.00000147711 2.47588653124 7210.9158184942
0.00000164710 0.57591122272 7477.522860216
0.00000153944 4.44473119432 639.897286314
0.00000168450 5.06929034077 3723.508958923
0.00000126166 2.64309008334 4292.3308329504
0.00000161231 1.53118234358 1349.8674096588
0.00000135146 0.12922395244 7903.073419721
0.00000146849 4.41614407590 3337.021998048
0.00000146211 4.84723563341 3344.2028553516
0.00000166323 3.16905368032 10213.285546211
0.00000119425 4.65545643220 11773.3768115154
0.00000144098 5.36305248386 2787.0430238574
0.00000112328 0.07498207309 3205.5473466644
0.00000118125 5.18570866097 4929.6853219836
0.00000112305 3.45701462628 3333.498879699
0.00000106788 2.91050878748 3475.6775067352
0.00000125116 3.97421380472 3894.1818295422
0.00000120319 3.40966066157 9225.539273283
0.00000097207 2.99865676561 951.7184062506
0.00000106515 5.50162815365 382.8965322232
0.00000096090 5.81819224527 3347.7259737006
0.00000088763 2.98692015057 12832.7587417046
0.00000088424 0.46788407862 3097.88382272579
0.00000115240 5.86554297015 155.4203994342
0.00000080693 2.54262499897 3583.3410306738
0.00000085394 3.68553580935 4933.2084403326
0.00000084575 0.98139044515 6674.1113063988
0.00000073165 5.03165292302 1052.2683831884
0.00000072879 4.43895846428 553.5694028424
0.00000073967 5.89004738022 3767.2106175758
0.00000092023 4.26113870399 9595.2390892234
0.00000066160 0.94815285206 3.523118349
0.00000073608 5.48570032991 7740.6067835888
0.00000066070 1.60388512429 1066.49547719
0.00000066213 2.34472269926 2700.7151403858
0.00000069810 5.73677959672 5092.1519581158
0.00000054167 4.29292954610 6525.8044539654
0.00000066184 0.04131920152 10021.8545337516
0.00000049919 5.09299800813 3312.163239232
0.00000049213 4.17306140605 3369.0616141676
0.00000047370 5.51507270323 15643.6802033098
0.00000066184 4.29373287721 10021.8200264472
0.00000057875 5.05744124530 6041.3275670856
0.00000043269 1.94632875724 149.5631971346
0.00000053324 2.50863035758 10419.9862835076
0.00000038940 5.63973862939 6682.2051744678
0.00000043109 2.71319075118 3325.3599555148
0.00000042867 0.27117433127 3355.8648978848
0.00000048698 5.09899941910 2274.1169495098
0.00000046383 1.73717073020 2288.3440435114
0.00000036267 1.94902928841 23384.2869868986
0.00000050165 2.14736989820 4562.4609930212
0.00000041472 3.60893965854 536.8045120954
0.00000039049 0.74753075600 522.5774180938
0.00000044704 4.31072201688 3077.528503327
0.00000031936 4.22847752010 5628.9564702112
0.00000033826 2.14280999100 242.728603974
0.00000031516 2.26487927217 5331.3574437408
0.00000036134 2.27592727288 9808.5381846614
0.00000031693 5.11483018936 2648.454825473
0.00000039073 4.30379109135 6680.2445323314
0.00000029903 0.50914323279 7373.3824546264
0.00000032386 5.44057780617 7875.6718636242
0.00000038513 2.35130225277 6894.5239488376
0.00000040052 4.95360412434 3603.6963500726
0.00000027675 2.38007622196 12964.300703391
0.00000029415 1.41703966406 5614.7293762096
0.00000029767 5.41991083227 3178.1457905676
0.00000027624 1.51598253003 8429.2412664666
0.00000027780 3.76684820301 3503.079062832
0.00000031613 1.92518888418 103.0927742186
0.00000023774 3.79283688871 3320.257107301
0.00000023576 5.47254185738 3360.96774609859
0.00000024400 1.62009556792 76.2660712756
0.00000022361 4.86113133643 15113.9892382152
0.00000022690 2.19469301612 13365.9728251482
0.00000023114 4.24399671317 1692.1656695024
0.00000024893 2.94802556560 692.1576012268
0.00000021831 1.96164672611 10021.9045904022
0.00000021452 3.90485002116 6660.4494579072
0.00000020657 4.09048527688 1581.959348283
0.00000025193 0.35005183307 3335.0895023924
0.00000021831 2.37014311295 10021.7699697966
0.00000025135 2.63045826824 3346.1353510072
0.00000022753 1.31299329202 9830.3890139878
0.00000020575 0.90645437334 6438.4962494256
0.00000024954 2.47676946948 1648.4467571974
0.00000019324 0.97030055777 3329.97576135
0.00000019241 2.01197452147 3351.2490920496
0.00000023600 6.05705050939 10713.9948813262
0.00000017286 0.90425997403 6872.6731195112
0.00000019863 5.26277662529 9381.9399937854
0.00000023245 2.81335780702 1758.6530784168
0.00000018911 1.70838297719 3863.1898447936
0.00000019594 1.20290770391 2818.035008606
0.00000023014 2.81461106664 13358.9265884502
0.00000020716 6.04882555598 6702.000248892
0.00000017630 0.77500497806 3074.005384978
0.00000021283 0.36889274817 2707.8286873866
0.00000016342 4.60982335717 6298.3283211764
0.00000022491 3.05082771617 8031.0922630584
0.00000016318 2.90860348903 10551.528245194
0.00000017705 0.90939692872 10818.1352869158
0.00000016242 2.21265902746 3607.2194684216
0.00000016533 2.14796846234 6158.6474353058
0.00000019622 3.51635800323 853.196381752
0.00000019312 5.67131104636 6836.6452528338
0.00000014994 1.03985219202 6531.661656265
0.00000013970 2.37214915393 419.4846438752
0.00000017187 5.02091584362 11243.6858464208
0.00000013658 0.95367846073 7064.1213856228
0.00000013547 5.18592691748 6684.8152820514
0.00000015670 4.46631838197 3333.5661900018
0.00000016212 0.84608813575 5729.506447149
0.00000016254 5.63862628078 6144.4203413042
0.00000016776 3.21915143967 4032.7700279266
0.00000013925 4.61081158788 12935.8515159232
0.00000016781 2.44831081494 3973.396166013
0.00000012720 2.28483212376 3336.7310913418
0.00000012703 0.69084968319 3344.4937620578
0.00000015246 5.27637617538 5459.3762870782
0.00000014286 0.57434628738 10404.7338123226
0.00000013779 5.24898678188 433.7117378768
0.00000013737 5.70954873985 6127.6554505572
0.00000012994 3.50514987766 8827.3902698748
0.00000012310 3.32813422481 2487.4160449478
0.00000012133 4.87509657472 3980.5097130138
0.00000015437 5.37888245444 74.7815985673
0.00000012110 4.63788633296 3281.2385647862
0.00000013767 4.75090697315 6677.6344247478
0.00000011758 4.61782311507 3399.9862886134
0.00000013443 1.58243707468 1596.1864422846
0.00000011916 5.44422183383 1744.4259844152
0.00000013640 5.59411674318 3415.3940252671
0.00000012925 4.67854321339 7632.9432596502
0.00000013026 3.93047583551 11769.8536931664
0.00000011412 3.55488173063 11371.7046897582
0.00000011148 5.52272711776 8270.2977486834
0.00000011153 3.25807789781 6816.289933435
0.00000011351 4.98057415035 4989.0591838972
0.00000012966 4.66632646085 8969.568896911
0.00000010902 2.90900176456 110.2063212194
0.00000013281 3.70325148510 3265.8308281325
0.00000013932 0.43513047926 6546.1597733642
0.00000013694 4.65145546794 3347.6586633978
0.00000010824 0.88978834814 3316.733988952
0.00000010722 2.08650180598 3364.4908644476
0.00000013330 1.73633967849 8955.3418029094
0.00000010768 3.32549049401 16173.3711684044
0.00000013163 6.21762554655 6688.3384004004
0.00000011418 0.88286540120 3237.5196524812
0.00000012130 2.00651433041 3443.7052009184
0.00000009287 6.03988322239 3304.5845600224
0.00000009160 3.21863721466 3376.6402933772
0.00000008926 4.01851361248 8273.8208670324
0.00000009314 3.91047150173 14584.2982731206
0.00000012215 1.30873077067 10014.7237330986
0.00000011535 3.38250705677 3024.2205570432
0.00000008906 0.93197483563 3341.0325027934
0.00000008906 2.04371438516 3340.19235060619
0.00000009379 0.70747070827 632.7837393132
0.00000010563 4.76088157461 10973.55568635
0.00000009728 2.26828152965 135.0650800354
0.00000008125 0.08684877067 5828.0284716476
0.00000007830 3.37196781134 162.4666361322
0.00000010475 5.87139389943 3657.0042963564
0.00000008273 1.36018120251 6604.958782124
0.00000010423 2.32096503578 12168.0026965746
0.00000007365 0.74165927300 3760.097070575
0.00000007447 4.28662713398 1861.7458526354
0.00000007300 0.37690059591 13362.4669604514
0.00000007546 4.17104317176 3134.4268782626
0.00000009008 4.88604280960 6784.3176276182
0.00000007320 4.63241620258 13362.432453147
0.00000006861 3.80050446208 3169.9395560806
0.00000008388 3.35902341878 12566.1516999828
0.00000008149 2.72974838905 2921.1277828246
0.00000007236 5.08483662864 3546.797975137
0.00000008579 5.84551720825 5099.2655051166
0.00000007567 3.44029907335 3209.0704650134
0.00000007609 5.08371147556 3304.0070613956
0.00000006467 0.02249536614 10184.3039162316
0.00000007516 2.88089303559 6923.9534573736
0.00000006807 0.13521095675 7234.794256242
0.00000006446 5.78384184406 3341.0423098265
0.00000006446 3.48151772817 3340.1825435731
0.00000006514 2.78645432045 1118.7557921028
0.00000006453 5.46308741155 3511.285297319
0.00000007475 4.17838652821 3377.217792004
0.00000006646 1.41708264287 1375.7737998458
0.00000006439 2.33641979571 1478.8665740644
0.00000006409 6.18677106785 10575.4066829418
0.00000007656 5.81604841460 11081.2192102886
0.00000006250 2.84309908311 956.2891559706
0.00000006039 0.72624360734 640.8776073822
0.00000006850 5.82614287106 3472.1543883862
0.00000006433 5.96490221567 1162.4747044078
0.00000005556 4.54847111649 949.1756089698
0.00000005974 2.84025495512 13760.5987102074
0.00000006037 5.85268725215 18984.2926300096
0.00000006266 0.66358217014 220.4126424388
0.00000005383 3.18331360539 1228.9621133222
0.00000006832 3.87277522484 6606.4432548323
0.00000005381 1.74289410001 2766.267628365
0.00000006944 5.43820006019 8329.671610597
0.00000005618 2.04973538018 2699.7348193176
0.00000005240 4.43599515973 224.3447957019
0.00000005178 3.38284373136 3274.1250177854
0.00000005132 1.40127317485 3914.9572250346
0.00000005655 4.63277610967 9866.4168806652
0.00000005030 5.87356666210 3407.0998356142
0.00000006294 4.27899813330 2221.856634597
0.00000006669 5.34688319263 38.1330356378
0.00000004800 1.93538187506 4407.1079038898
0.00000005289 0.07864350876 13916.0191096416
0.00000006432 4.86365370127 3296.8935143948
0.00000006214 5.76944976140 8439.8779318164
0.00000006362 4.39850678391 3384.3313390048
0.00000006495 0.01977871702 7107.8230442756
0.00000004782 0.76221170409 6261.7402095244
0.00000006263 5.31414297159 1964.838626854
0.00000005038 4.00806214098 6247.5131155228
0.00000004557 1.53702348618 2807.3983432562
0.00000004586 4.50717342127 6709.6740408674
0.00000004868 5.44478627062 4392.8808098882
0.00000006229 4.40062999767 26087.9031415742
0.00000004383 3.06060537188 6665.9723822146
0.00000004389 2.60342985448 13149.1506113612
0.00000005865 3.94745834552 206.1855484372
0.00000004835 5.07151708141 14314.1681130498
0.00000005778 3.03661567763 2178.137722292
0.00000004352 2.71002586366 10235.1363755374
0.00000004627 3.66505491850 2803.8079146044
0.00000004372 6.12468678269 9168.6408983474
0.00000004137 1.74921053942 574.3447983348
0.00000004316 4.84679479800 3877.4169387952
0.00000004107 4.64137843892 10020.8569590312
0.00000003822 2.21626693517 3490.1756238344
0.00000004095 5.97738996422 10022.8176011676
0.00000003691 0.07794330600 6571.0185321802
0.00000004105 0.62939165404 263.0839233728
0.00000004701 4.02327027005 2111.6503133776
0.00000003544 1.42006590232 13517.8701062334
0.00000003496 5.77175707487 11216.284290324
0.00000003591 1.55483371434 3873.8265101434
0.00000004567 5.47345981316 13524.9163429314
0.00000003954 5.40431118866 6652.7756659318
0.00000004049 1.12676329347 3981.490034082
0.00000003269 2.47578227627 6040.3472460174
0.00000003781 1.51484025806 2906.900688823
0.00000003260 2.06519414445 8425.6508378148
0.00000003293 1.70537885026 9779.1086761254
0.00000003767 2.28715050291 26724.8994135984
0.00000003390 5.15091511991 18454.601664915
0.00000003325 0.39339640639 6843.6914895318
0.00000003962 1.83390636841 6048.4411140864
0.00000003154 0.64171873873 5202.3582793352
0.00000004019 0.60853100264 6696.4773245846
0.00000003926 1.75260892669 266.6070417218
0.00000003266 3.23784244279 13936.794505134
0.00000003115 1.54066694261 5305.4510535538
0.00000003268 2.71865882379 16304.9131300908
0.00000003904 3.77158991980 2384.3232707292
0.00000003234 3.23642327177 5518.7501489918
0.00000003311 2.59909525803 8671.9698704406
0.00000002846 3.36189891871 1332.0548875408
0.00000003766 5.98631611244 14712.317116458
0.00000002950 5.25308946484 6944.3087767724
0.00000002717 5.76322783552 6518.7582172674
0.00000002645 5.46777283627 5989.0672521728
0.00000002740 0.07808443244 7910.1869667218
0.00000002707 1.80768212748 16858.4825329332
0.00000003230 4.33139765115 647.0108333148
0.00000002528 1.65347317169 13171.0014406876
0.00000002483 3.87260065092 3313.210870603
0.00000002477 4.75666685518 5732.0492444298
0.00000003349 0.87562878675 10177.2576795336
0.00000002456 5.39283487914 3368.0139827966
0.00000002623 3.15434704817 16699.53901514999
0.00000003009 3.37695224152 2008.557539159
0.00000002420 1.77947870484 3561.0250691386
0.00000002416 2.30120840231 13362.517017102
0.00000002437 0.09917053128 5724.935697429
0.00000002532 4.86333607443 6475.0393049624
0.00000003283 3.57306497337 17277.4069318338
0.00000002305 4.09655242470 17924.9106998204
0.00000002334 6.00094674252 9485.032768004
0.00000002658 4.90685253882 3191.0492295652
0.00000002433 3.97617962527 3171.0322435668
0.00000002399 2.63420596512 15508.6151232744
0.00000002274 2.96629550939 6686.747777707
0.00000002448 4.59080697271 6418.1409300268
0.00000002247 2.22209606814 3343.3639373108
0.00000002247 0.76007819691 3337.8609160888
0.00000002300 1.05457137869 3120.199784261
0.00000002167 1.68871638105 2125.8774073792
0.00000002861 1.98905363521 3342.0968994081
0.00000002836 0.98608001394 3339.1279539915
0.00000002948 1.15362511196 6414.6178116778
0.00000002582 2.53488965696 16706.585251848
0.00000002490 5.13908908718 12722.5524204852
0.00000002156 5.25952376812 1795.258443721
0.00000002071 2.95218926429 10596.1820784342
0.00000002194 5.25157497709 3510.1926098328
0.00000002210 0.98734172820 533.2140834436
0.00000002884 6.25268747056 661.232926781
0.00000002662 3.54868444733 846.0828347512
0.00000002352 0.68899979183 6675.7019290922
0.00000002171 2.82652953748 7314.0085927128
0.00000002531 3.98315571751 15110.4661198662
0.00000001989 1.24937409137 14158.7477136156
0.00000002741 1.36741656084 9872.2740829648
0.00000002051 5.80635565702 1214.7350193206
0.00000001980 3.18993306283 16460.33352952499
0.00000002057 1.55396572210 1545.3539829788
0.00000002016 5.80333116821 6701.5801727984
0.00000001963 0.97426402220 8542.970706035
0.00000002202 5.06011306718 20.7753954924
0.00000001921 2.25819702736 2675.8563815698
0.00000002221 4.13094100375 6660.8695340008
0.00000002152 1.93255133621 14.2270940016
0.00000002185 0.10437662983 10042.6126755918
0.00000001963 4.86879808564 6456.8800576977
0.00000001894 1.54747808511 792.7748884674
0.00000001887 5.72755288130 7799.9806455024
0.00000002355 2.20727531576 6460.8122109608
0.00000001918 2.84810154019 2945.9865416406
0.00000001856 1.97055567397 3416.8784979754
0.00000001999 3.78408023322 3230.4061054804
0.00000001844 4.95411775516 16276.463942623
0.00000002273 4.24795887217 10001.061884607
0.00000001884 0.43882284635 13553.8979729108
0.00000002215 2.48685102846 9499.2598620056
0.00000001827 4.41387331264 2751.5475996916
0.00000001805 2.35009306355 6691.8615187494
0.00000001827 2.13792483074 12295.9542296092
0.00000002416 2.70970478916 13362.3823964964
0.00000001779 0.67914472161 323.5054166574
0.00000002281 3.85790470815 6643.0918177618
0.00000001748 4.57086822580 5032.7780962022
0.00000001981 5.03237475958 12310.1813236108
0.00000002102 3.23137605134 13745.3462390224
0.00000002109 2.11504554973 7203.8022714934
0.00000001951 1.10549385911 799.8211251654
0.00000001709 1.31732873591 2391.43681773
0.00000001700 5.65890453825 1435.1476617594
0.00000001672 2.55075771165 6947.8318951214
0.00000002150 0.44492585631 17256.6315363414
0.00000001651 5.91049368296 6756.0064519669
0.00000001660 4.94561267936 9638.9407478762
0.00000002136 0.46897595624 28.4491874678
0.00000001565 5.31860104643 742.9900605326
0.00000001663 3.83391966792 2277.7073781616
0.00000001531 0.78845566080 4005.3684718298
0.00000001548 1.53436911444 6578.132079181
0.00000002066 2.70339714714 13119.72110282519
0.00000001866 5.59846790440 1039.0266107904
0.00000001502 3.79341486186 316.3918696566
0.00000001555 0.27389127072 10028.9508271002
0.00000001553 3.89950445433 4193.8088084518
0.00000001870 0.58471003638 3113.1362939108
0.00000001462 5.69888481518 12995.2253778368
0.00000001459 5.52526727854 2679.3794999188
0.00000001547 1.64100920813 13355.3361597984
0.00000001463 0.27191881986 3318.7615973734
0.00000001463 2.71025544519 3362.4632560262
0.00000001526 0.39781988920 664.75604513
0.00000001482 5.77895037207 2604.735913168
0.00000001867 3.32733017397 13892.1406718938
0.00000001444 5.09058625219 10018.2468514476
0.00000001596 4.21362500614 3.9321532631
0.00000001862 1.31686189323 6670.5881880498
0.00000001428 6.05145860944 9468.267877257
0.00000001440 3.90175279638 2641.3412784722
0.00000001647 1.18630860116 9070.1188738488
0.00000001515 4.40841215958 4922.5717749828
0.00000001468 2.48598406210 2693.601593385
0.00000001434 5.73698962451 3283.7140517642
0.00000001552 0.75522820685 9886.772200064
0.00000001430 5.52560820233 10025.4277087512
0.00000001604 3.48106279055 699.2711482276
0.00000001403 3.52792942238 3397.5108016354
0.00000001404 3.59395455131 19800.9459562248
0.00000001700 2.39699907474 3568.0885594888
0.00000001599 5.02451840238 3212.5935833624
0.00000001492 3.59400579441 6155.057006654
0.00000001556 3.38483926358 7895.9598727202
0.00000001469 2.62524582215 1015.6630178842
0.00000001329 3.19680445505 3347.2960905739
0.00000001329 6.06855511718 3333.9287628257
0.00000001503 0.26778913449 3378.7454623376
0.00000001400 3.17228930635 589.0648270082
0.00000001522 4.24247358440 3468.6312700372
0.00000001286 1.87463796011 3152.68727893721
0.00000001273 5.67037587711 5625.3660415594
0.00000001424 1.87964420034 17654.7805397496
0.00000001600 1.40717280482 1905.4647649404
0.00000001563 4.74033234784 6674.1786167016
0.00000001455 5.62088037785 8799.988713778
0.00000001323 0.16177637471 1190.9238918756
0.00000001259 3.26535416990 3742.284548457
0.00000001344 5.40745111036 4672.6673142406
0.00000001561 5.17810613909 3450.8187479192
0.00000001683 1.97688854890 8646.0634802536
0.00000001272 6.25718697284 6997.6167230562
0.00000001293 5.24149879148 10124.930054318
0.00000001223 5.74782096857 11670.2840372968
0.00000001193 1.03222295834 6685.1061887576
0.00000001175 3.46873404944 4076.4889402316
0.00000001326 5.55836614171 5835.1420186484
0.00000001344 3.54114655197 59.3738619136
0.00000001120 6.09785937216 15.252471185
0.00000001205 4.89787234183 6688.2710900976
0.00000001102 3.98443103901 6364.832983743
0.00000001171 5.20713779345 2771.7905526724
0.00000001128 4.98003069870 6621.850991486
0.00000001111 5.02485508851 19402.7969528166
0.00000001312 5.17135511580 3311.18291816379
0.00000001312 4.09400445643 3370.0419352358
0.00000001233 3.49018510996 66.4874089144
0.00000001398 4.37138512888 9588.1255422226
0.00000001101 5.78990851346 3774.3241645766
0.00000001166 3.86709010828 4885.9664096786
0.00000001229 2.53764879683 3145.6410422392
0.00000001335 5.02147392519 4459.3682188026
0.00000001071 3.00909064842 7255.5696517344
0.00000001183 3.15461838319 17395.2197347258
0.00000001266 5.61560028687 6887.4104018368
0.00000001072 3.28943407731 6148.010769956
0.00000001066 5.94379242263 1197.9701285736
0.00000001062 1.63761668363 131.5419616864
0.00000001116 6.06452026137 5618.3198048614
0.00000001222 4.54203439135 3184.2117061974
0.00000001186 3.10594561435 2284.7536148596
0.00000001086 4.32097444181 2324.9494088156
0.00000001116 5.86192558592 11610.9101753832
0.00000001218 3.59655099027 10156.9023601348
0.00000001087 3.97307934350 5642.1982426092
0.00000001053 4.99965634200 14054.607308026
0.00000001193 2.62619989298 6677.3435180416
0.00000001102 5.26420035459 7321.1221397136
0.00000001153 5.41879361902 6740.5987153132
0.00000001069 2.27857059569 9389.0535407862
0.00000000990 5.95411082482 3181.6689089166
0.00000001146 4.72384240476 3497.0131472022
0.00000000991 1.49574201602 4140.4335518652
0.00000001269 5.19931704623 3188.7151456146
0.00000001220 5.17708743476 6034.2140200848
0.00000000977 1.05449261588 3361.9480671668
0.00000000977 1.92768164917 3319.2767862328
0.00000000978 1.63172143816 11766.2632645146
0.00000000968 6.07406059422 1272.6810256272
0.00000001351 1.69299027486 9945.5712088238
0.00000001167 0.99889492369 9602.3526362242
0.00000001030 4.17831293451 12721.572099417
0.00000001347 3.63309297765 19513.9835951042
0.00000001240 2.54570206463 3302.479391062
0.00000000957 0.10887247031 6645.1969867222
0.00000000943 0.62298659929 3344.152798701
0.00000000943 5.50078031935 3337.0720546986
0.00000000929 3.64733196616 4001.8453534808
0.00000000978 3.69409832283 2538.2485042536
0.00000001121 0.39414293182 9065.5481241288
0.00000000960 4.05565096298 3909.4343007272
0.00000000908 3.63883407052 3326.3853326982
0.00000000956 0.18458081832 20809.4676246452
0.00000000910 5.91297097098 931.3630868518
0.00000000943 1.24836664366 3337.106562003
0.00000000943 4.87540027498 3344.11829139661
0.00000000938 3.56693392724 9380.9596727172
0.00000001177 3.67253107095 2301.58581590939
0.00000000888 0.45676454811 36.6053653042
0.00000000886 0.02869348414 8013.2797409404
0.00000001115 4.62962731246 16062.1845261168
0.00000000925 3.39792299223 1485.9801210652
0.00000000867 0.71131990196 7380.4960016272
0.00000000967 4.34960561312 11614.4332937322
0.00000000879 5.66441531374 3354.8395207014
0.00000000878 3.61953632544 169.580183133
0.00000000856 2.38006031197 6705.1032911474
0.00000001029 1.80600248702 1.4844727083
0.00000001200 5.49938290386 2970.9126107594
0.00000001039 1.92430461310 4936.7988689844
0.00000000966 0.43635654362 8958.9322315612
0.00000001018 1.39692983525 2597.6223661672
0.00000000868 4.22723847251 9947.0556815321
0.00000000888 6.02934983569 170.6728706192
0.00000000890 0.04475975272 6747.712262314
0.00000000873 0.50718226570 2067.9314010726
0.00000000834 2.38508120043 6680.804777306
0.00000000958 3.07864166176 2409.249339848
0.00000000814 4.96978756082 16703.0448798468
0.00000001043 4.06756024984 3492.509707785
0.00000000814 0.71737388513 16703.07938715119
0.00000000814 5.25861261683 1045.1548361876
0.00000000821 1.45532635718 3358.4249488178
0.00000000821 1.52684790788 3322.7999045818
0.00000001006 0.32808498663 9654.612951137
0.00000000872 3.47010951505 3232.9489027612
0.00000000890 6.08153339531 8965.9784682592
0.00000000848 5.36530370202 11780.4903585162
0.00000001004 4.86111370518 16335.8378045366
0.00000000792 0.96216543926 7100.7094972748
0.00000000779 3.28803155951 3499.555944483
0.00000000841 5.80835389420 3448.2759506384
0.00000000788 6.15064642009 14421.8316369884
0.00000000835 4.64636271875 3929.677253708
0.00000000799 1.71609142624 2540.7913015344
0.00000001014 5.93632751077 8859.3625756916
0.00000001009 1.23105531513 6657.3464156518
0.00000001030 3.76563035339 3710.3122426402
0.00000000787 3.96489441416 3372.5847325166
0.00000000787 5.30046515807 3308.640120883
0.00000000725 6.20615375090 3229.4257844122
0.00000000825 5.84109202593 3253.30422216
0.00000000740 5.37852418407 1062.9050485382
0.00000000864 3.56004399666 6717.252720077
0.00000000775 2.63569062709 11.0457002639
0.00000000729 5.39810036362 22743.4093795164
0.00000000819 3.40537028007 802.3639224462
0.00000000700 3.99056780741 20426.571092422
0.00000000694 3.05917580830 3451.7990689874
0.00000000692 3.93969787894 3067.9394693482
0.00000000730 2.57787085198 6016.4688082696
0.00000000691 5.21607448399 4356.275444584
0.00000000795 3.42431058119 3427.9206312396
0.00000000707 3.96444184834 20597.2439630412
0.00000000729 3.83003983643 15906.7641266826
0.00000000950 2.18428036051 20199.094959633
0.00000000723 5.49722551141 3735.238311759
0.00000000667 0.37126610848 7270.2896804078
0.00000000854 2.68545229893 2075.0449480734
0.00000000720 5.37203321727 3264.3463554242
0.00000000651 6.09020535330 17468.8551979454
0.00000000790 3.21398808141 10264.5658840734
0.00000000652 3.12935966774 3212.6608936652
0.00000000649 4.05814434604 5938.234792867
0.00000000675 5.98880437085 15664.03552270859
0.00000000659 0.49287296501 22345.2603761082
0.00000000633 3.17232018582 17101.2111369072
0.00000000646 2.89002668668 485.9720527896
0.00000000686 4.18019464026 1437.1756141986
0.00000000631 5.34431180258 3329.5667264359
0.00000000631 3.92104776965 3351.6581269637
0.00000000631 0.15035258857 3343.1552239806
0.00000000834 1.27334165090 6681.6449294932
0.00000000853 0.52003136040 24150.080051345
0.00000000619 6.13397500805 3468.5639597344
0.00000000779 6.20446939192 22324.9050567094
0.00000000683 6.06333470888 3336.6802734367
0.00000000683 3.20202486335 3344.5445799629
0.00000000636 0.86288201968 151.0476698429
0.00000000600 2.64922528930 3338.069629419
0.00000000621 0.40499338312 10448.4354709754
0.00000000648 6.17069054157 148.0787244263
0.00000000616 2.11503698022 1169.5882514086
0.00000000706 4.51954003602 6717.8302187038
0.00000000616 6.01148018963 20.3553193988
0.00000000588 2.22654252843 6357.7194367422
0.00000000628 5.60511337877 3193.8007401762
0.00000000704 2.61366884585 3547.3131639964
0.00000000575 1.10923040341 3528.5375744624
0.00000000602 6.12196613719 6681.6547365263
0.00000000672 1.12165707971 6666.997759398
0.00000000691 1.16386423121 6679.7403806913
0.00000000581 2.98813744301 5490.300961524
0.00000000644 1.94493731078 4289.7880356696
0.00000000607 4.43563939259 18451.07854656599
0.00000000583 4.47298961595 8226.5788363784
0.00000000726 2.91832718034 6019.9919266186
0.00000000587 5.01648676427 2171.0241752912
0.00000000610 0.51823731379 9911.63095888
0.00000000648 2.64885452513 4133.3873151672
0.00000000602 4.20897598542 2854.6403739102
0.00000000600 4.73583940116 6724.9437657046
0.00000000644 1.17944696282 52175.8062831484
0.00000000606 2.45518551356 401.6721217572
0.00000000613 3.89660700480 6549.6828917132
0.00000000536 5.25877052470 3613.2853840514
0.00000000634 4.14005244900 6510.5519827804
0.00000000620 2.73565451839 2149.6885348242
0.00000000554 2.33553669625 394.6258850592
0.00000000602 3.81964202131 6680.7949702729
0.00000000676 0.15809413709 19004.6479494084
0.00000000702 6.04600603759 43.718912305
0.00000000522 3.84057547649 3341.7930693519
0.00000000522 5.42478409574 3339.4317840477
0.00000000533 5.24914312775 4039.8835749274
0.00000000553 3.69265541501 3487.4241132234
0.00000000513 0.64644878070 299.1263942692
0.00000000715 1.53240537508 4503.0871311076
0.00000000509 2.23251368203 8116.372515159
0.00000000511 2.84475025859 16489.763038061
0.00000000505 4.84005215499 1063.3140834523
0.00000000543 4.52630986182 1596.1191319818
0.00000000640 5.62224402692 1641.3332101966
0.00000000637 0.43174002743 3133.9116894032
0.00000000530 1.06693271495 1699.2792165032
0.00000000500 5.72569791561 11250.7993934216
0.00000000639 2.24611646652 3116.2676309979
0.00000000509 5.97801633911 6812.766815086
0.00000000489 3.06702523150 13575.7488022372
0.00000000535 4.96839537782 9072.6616711296
0.00000000548 2.32220742395 1265.5674786264
0.00000000536 0.22943192463 3198.4337996636
0.00000000478 5.77351763837 114.3991069134
0.00000000619 4.96805088979 13207.029307365
0.00000000476 0.22242794163 6850.8050365326
0.00000000475 5.62964593507 12323.4230960088
0.00000000527 6.00961327639 3289.33208883739
0.00000000527 3.25574629584 3391.89276456221
0.00000000491 1.41447645810 3288.352111787
0.00000000491 1.56769780695 3392.8727416126
0.00000000532 1.66614420688 1055.4497769261
0.00000000633 2.67463316712 5085.038411115
0.00000000577 0.03289264393 735.8765135318
0.00000000467 3.47228897303 5749.8617665478
0.00000000473 3.22546086486 4296.9015826704
0.00000000489 2.81861982191 23.8784377478
0.00000000483 3.92195396855 3334.54651107
0.00000000483 5.34340560368 3346.6783423296
0.00000000460 1.30162811155 2281.2477501628
0.00000000460 5.55404178724 2281.2132428584
0.00000000604 0.33192898022 2373.6415492642
0.00000000500 5.13403373442 3.5904286518
0.00000000456 4.28478904313 8962.4726035624
0.00000000456 2.25401741164 8962.438096258
0.00000000468 2.07609656896 227.476132789
0.00000000456 5.37224883784 11140.5930722022
0.00000000506 2.75253411801 3482.791053736
0.00000000453 3.59225016346 2957.7331481288
0.00000000633 0.33861758809 2963.238818784
0.00000000502 4.62394688433 5562.4690612968
0.00000000604 4.34031313242 3370.1042450032
0.00000000604 4.92504643981 3311.1206083964
0.00000000501 3.19333781608 2973.3880977374
0.00000000448 4.97947122194 13361.469385731
0.00000000500 2.53823457541 4819.4790007642
0.00000000517 0.40478673929 3535.5838111604
0.00000000440 4.69261655966 3564.9572224017
0.00000000481 6.20073949182 2494.5295919486
0.00000000468 3.63933137782 1854.6323056346
0.00000000477 5.99645045824 4379.6390374902
0.00000000468 5.32421286728 4186.695261451
0.00000000430 1.74068392340 4716.3862265456
0.00000000486 3.22416128411 382.879278571
0.00000000486 6.15985349823 3017.1070100424
0.00000000473 1.58270299229 2295.4575905122
0.00000000536 3.39382424699 860.3099287528
0.00000000561 0.07727661747 4271.9755135516
0.00000000423 3.86495066196 7366.2689076256
0.00000000427 3.93347122226 1574.8458012822
0.00000000456 3.39763687697 10006.5848089144
0.00000000539 2.16593861972 3185.2593375684
0.00000000420 3.46957754355 5753.3848848968
0.00000000558 5.31907263521 4555.3474460204
0.00000000546 4.81957800358 6637.5059410946
0.00000000412 3.44279945540 2480.302497947
0.00000000433 5.19722898458 3305.0496922312
0.00000000433 4.06813058765 3376.1751611684
0.00000000423 0.94668022805 10037.0897512844
0.00000000481 1.03096497224 6685.1570066627
0.00000000422 5.46293451808 9374.8264467846
0.00000000402 1.79269566106 6151.5511419572
0.00000000402 6.04510933675 6151.5166346528
0.00000000423 3.58342380203 5483.254724826
0.00000000403 5.64429159047 3723.4917052708
0.00000000430 1.85452102379 2655.5683724738
0.00000000398 4.95155912622 15806.146839442
0.00000000400 2.79186394236 18849.2275499742
0.00000000481 5.12886978063 9797.4924843975
0.00000000477 3.72133708668 6614.7374444852
0.00000000398 5.88751420420 23539.7073863328
0.00000000487 2.28517115642 1655.5603041982
0.00000000555 2.64204069171 3717.9860346156
0.00000000425 5.57148739497 7218.029365495
0.00000000402 4.31277297914 1685.0521225016
0.00000000391 3.40113572996 2142.6422981262
0.00000000486 4.84700116898 10050.2864675672
0.00000000412 0.16244075037 2547.8375382324
0.00000000398 4.39213965028 21265.5231265202
0.00000000404 5.22642617943 6644.6194880954
0.00000000414 2.26881914667 7747.7203305896
0.00000000498 5.67868360175 12509.2533250472
0.00000000378 2.64779087849 9801.4246376606
0.00000000427 5.92154870681 905.4566966648
0.00000000437 1.90267249585 5881.4037282342
0.00000000368 1.75512352528 912.5702436656
0.00000000520 0.92503823923 3495.9655158312
0.00000000441 1.82874447797 2277.2983432475
0.00000000367 5.98732751616 8564.306346502
0.00000000388 1.53417071545 18606.4989460002
0.00000000399 0.90410764395 515.463871093
0.00000000436 5.31667755006 1903.4368125012
0.00000000398 5.06921695985 3826.5844794894
0.00000000363 1.41903182152 5888.4499649322
0.00000000441 5.31541881274 4142.976349146
0.00000000429 5.04278490313 2285.1626497737
0.00000000502 2.89985394281 1765.7666254176
0.00000000415 4.78022286670 0.9803210682
0.00000000374 2.30167430662 25287.7237993998
0.00000000359 5.01487522235 5085.1057214178
0.00000000477 4.55805347389 1329.51209026
0.00000000470 5.45120104784 21795.21409161479
0.00000000372 1.43435867925 6314.0005244372
0.00000000351 5.70642746558 6851.8977240188
0.00000000346 3.46248777629 20735.83216142559
0.00000000452 2.07880491518 6106.8800550648
0.00000000344 0.65068647382 16894.5103996106
0.00000000432 6.00026910363 10721.108428327
0.00000000364 2.28651674734 6682.7093261079
0.00000000363 3.43072832179 27682.1407441564
0.00000000452 2.64364626735 4307.5833041354
0.00000000457 1.95175594362 21947.11137270
0.00000000346 5.34426955778 18052.9295431578
0.00000000351 4.37551100665 5452.2627400774
0.00000000468 5.41577295140 5244.049239201
0.00000000386 1.07126796902 5511.636601991
0.00000000344 3.95436427366 5636.070017212
0.00000000434 1.89640980600 7214.4389368432
0.00000000333 3.01713296302 1883.0814931024
0.00000000395 5.73856202838 9993.3880926316
0.00000000351 1.69786249501 13212.8865096646
0.00000000331 0.85002011574 25685.872802808
0.00000000327 5.61960069444 3353.85419909779
0.00000000327 3.64575887779 3327.3706543018
0.00000000422 3.91288097624 23141.5583829246
0.00000000328 1.43840362685 2435.155730035
0.00000000447 0.03231232062 13363.4300278674
0.00000000389 2.62527245368 30065.5118402982
0.00000000360 5.62003938434 7696.8878712838
0.00000000395 3.32438313830 3337.1566186536
0.00000000338 6.08218637594 14556.8967170238
0.00000000344 6.13564952381 146.8116865236
0.00000000337 3.39517266137 543.9180590962
0.00000000408 1.39299721966 11883.5831327348
0.00000000366 5.24290558594 8982.810669309
0.00000000384 5.87249757638 7733.493236588
0.00000000352 5.77288434437 14128.2427712456
0.00000000335 4.32457058810 3060.8259223474
0.00000000388 4.44896509079 568.8218740274
0.00000000316 2.10306900154 3241.0427708302
0.00000000316 0.87910526351 3440.1820825694
0.00000000355 1.45980558865 7322.1024607818
0.00000000354 2.21314787069 4606.1799053262
0.00000000311 2.88232671968 36.0278666774
0.00000000310 0.93049157656 6453.7487206106
0.00000000309 5.01156668552 1744.493294718
0.00000000300 3.78833306333 1987.221898692
0.00000000299 5.63008167210 10284.9212034722
0.00000000380 3.85628097313 1461.0540519464
0.00000000294 3.49253072198 20040.15144184979
0.00000000313 2.87459690276 6286.5989683404
0.00000000296 1.12829662810 15265.8865193004
0.00000000307 1.51056904066 9755.2302383776
0.00000000306 6.04593408110 8756.269801473
0.00000000393 3.05426132167 19645.5255567906
0.00000000292 0.99823300732 20618.0193585336
0.00000000328 3.60990432876 3397.4156888696
0.00000000328 5.65545524347 3283.80916453
0.00000000349 2.66323218421 5408.5438277724
0.00000000360 6.18194085240 685.044054226
0.00000000289 3.03452497225 24341.5283174566
0.00000000291 2.47822451317 11986.6759069534
0.00000000314 4.21854332735 9983.7042444616
0.00000000339 1.83011385698 3856.0762977928
0.00000000339 1.15206040807 2825.1485556068
0.00000000383 4.85732660755 2921.6880277992
0.00000000311 5.32153691075 2060.8178540718
0.00000000302 0.20821199425 12825.6451947038
0.00000000286 2.52935183562 279.7865043524
0.00000000327 0.66722093799 533.6231183577
0.00000000330 1.47315787255 1073.6090241908
0.00000000382 2.75070755631 3267.3153008408
0.00000000382 0.23146670874 3413.9095525588
0.00000000304 4.94290577295 3620.3989310522
0.00000000279 6.01035218252 7167.1969061892
0.00000000331 5.02435559950 16063.164847185
0.00000000329 3.13549589139 10706.8813343254
0.00000000283 2.78335440325 12839.8722887054
0.00000000282 2.30154816582 596.178374009
0.00000000283 6.10276906215 9859.3706439672
0.00000000304 3.83786604384 5621.8601768626
0.00000000280 1.99086077526 16511.6138673874
0.00000000264 4.18346044185 2938.9403049426
0.00000000325 5.09647854302 2267.003402509
0.00000000262 4.93101522736 3936.7908007088
0.00000000320 3.75392999296 525.7588118315
0.00000000269 4.46038699829 2744.4340526908
0.00000000258 4.05781923499 5195.2447323344
0.00000000333 2.04472732064 95.9792272178
0.00000000304 1.80709441235 5621.8256695582
0.00000000271 5.41787864949 3336.0416769798
0.00000000271 3.84748092274 3345.1831764198
0.00000000251 3.72595297988 3337.5093844444
0.00000000251 5.53940659235 3343.7154689552
0.00000000251 4.94262467913 9758.7533567266
0.00000000255 1.40204343749 8166.1573430938
0.00000000305 2.93351381201 12012.5822971404
0.00000000267 2.53115640127 6830.7880505342
0.00000000286 0.19313178141 1898.3512179396
0.00000000290 2.87280676776 20047.1976785478
0.00000000268 3.04782864984 16702.9948231962
0.00000000250 2.52509673305 9698.331863442
0.00000000250 1.90792798203 206.7007372966
0.00000000325 5.19161338170 5223.6939198022
0.00000000246 5.47040036393 15650.7937503106
0.00000000247 1.02711909982 10016.314355792
0.00000000256 3.14761311872 1727.6610936682
0.00000000276 0.25330294459 6670.1791531357
0.00000000321 0.33443990553 11904.9187732018
0.00000000239 5.48924135437 4694.0029547076
0.00000000323 0.19078991314 17085.9586657222
0.00000000250 4.16248987175 1250.8301963008
0.00000000258 4.26017972975 9488.6231966558
0.00000000248 5.11028885968 5430.3946570988
0.00000000269 3.40949811009 3866.7802734454
0.00000000248 3.35507631239 21548.9623692918
0.00000000265 4.47706550812 3053.6500655792
0.00000000240 3.30477326315 10027.3602044068
0.00000000252 0.39861936276 1442.2612087602
0.00000000321 4.39948566918 3759.5368256004
0.00000000319 5.16188908240 9815.6517316622
0.00000000251 5.09258201655 4996.172730898
0.00000000251 1.69378698516 1279.794572628
0.00000000251 0.30797289315 2790.5661422064
0.00000000326 5.77584210418 3707.8367556622
0.00000000234 3.19518041867 5.5229243074
0.00000000311 1.28359118800 3391.4448860056
0.00000000311 1.69858307705 3289.779967394
0.00000000230 3.19673604492 10654.6210194126
0.00000000292 0.94159319004 3050.1269472302
0.00000000235 3.67396491403 5945.3483398678
0.00000000301 3.92363660385 9495.6694333538
0.00000000238 3.24637215696 6566.8257464862
0.00000000226 4.13525718252 1868.8593996362
0.00000000226 1.47633059250 26482.1708096244
0.00000000225 3.08572061461 8749.1562544722
0.00000000312 5.79379290810 4403.517475238
0.00000000248 0.28758278932 4025.6564809258
0.00000000222 2.77571943902 1835.3246176068
0.00000000289 2.22892326730 6901.6374958384
0.00000000244 3.78617592414 5349.1699658588
0.00000000268 2.63933226300 16703.1294438018
0.00000000221 0.14023240804 5820.9149246468
0.00000000220 4.31591174490 6511.6446702666
0.00000000221 2.65317035374 28628.3362260996
0.00000000224 1.51015445842 3542.8658218739
0.00000000224 1.47201980663 3138.3590315257
0.00000000234 1.63110110036 17499.3601403154
0.00000000233 1.29817926717 2814.4445799542
0.00000000229 3.43841964101 7586.6815500644
0.00000000272 5.08807244203 2428.0421830342
0.00000000218 1.17569842797 6283.0931036436
0.00000000218 5.42811210366 6283.0585963392
0.00000000220 4.76795289662 3987.6232600146
0.00000000250 0.35926935365 4569.574540022
0.00000000276 4.17681654313 19146.7592661418
0.00000000290 3.77728541747 24889.5747959916
0.00000000215 0.44293995073 13383.2251022916
0.00000000226 4.11036906370 9278.8472195668
0.00000000224 3.68654579964 77.7505439839
0.00000000216 4.73186620361 1484.9324896942
0.00000000266 5.48398122109 16865.5287696312
0.00000000220 6.16562235845 10081.211142013
0.00000000211 0.32806954610 12199.9750023914
0.00000000212 1.71640241592 2392.4171387982
0.00000000213 1.85863025152 8852.2490286908
0.00000000237 4.78828856124 3627.57478782039
0.00000000220 2.11900337312 6530.1771835567
0.00000000271 5.46357121828 1879.5583747534
0.00000000249 4.15415677649 3084.6420503278
0.00000000263 0.61040728538 4531.5363185754
0.00000000252 4.61076732703 3382.1632176846
0.00000000252 4.65459224520 3299.061635715
0.00000000239 3.20969165945 3344.068234746
0.00000000245 0.72828250886 5415.6573747732
0.00000000262 2.04018754229 3631.0979061694
0.00000000206 3.37175065629 7082.8969751568
0.00000000210 1.09820249005 6678.4733427886
0.00000000255 3.12461702046 1994.26813539
0.00000000274 0.08218879095 12306.590894959
0.00000000223 4.70596581354 3336.25039031
0.00000000223 4.55939375869 3344.9744630896
0.00000000255 0.57687651969 2942.4806769438
0.00000000224 3.09499220473 6533.1461289733
0.00000000204 2.43235400749 15636.566656309
0.00000000277 5.82784264481 12465.5344127422
0.00000000201 0.64407263170 9360.6043533184
0.00000000200 4.36647250597 5617.9107699473
0.00000000199 4.83225730856 3029.7716278314
0.00000000243 5.80727046187 9329.6796788726
0.00000000210 4.11232561432 28230.18722269139
0.00000000209 0.61702908361 4845.9002357928
0.00000000197 2.72488864890 3436.5916539176
0.00000000197 0.25728561615 3244.633199482
0.00000000244 2.15306679937 4981.9456368964
0.00000000200 1.77158830078 8742.0427074714
0.00000000231 4.21063730317 6653.8232973028
0.00000000213 1.25314316353 5625.7750764735
0.00000000198 5.49218659041 3094.36070437679
0.00000000223 4.58369899094 13341.6743113068
0.00000000200 1.29969484450 194.9713844606
0.00000000195 2.65042618750 117.3198682202
0.00000000191 0.79284041095 3752.9835235742
0.00000000191 2.18933385410 2928.2413298254
0.00000000236 4.40014218317 151.8972810852
0.00000000212 0.12583581747 4538.5825552734
0.00000000192 3.57878803630 3315.7536678838
0.00000000192 5.68657153593 3365.4711855158
0.00000000226 5.11122130646 3596.5828030718
0.00000000231 4.57994360527 2011.1003364398
0.00000000220 5.61438064276 367.2243289624
0.00000000189 2.94640552324 18208.349942592
0.00000000255 4.82929019537 2942.4461696394
0.00000000191 2.45356219299 10544.4146981932
0.00000000206 5.96915912893 1155.361157407
0.00000000205 2.24870894157 1059.364676537
0.00000000251 2.00699090318 11236.57229942
0.00000000242 3.32140683721 23958.6317852334
0.00000000200 2.06264335128 2735.762685995
0.00000000188 1.76018994600 3363.3809233092
0.00000000188 1.22198431905 3317.8439300904
0.00000000204 5.63575473469 5106.3790521174
0.00000000231 4.09195306459 9093.9973115966
0.00000000184 0.25169651319 11353.8921676402
0.00000000182 2.90199742784 5960.0856221934
0.00000000247 3.75287740090 31022.7531708562
0.00000000199 2.62229622602 3890.65871119319
0.00000000193 4.00281238141 7417.1013669314
0.00000000179 2.29351099603 6382.0984591304
0.00000000181 3.44076025740 1755.062649765
0.00000000222 1.29490505737 3070.4149563262
0.00000000178 1.75815826780 15106.8756912144
0.00000000177 4.43296153727 3651.4532255682
0.00000000213 0.75884375260 11925.2740926006
0.00000000232 5.03524840558 3163.918696566
0.00000000232 4.23011116665 3517.3061568336
0.00000000180 0.58769217206 3332.5185586308
0.00000000180 2.39448209299 3348.7062947688
0.00000000179 3.77306261408 3586.8641490228
0.00000000205 4.27948057306 1059.3991838414
0.00000000187 2.61826471479 2619.4731954936
0.00000000176 5.47433094670 13465.5424810178
0.00000000174 6.12894045783 10096.6188786667
0.00000000188 5.50057971256 2574.8193622534
0.00000000175 0.98299291721 12299.544658261
0.00000000182 1.47732423248 4288.8077146014
0.00000000177 4.71143769968 12928.7379689224
0.00000000177 0.60448814179 2572.7636073512
0.00000000210 2.56022036127 6683.9763640106
0.00000000175 5.70361271383 6708.6264094964
0.00000000174 0.12435272208 3155.7625187296
0.00000000169 5.11813247600 6684.73071809641
0.00000000192 5.18570054646 11567.1912630782
0.00000000169 0.86571880031 6684.7652254008
0.00000000207 4.46904668742 10001.48196070061
0.00000000206 1.69988902403 187.9251477626
0.00000000231 4.69193654586 5351.7127631396
0.00000000189 1.06067161596 2783.5199055084
0.00000000181 0.45144430179 10191.4174632324
0.00000000219 5.87655805703 3070.482266629
0.00000000177 4.57332885856 2978.491289969
0.00000000179 3.71447292171 17232.7530985936
0.00000000166 5.04602150010 15121.102785216
0.00000000168 5.94252269393 1111.642245102
0.00000000172 0.69353998666 1505.28780909299
0.00000000163 0.28838717250 155.3530891314
0.00000000184 1.39958801864 12942.965062924
0.00000000162 1.97243550807 16695.94858649819
0.00000000199 5.68556412360 26084.0218062162
0.00000000166 5.66442389971 20995.3929664494
0.00000000167 1.96358825585 4775.7600884592
0.00000000181 2.15204829552 1368.660252845
0.00000000200 1.68720277112 3610.8098970734
0.00000000188 2.44893392701 2385.3709021002
0.00000000180 3.06688556020 3649.8907493556
0.00000000168 2.00209726633 6165.7609823066
0.00000000201 5.56223289068 3738.7441764558
0.00000000168 5.97126496813 27.4015560968
0.00000000163 0.09102774145 21393.5419698576
0.00000000165 5.18462129798 24491.4257925834
0.00000000163 1.72014467993 3345.8116178656
0.00000000163 1.26202958512 3335.413235534
0.00000000161 3.54247427777 272.6729573516
0.00000000199 2.40246756842 8006.1661939396
0.00000000177 1.96147391128 8322.5580635962
0.00000000175 1.20405833746 2757.6135153214
0.00000000214 3.94809439016 1385.8952763362
0.00000000171 1.64736764034 10011.2006147496
0.00000000157 6.04186245834 31172.650645983
0.00000000198 4.06378380988 4106.4054911462
0.00000000163 2.04239538779 13286.1836355236
0.00000000155 5.55637185637 8771.0070837986
0.00000000151 6.02667746519 15010.8964639966
0.00000000159 0.33316888782 4061.751657906
0.00000000169 6.19340718678 7064.1041319706
0.00000000202 4.07695393078 4253.1826703654
0.00000000166 0.77365213441 6719.3578890374
0.00000000149 1.16534241475 14577.1847261198
0.00000000151 5.90185701300 10228.0228285366
0.00000000151 2.82941538658 3525.46233467
0.00000000149 1.89551632354 3664.1178433572
0.00000000196 3.39234316905 3610.7425867706
0.00000000167 0.38551119237 1346.3442913098
0.00000000166 2.03194803269 5466.489834079
0.00000000167 2.89181496866 10288.4443218212
0.00000000172 5.39487275378 19617.07636932279
0.00000000147 2.18400664980 1898.3339642874
0.00000000166 2.73543927114 6908.7009861886
0.00000000201 1.30981921500 3738.7786837602
0.00000000146 0.62125880196 13369.56325380
0.00000000170 5.74209007670 6677.6844813984
0.00000000147 1.87608878363 9918.7445058808
0.00000000159 2.95197147470 3346.4696289994
0.00000000159 0.03020279035 3334.7552244002
0.00000000143 1.10166083747 13227.3846267638
0.00000000164 2.07109751188 2125.8100970764
0.00000000189 6.14146200362 10042.1925994982
0.00000000153 4.69199840126 3702.7335634306
0.00000000168 2.68821315216 10032.4739454492
0.00000000151 2.48880937989 1859.2030553546
0.00000000163 1.42062692665 2964.8466951296
0.00000000179 0.37975631677 2714.9422343874
0.00000000179 2.60241794828 3966.2826190122
0.00000000140 4.86451546343 18461.71521191579
0.00000000183 0.37676347949 6791.431174619
0.00000000150 5.20287301062 2922.1081038928
0.00000000175 5.42596524283 5220.1708014532
0.00000000140 5.79899062095 1538.240435978
0.00000000146 1.91278049103 2714.9872905026
0.00000000165 1.13934061346 7345.9808985296
0.00000000191 0.78696608877 3479.2006250842
0.00000000191 2.19520817629 3202.0242283154
0.00000000143 0.93308559393 9153.9036160218
0.00000000139 0.98177816584 4878.8528626778
0.00000000160 5.46927582744 3287.304480416
0.00000000160 3.79608374479 3393.9203729836
0.00000000193 0.22143365956 3031.334104044
0.00000000150 1.84793747625 3897.7049478912
0.00000000182 5.61872247851 27832.0382192832
0.00000000144 0.96134974857 3945.4621674046
0.00000000170 1.48967640102 6677.71898870279
0.00000000141 3.83742737291 6279.5527316424
0.00000000155 5.68213195490 25135.8265183146
0.00000000136 2.44961684409 12729.665967486
0.00000000188 0.01265622712 4686.95671800959
0.00000000167 5.28314283541 8336.7851575978
0.00000000151 3.22358745524 2281.2978068134
0.00000000151 6.20627936335 8962.522660213
0.00000000159 4.80713616496 8958.5231966471
0.00000000168 0.17015651337 4295.8539512994
0.00000000133 4.82759769594 21150.8133658836
0.00000000159 1.73650436212 8966.3875031733
0.00000000151 0.33159044302 8962.3880396074
0.00000000151 3.63208384209 2281.1631862078
0.00000000137 3.04837973833 6703.075682726
0.00000000133 6.26949704953 12171.5258149236
0.00000000136 5.59365849152 8695.8483081884
0.00000000160 2.63695807146 5401.4302807716
0.00000000140 0.39711511870 34554.8138636676
0.00000000134 4.28535760311 2472.6787626222
0.00000000135 5.15711417667 14481.205498902
0.00000000130 4.35532122087 529.6737114424
0.00000000133 6.07532283158 6624.326478464
0.00000000148 3.97691997672 7050.92466934
0.00000000130 4.65934301751 7593.7950970652
0.00000000140 1.69371671061 11456.9849418588
0.00000000130 0.10290754518 529.7082187468
0.00000000143 4.86125646505 10014.7910434014
0.00000000154 1.51195474378 5607.6158292088
0.00000000143 5.92681168953 3041.4860324306
0.00000000158 4.74267595754 6092.1600263914
0.00000000134 6.18223447403 2954.1927761276
0.00000000145 4.90616424565 8373.390522902
0.00000000173 6.07118204441 1086.783486286
0.00000000137 5.86596713113 6137.3067943034
0.00000000167 5.43777729955 107.6635239386
0.00000000137 5.46263047000 14580.7751547716
0.00000000130 2.37764705674 4108.4612460484
0.00000000144 0.85144131454 1802.3719907218
0.00000000132 2.61918637671 4782.87363546
0.00000000123 3.36083480955 29424.634232916
0.00000000126 1.85449654763 18447.48811791419
0.00000000127 1.92093733385 4447.7512323846
0.00000000141 1.56398014110 3716.37815827
0.00000000124 3.53492874819 6687.9085172737
0.00000000121 0.01062042066 3090.7079659576
0.00000000121 2.97155384439 3590.516887442
0.00000000122 1.08221642068 2257.3520587628
0.00000000123 4.43212874956 6710.6543619356
0.00000000122 3.26594164721 1236.075660323
0.00000000166 5.13636005426 6553.2060100622
0.00000000143 2.33674585334 20206.141196331
0.00000000157 0.56952639012 8584.6616659008
0.00000000128 0.66575049629 3600.1732317236
0.00000000128 2.31642376876 3081.051621676
0.00000000119 0.92051706257 23937.856389741
0.00000000127 4.06247504712 3759.1167495068
0.00000000143 1.09974278396 2228.9701815978
0.00000000152 5.09265509081 3340.6469340042
0.00000000152 1.03111182783 3340.5779193954
0.00000000126 0.88452034949 12406.1605508286
0.00000000140 1.36708586192 2233.473621015
0.00000000137 4.79264710956 14587.8213914696
0.00000000118 4.24522226402 7534.4212351516
0.00000000150 5.98252134963 8446.9914788172
0.00000000116 0.31023473755 10338.229149756
0.00000000126 5.72234812550 4083.6024872324
0.00000000116 3.21277912522 721.1392312062
0.00000000133 1.77116481582 3923.6113380782
0.00000000125 0.79695675334 9124.9219860424
0.00000000134 0.59423378961 6659.3740240732
0.00000000133 2.32347788867 6147.6017350419
0.00000000118 5.14268766839 19676.4502312364
0.00000000114 3.36563651789 6534.413166876
0.00000000119 2.45421610326 1471.7530270636
0.00000000112 5.63276223022 1353.3905280078
0.00000000118 2.59721745181 2185.2512692928
0.00000000139 2.53675571989 14867.73751589219
0.00000000116 3.08292987464 3727.032077272
0.00000000112 1.08140723902 6474.524116103
0.00000000111 5.09669528080 7277.4032274086
0.00000000111 5.06172588434 6837.625573902
0.00000000122 0.61324340709 9161.5273513466
0.00000000114 1.06936801122 3966.237562897
0.00000000108 4.40272597236 27490.6924780448
0.00000000129 4.66656206914 3101.4069410748
0.00000000129 4.59879750310 3579.8179123248
0.00000000133 3.86628532692 6738.1232283352
0.00000000143 5.51260292487 10787.6303445458
0.00000000146 3.29717245103 3282.733730696
0.00000000146 5.96818712120 3398.4911227036
0.00000000115 4.70981861448 2501.6431389494
0.00000000130 5.51494242208 6155.4660415681
0.00000000138 0.53531085594 604.8497407048
0.00000000115 4.54726805499 8976.6824439118
0.00000000105 5.41363141342 17821.81792560179
0.00000000104 3.25094284849 550.0462844934
0.00000000137 1.64829531963 10.6366653498
0.00000000103 0.09569085161 31214.2014369678
0.00000000103 0.32444738176 1059.3146198864
0.00000000116 2.76497516745 21000.9158907568
0.00000000124 2.96682510796 2089.782230399
0.00000000107 3.74825241556 7075.8507384588
0.00000000109 0.75405687887 27433.88921587499
0.00000000115 3.05294273666 7768.0083396856
0.00000000106 1.35498268917 338.242698983
0.00000000105 5.49367983392 6961.011357752
0.00000000129 3.76517296403 3719.98584057399
0.00000000129 5.50018660820 2961.2390128256
0.00000000122 2.69389010184 27676.617819849
0.00000000137 4.29317120368 765.7930644464
0.00000000103 2.94392199086 369.6998159404
0.00000000115 6.24138664661 2631.6226244232
0.00000000104 6.26045969928 31449.8270427518
0.00000000103 5.98380934531 4953.5637597314
0.00000000119 0.25257145975 5813.291189322
0.00000000127 5.95846705295 2655.501062171
0.00000000101 4.76347332672 21791.69097326579
0.00000000138 4.81087367911 3480.3105662226
0.00000000138 4.45448589312 3200.914287177
0.00000000100 4.46306796510 101011.00013959699
0.00000000109 5.70820863859 249.9044607422
0.00000000100 2.36720288529 2651.977943822
0.00000000112 0.61908290347 4825.544916394
0.00000000106 2.47924429864 7899.550301372
0.00000000100 0.73142842806 3340.6969906548
0.00000000100 5.39233849058 3340.52786274481
0.00000000099 1.07037429534 5312.5646005546
0.00000000110 4.66774204357 4179.5817144502
0.00000000119 4.24896124568 128.0188433374
0.00000000096 1.41805272608 34363.365597556
0.00000000095 4.69553914772 3370.49447031
0.00000000095 4.56982042451 3310.7303830896
0.00000000100 5.36079056084 1755.4716846791
0.00000000100 1.13992481490 3340.5623700492
0.00000000100 4.98384210374 3340.6624833504
0.00000000095 2.49148312191 1125.8693391036
0.00000000098 2.55075465694 1784.0442797444
0.00000000129 4.50550938612 4591.4426230006
0.00000000115 1.84342023983 948.1952879016
0.00000000102 4.70490616658 2214.7430875962
0.00000000125 3.41500530183 30227.9784764304
0.00000000092 3.28339883365 1382.8873468466
0.00000000096 3.69113463475 158.9435177832
0.00000000096 5.28632356883 16975.7350908506
0.00000000117 4.34728892724 6342.9821544166
0.00000000101 4.05180649175 309.2783226558
0.00000000118 2.30281760984 3337.6434812832
0.00000000118 0.67935665521 3343.5813721164
0.00000000104 1.87017877120 1971.9521738548
0.00000000105 5.51085323879 42388.934936307
0.00000000118 0.33308541328 2523.9591004846
0.00000000102 5.06423665932 27946.7479799198
0.00000000092 0.37931448032 24093.2767891752
0.00000000103 4.21389346910 20235.1228263104
0.00000000106 0.48409497986 8219.4652893776
0.00000000092 1.93921425261 6953.8978107512
0.00000000118 5.64764411450 3396.995612776
0.00000000118 3.61771545773 3284.2292406236
0.00000000093 1.77160363006 11506.7697697936
0.00000000094 3.17734400558 1957.7250798532
0.00000000092 1.60745438369 34115.1140692746
0.00000000106 3.67532877346 10177.1903692308
0.00000000104 0.07874415195 3149.1814142404
0.00000000093 4.56692119429 18617.0683010472
0.00000000091 5.75237351963 3532.0434391592
0.00000000094 3.91461919551 3346.7456526324
0.00000000094 5.35074037672 3334.4792007672
0.00000000090 0.96686807913 15746.7729775284
0.00000000091 2.71684236561 50818.1762027736
0.00000000096 1.92198734613 10927.2939767642
0.00000000092 0.87242130441 50021.8781959572
0.00000000110 4.01385678858 27417.0570148252
0.00000000087 0.20554759562 625.6701923124
0.00000000105 5.13785519094 440.8252848776
0.00000000103 6.19913630210 1059.449240492
0.00000000089 2.21598103655 3368.08129309939
0.00000000089 0.76619322850 3313.1435603002
0.00000000092 1.76294266344 32509.208972941
0.00000000107 0.77642458908 4822.021798045
0.00000000086 2.15668825323 24336.0053931492
0.00000000091 1.49995984394 3532.0779464636
0.00000000114 1.17888998162 30774.5016425748
0.00000000095 2.41544015495 529.6236547918
0.00000000120 1.39317335094 3202.0949298291
0.00000000120 1.58900091411 3479.1299235705
0.00000000086 0.63892610093 3762.6398678558
0.00000000086 2.34324816413 2918.5849855438
0.00000000099 5.63933737649 3222.7996238078
0.00000000099 3.62602219574 3458.4252295918
0.00000000089 3.31658981903 22531.09060514659
0.00000000107 4.00303304883 3369.5940566792
0.00000000107 5.26232652340 3311.6307967204
0.00000000090 4.95208405657 4670.1245169598
0.00000000094 3.52537110144 796.2807531642
0.00000000085 4.38854271531 809.477469447
0.00000000086 2.16630383215 987.746272928
0.00000000084 4.57392791210 4777.7880408984
0.00000000084 2.18560642641 1107.1388056848
0.00000000104 4.33115782764 3149.146906936
0.00000000116 0.77977053917 14694.50459434
0.00000000086 1.37558388975 12410.7313005486
0.00000000085 2.86994886436 1619.9975697296
0.00000000109 5.59836287202 10610.9021071076
0.00000000089 1.46102468066 3332.9386347244
0.00000000089 1.52114958439 3348.2862186752
0.00000000084 1.33406969455 1552.4675299796
0.00000000099 4.61468010668 24606.13555322
0.00000000084 2.49883491772 2942.5307335944
0.00000000112 3.24631234908 14900.6901427772
0.00000000082 0.76471194062 3330.0430716528
0.00000000082 2.21746232443 3351.1817817468
0.00000000082 2.15560831176 22317.79150970859
0.00000000089 5.02414670070 5355.2358814886
0.00000000084 4.48618455018 3083.5944189568
0.00000000084 4.77917502205 3597.6304344428
0.00000000093 1.35537122244 8948.2282559086
0.00000000095 2.00694376811 529.7582753974
0.00000000085 0.15626665144 1055.8588118402
0.00000000099 1.87280470738 7906.59653807
0.00000000114 2.85738890734 3063.5774329584
0.00000000114 0.12478535771 3617.6474204412
0.00000000090 2.28313612434 51769.8946090242
0.00000000085 4.25324733609 54789.936689978
0.00000000086 4.98727225433 23009.94911093539
0.00000000083 3.80459099750 20103.0484221124
0.00000000112 5.31873185789 5295.3295770634
0.00000000083 0.55564877844 4029.2469095776
0.00000000080 4.41455828078 31570.7996493912
0.00000000081 0.73729790566 3190.714951573
0.00000000081 2.24487635939 3490.5099018266
0.00000000096 0.23027300186 2544.2971662312
0.00000000094 5.55614273293 796.3152604686
0.00000000089 5.72126604208 6311.5250374592
0.00000000085 0.12415625823 14715.840234807
0.00000000102 3.18943570469 3524.48201360179
0.00000000102 6.07592386754 3156.7428397978
0.00000000086 2.62365837929 13517.8027959306
0.00000000084 2.90733130456 2942.3961129888
0.00000000084 4.30297087103 4801.6664786462
0.00000000079 1.89987880078 4423.8727946368
0.00000000082 5.55317357688 30220.9322397324
0.00000000081 5.91225789047 3347.7432273528
0.00000000081 3.35310168176 3333.4816260468
0.00000000079 3.64160078421 48031.1331789162
0.00000000083 2.90263435553 4049.6022289764
0.00000000078 2.79442861443 26880.3198130326
0.00000000079 2.59415665911 12988.111830836
0.00000000096 1.52859112434 3357.44462774959
0.00000000096 1.45358314071 3323.78022565
0.00000000082 0.22380005807 34513.2630726828
0.00000000098 3.60718231268 73.297125859
0.00000000090 5.64133979375 18028.00347403899
0.00000000081 0.56197619487 4782.8908891122
0.00000000099 3.66942611129 3305.004636116
0.00000000099 5.59593346094 3376.2202172836
0.00000000086 5.18309238309 3385.26625994
0.00000000086 4.08226718914 3295.9585934596
0.00000000085 2.64526952459 3193.8179938284
0.00000000085 0.33690474046 3487.4068595712
0.00000000088 1.84612419080 2751.01515718
0.00000000097 3.30686127011 4025.7237912286
0.00000000077 2.27576479149 430.5303441391
0.00000000090 2.83612444399 16066.0658614748
0.00000000079 5.30911625997 1593.0050485469
0.00000000103 4.98287803658 6777.2040806174
0.00000000100 1.06470463453 1481.4093713452
0.00000000080 4.95285652438 1954.7171503636
0.00000000100 1.74953521165 10817.0876555448
0.00000000075 2.02401548869 14797.5973685586
0.00000000095 4.35812039823 17810.2009391838
0.00000000076 1.17170827309 11663.170490296
0.00000000081 0.45815752842 3404.3483250032
0.00000000081 2.52401673663 3276.8765283964
0.00000000084 1.04007729585 45331.3983595986
0.00000000096 2.26104463335 2544.3316735356
0.00000000074 2.66639632955 7476.475228845
0.00000000078 5.92206943670 8830.9133882238
0.00000000090 1.59039392369 1747.6073781529
0.00000000077 5.30979717297 1324.94134054
0.00000000096 0.61229196319 52168.0436124324
0.00000000076 3.90090979569 21957.680727747
0.00000000073 0.73049271630 31979.5180078464
0.00000000097 3.07852061878 8692.3251898394
0.00000000087 5.83290257662 15117.5123565642
0.00000000077 5.61830611535 1008.5494708834
0.00000000077 0.40573840944 4246.0691233646
0.00000000073 5.81590146580 927.8399685028
0.00000000077 4.93122298596 15423.267560871
0.00000000080 5.71635157879 14061.7208550268
0.00000000081 5.67561104642 2917.5373541728
0.00000000081 0.08793933080 2910.4911174748
0.00000000073 4.57978609101 6809.243696737
0.00000000075 1.81129653704 1214.8023296234
0.00000000075 0.61176191784 9090.4741932476
0.00000000073 0.80597242147 11869.3560387332
0.00000000080 3.70920090221 6151.6011986078
0.00000000075 1.65852801071 81604.32185142238
0.00000000074 5.38130777540 13635.1226641508
0.00000000074 5.57898561678 6603.4743094157
0.00000000081 2.95396697245 19573.3574570178
0.00000000071 5.88002334509 23539.64007603
0.00000000071 5.78949232966 5621.9102335132
0.00000000072 5.69738078893 15276.4558743474
0.00000000090 5.68707820006 24532.9765835682
0.00000000071 5.95708932737 12140.6011404778
0.00000000070 2.42585934882 9384.8410080752
0.00000000070 5.87974112761 11247.2089647698
0.00000000070 4.73224956394 13951.5145338074
0.00000000073 2.21781912263 6493.29970563701
0.00000000073 0.63102381616 8436.2875031646
0.00000000069 3.01335847360 87.30820453981
0.00000000073 2.55548238966 30376.3526391666
0.00000000095 3.88412225460 2104.5367663768
0.00000000076 3.36100516133 3412.6681600546
0.00000000076 5.90435441090 3268.556693345
0.00000000069 1.97228484166 5784.3095593426
0.00000000069 1.90292001356 8186.5126624926
0.00000000069 4.22597683091 21272.63667352099
0.00000000071 1.81846746129 58857.03113654799
0.00000000085 4.60013473538 19403.7772738848
0.00000000075 4.81999758491 32367.0976562076
0.00000000080 4.11769728905 6151.4665780022
0.00000000076 0.98386664138 4555.4147563232
0.00000000069 4.69940432303 942.062061969
0.00000000090 4.89984825456 30639.856638633
0.00000000085 4.39582684427 45494.58142974879
0.00000000077 4.08497278156 78263.70942472259
0.00000000068 0.82765945114 8550.0842530358
0.00000000078 5.32457391220 422.6660376129
0.00000000073 2.88235398454 36105.8590863156
0.00000000069 4.04053899301 8027.5691447094
0.00000000070 1.18585479439 2332.0629558164
0.00000000068 2.31090852687 8528.7436120334
0.00000000071 2.15201156573 3371.6044114484
0.00000000071 0.83016269932 3309.6204419512
0.00000000080 4.96962009674 9705.4454104428
0.00000000070 2.49836750115 7843.6995578074
0.00000000081 0.76982949413 94329.77528619739
0.00000000070 1.78964854428 4349.1618975832
0.00000000067 5.57564722758 6112.4029793722
0.00000000075 1.66067383778 1585.1407420207
0.00000000086 0.25993921458 1612.9513330316
0.00000000069 2.60354177981 23553.8671700316
0.00000000067 2.43147442233 12725.453434775
0.00000000072 2.10386446161 3414.2478899194
0.00000000072 0.87830980344 3266.9769634802
0.00000000069 1.73288066444 3186.6871931754
0.00000000069 1.24929360061 3494.5376602242
0.00000000075 3.68220130840 6836.577942531
0.00000000090 2.44476191858 11527.1250891924
0.00000000093 3.60055995845 1826.3211299833
0.00000000085 2.64904472347 4157.26575291499
0.00000000093 5.97228186454 12892.1326036182
0.00000000067 2.58897011211 290.4854794696
0.00000000066 3.87954800820 16056.05130018419
0.00000000069 1.31105511495 1442.2784624124
0.00000000066 2.06074554515 176.6937301338
0.00000000066 3.36264019921 225.8292684102
0.00000000068 0.42746649298 4897.1805736552
0.00000000067 3.86247375362 19247.3765533824
0.00000000065 5.43572139061 3357.3773174468
0.00000000065 3.82963818162 3323.8475359528
0.00000000066 0.93287145961 415.5524906121
0.00000000066 3.64027452312 3738.6941198052
0.00000000065 2.91177847342 26887.3660497306
0.00000000090 1.66801934841 2885.7030601725
0.00000000090 1.31415491664 3795.5217932271
0.00000000067 5.42902273412 13358.8592781474
0.00000000081 5.58966586907 5135.8708704208
0.00000000064 2.13841748430 27035.7402124668
0.00000000076 6.10249673727 6677.2927001365
0.00000000064 0.33226555661 6563.9049851794
0.00000000067 2.47085873457 1083.260367937
0.00000000067 0.73021872404 4396.47123854
0.00000000064 3.51821204431 41427.4869831788
0.00000000066 5.74570221704 3348.7805632822
0.00000000066 3.51965735519 3332.4442901174
0.00000000068 4.27282420496 589.5972695198
0.00000000063 4.22378481482 15003.7829169958
0.00000000066 4.39616063982 3377.6080173108
0.00000000066 4.86919893241 3303.6168360888
0.00000000062 0.97050370815 423.075072527
0.00000000073 1.49148217763 7250.046727427
0.00000000066 3.23177813628 3738.8287404108
0.00000000065 5.30587632700 3226.8829871314
0.00000000065 3.95948324523 3454.3418662682
0.00000000069 2.59633539559 5884.94410023539
0.00000000079 5.03199795222 49225.5801891408
0.00000000072 4.25964991616 68241.87214462319
0.00000000082 3.81994976939 6573.561329461
0.00000000078 5.28528678757 12979.553174576
0.00000000078 0.07000919983 17078.8278650692
0.00000000063 4.28938660682 379.3734138742
0.00000000065 3.40994727165 58704.8939150126
0.00000000064 1.22976149462 21258.40957951939
0.00000000070 3.51764772307 10397.6030116696
0.00000000061 5.82279175439 3870.2861381422
0.00000000070 4.41512641444 9175.7544453482
0.00000000071 3.28652650200 23296.97878235879
0.00000000069 2.31182487954 6757.4909246752
0.00000000061 1.57037807871 3870.3206454466
0.00000000072 1.51722213297 3343.5134409896
0.00000000072 1.46495213208 3337.71141241
0.00000000081 4.86026830133 17498.31250894439
0.00000000062 3.77246444412 628.8515860501
0.00000000061 5.70036546851 54314.2090289076
0.00000000067 0.68969222601 955.2415245996
0.00000000062 2.91999658715 2711.7608406497
0.00000000062 1.09464000200 13738.2154383694
0.00000000071 6.19798871650 5621.7756129076
0.00000000065 5.83189096626 38650.173506199
0.00000000067 1.57027663487 2899.7871418222
0.00000000063 2.13936684877 17660.303464057
0.00000000059 5.56221290270 14071.43950907579
0.00000000073 6.02852675275 6695.4519474012
0.00000000059 4.23500687923 7056.9905849698
0.00000000067 2.26422756461 50420.0271993654
0.00000000059 1.98957010625 14319.6910373572
0.00000000069 0.56556376410 5884.909592931
0.00000000083 4.24356262487 2636.9792420824
0.00000000060 4.15624789446 44535.1003527822
0.00000000061 3.73591863489 24076.4445881254
0.00000000064 1.17391999318 32522.5180556418
0.00000000076 4.51755928368 418.9243989006
0.00000000065 2.85546048584 48273.8617828902
0.00000000058 0.71565564537 29.4918183034
0.00000000059 5.68323628850 9978.1183677944
0.00000000073 0.26749667915 30831.3049047446
0.00000000063 2.63766816139 9722.7108858302
0.00000000080 3.23485617789 3377.2609896293
0.00000000080 6.03050339435 3303.9638637703
0.00000000058 0.73286492045 16070.2783941858
0.00000000070 4.06414188362 11787.603905517
0.00000000057 3.92277309891 27278.4688164408
0.00000000057 3.48535607735 37057.5774925662
0.00000000062 1.45925373057 38252.0245027908
0.00000000062 0.38427986095 437.6438911399
0.00000000071 2.87138479505 6486.253468939
0.00000000057 3.63114094155 3930.2096962196
0.00000000074 5.72909319934 3189.5647568569
0.00000000058 1.59816197403 4712.0241901558
0.00000000058 1.38401229102 1969.2006632438
0.00000000064 3.23303289058 5525.8636959926
0.00000000059 4.01427864314 22854.596021804
0.00000000069 0.29377457284 11240.1627280718
0.00000000057 2.42003042082 1022.776564885
0.00000000074 0.44861274444 3192.5337022735
0.00000000060 5.27775099292 3348.1911059094
0.00000000060 3.98760857931 3333.03374749019
0.00000000055 3.34525081447 3325.8751443742
0.00000000055 5.92010875776 3355.3497090254
0.00000000057 2.89244313085 15842.7522047462
0.00000000055 2.80680487032 4565.9841113702
0.00000000055 2.40063303030 11560.0777160774
0.00000000063 5.97432204184 4136.9276871684
0.00000000055 4.36076096626 21.8508293264
0.00000000061 6.18050944136 11037.5002979836
0.00000000071 4.62640656139 418.504322807
0.00000000061 5.32997938163 222.8603229936
0.00000000073 2.99831416680 33716.9650658664
0.00000000062 3.71439419421 22487.3716928416
0.00000000055 0.37443777882 25665.5174834092
0.00000000061 2.45880942377 7630.4004623694
0.00000000061 5.62643638872 1737.3124374144
0.00000000067 5.86396730577 13366.040135451