-0.00861441374 0.0 0.0
0.00552437949 5.09565872891 6681.2248533996
0.00077184977 5.43315636209 10021.8372800994
0.00020467294 5.57051812369 3340.6124266998
0.00009589581 5.77107234791 13362.4497067992
0.00002620610 6.22441295122 3344.1355450488
0.00002620537 3.04172154436 3337.0893083508
0.00001163612 6.10909257097 16703.062133499
0.00000901178 3.31585548194 1059.3819301892
0.00000427058 2.74008980166 2942.4634232916
0.00000381428 0.22342431378 3738.761430108
0.00000386916 5.94232552612 5621.8429232104
0.00000395001 0.20042939555 6684.7479717486
0.00000337356 5.21417361076 3149.1641605882
0.00000334209 2.45910275965 3185.1920272656
0.00000318463 4.05140251894 3532.0606928114
0.00000318426 0.52909208916 3496.032826134
0.00000312605 4.22912280613 2544.3144198834
0.00000289251 4.61759345454 796.2980068164
0.00000260308 5.02630754856 4136.9104335162
0.00000206733 3.21083229673 1194.4470102246
0.00000140570 0.16405101702 20043.6745601988
0.00000159366 3.57762977582 1589.0728952838
0.00000133819 4.64351814551 5884.9268465832
0.00000132323 3.70094513425 4399.994356889
0.00000127123 2.81806076447 6677.7017350506
0.00000102796 6.05672047566 5486.777843175
0.00000112591 5.89047647024 2146.1654164752
0.00000129469 1.80477637958 1592.5960136328
0.00000101457 3.72531913828 3341.592747768
0.00000101429 5.54115874275 3339.6321056316
0.00000089231 5.88265350957 3870.3033917944
0.00000084359 0.39861148409 1990.745017041
0.00000079681 3.91080385507 426.598190876
0.00000077267 0.64237838596 7079.3738568078
0.00000081615 5.65301248357 5092.1519581158
0.00000064069 5.27568100391 2388.8940204492
0.00000057349 0.50336630984 10025.3603984484
0.00000057779 1.95322424838 3097.88382272579
0.00000075338 1.25298511750 5088.6288397668
0.00000075597 3.61161529128 4535.0594369244
0.00000057038 2.69097269126 4690.4798363586
0.00000058112 0.40782428306 7.1135470008
0.00000055693 1.22100970149 9492.1463150048
0.00000053020 1.04990905431 3583.3410306738
0.00000070673 3.86820111874 2787.0430238574
0.00000049103 4.08361966579 4292.3308329504
0.00000051266 4.58705364976 191.4482661116
0.00000054144 2.75220168825 2957.7158944766
0.00000060338 5.44643531231 3894.1818295422
0.00000060977 1.33676776514 1748.016413067
0.00000049313 2.50941274343 6681.2075997474
0.00000049853 0.26909559157 3723.508958923
0.00000049313 4.54018424365 6681.2421070518
0.00000056626 1.06789339618 155.4203994342
0.00000047447 5.64332397974 6489.776587288
0.00000037363 0.07393316577 3553.9115221378
0.00000041874 2.94784781040 1349.8674096588
0.00000036019 2.84922399832 3127.3133312618
0.00000035314 2.80430917536 6525.8044539654
0.00000032357 4.45790537173 951.7184062506
0.00000032811 5.05742629063 3333.498879699
0.00000039137 5.37813466087 7477.522860216
0.00000029434 5.34740413798 6254.6266625236
0.00000029948 5.91717139203 553.5694028424
0.00000027640 3.75118803663 12303.06777661
0.00000027492 2.19308010261 4933.2084403326
0.00000028209 4.24849741016 3347.7259737006
0.00000024027 2.99666997180 2810.9214616052
0.00000024446 6.22777959925 1066.49547719
0.00000029268 2.65797242705 639.897286314
0.00000021284 3.84563390414 4929.6853219836
0.00000022160 5.38045378366 2281.2304965106
0.00000024653 0.71737818564 382.8965322232
0.00000024832 3.86595587444 2118.7638603784
0.00000019156 5.97786462687 529.6909650946
0.00000019368 0.65233184104 242.728603974
0.00000018361 0.61249454438 9623.6882766912
0.00000017087 2.30909423712 3320.257107301
0.00000016973 0.67405360149 3360.96774609859
0.00000016990 0.50198426834 23384.2869868986
0.00000016240 0.58693834825 6681.1575430968
0.00000016010 0.45122114069 1052.2683831884
0.00000017059 2.70322688862 6674.1113063988
0.00000014616 1.92148810610 10018.3141617504
0.00000016065 4.24982817116 3325.3599555148
0.00000016701 0.67061213764 7210.9158184942
0.00000017710 4.03786343224 7740.6067835888
0.00000015982 5.01800237749 3355.8648978848
0.00000016240 0.17847274471 6681.2921637024
0.00000013777 1.54970744605 12832.7587417046
0.00000014497 0.51986042995 2274.1169495098
0.00000012485 4.09460712678 6682.2051744678
0.00000012683 0.77128314603 5331.3574437408
0.00000013623 0.04061937918 2288.3440435114
0.00000013051 4.49310483339 3767.2106175758
0.00000011614 2.36759996260 6438.4962494256
0.00000014620 5.34262285752 4562.4609930212
0.00000012264 1.92472095959 536.8045120954
0.00000011399 2.44490119447 522.5774180938
0.00000010305 3.95759369406 7875.6718636242
0.00000010643 3.06544565234 5614.7293762096
0.00000012504 1.00423358318 10419.9862835076
0.00000010339 4.87442511701 10021.8545337516
0.00000008822 1.53728617245 3205.5473466644
0.00000011354 0.31954807551 6041.3275670856
0.00000008406 1.44447794642 3475.6775067352
0.00000010339 2.84366026063 10021.8200264472
0.00000009717 0.73258032600 6836.6452528338
0.00000008014 4.35110324867 2700.7151403858
0.00000008107 0.81975962806 13365.9728251482
0.00000007381 4.07383581901 15643.6802033098
0.00000007807 4.22077494831 6127.6554505572
0.00000007065 4.75207941589 213.299095438
0.00000007035 2.52904374075 5628.9564702112
0.00000007636 4.05071436432 1751.539531416
0.00000006709 4.61324201649 3178.1457905676
0.00000006272 3.10587190159 6298.3283211764
0.00000006332 4.65004753478 3503.079062832
0.00000006358 5.59134223888 3316.733988952
0.00000007875 5.63977989179 5729.506447149
0.00000006284 3.67192363783 3364.4908644476
0.00000008239 4.85475989069 8962.4553499102
0.00000006726 6.02428284097 9830.3890139878
0.00000006038 3.27619332020 398.1490034082
0.00000007269 0.63965217204 6894.5239488376
0.00000006024 1.64197757257 853.196381752
0.00000005538 5.78612814784 3.523118349
0.00000005603 5.72285881440 10818.1352869158
0.00000005542 0.97325944065 1758.6530784168
0.00000005314 4.22360413803 2648.454825473
0.00000006512 5.82435708254 6680.2445323314
0.00000005502 1.39010072925 6923.9534573736
0.00000005061 6.24728437319 1596.1864422846
0.00000004841 0.46251219835 6158.6474353058
0.00000005019 3.60025928930 433.7117378768
0.00000004333 0.94382312112 12964.300703391
0.00000004783 1.03608770138 6144.4203413042
0.00000004730 4.22311630120 2914.0142358238
0.00000003970 0.34201626027 3312.163239232
0.00000003932 2.64182103921 3369.0616141676
0.00000005131 5.75816121607 8432.7643848156
0.00000003924 5.52177794448 640.8776073822
0.00000004288 5.22939982526 6151.533888305
0.00000003722 4.67114753737 3335.0895023924
0.00000003721 4.59533823527 3346.1353510072
0.00000004830 4.64482449524 6688.3384004004
0.00000004066 4.97310263007 4032.7700279266
0.00000003565 2.53670247107 8273.8208670324
0.00000004116 3.14698296281 9866.4168806652
0.00000003629 1.25762240997 3304.5845600224
0.00000003622 5.99791431215 1581.959348283
0.00000003577 1.72457020044 3376.6402933772
0.00000004006 3.50175662034 2699.7348193176
0.00000003816 2.98894730062 8969.568896911
0.00000003417 0.51900593403 10021.9045904022
0.00000004071 3.46038113099 3863.1898447936
0.00000004326 4.09031704505 11773.3768115154
0.00000004227 5.72754081349 2818.035008606
0.00000003928 3.43504403516 8955.3418029094
0.00000003567 0.89902213787 1744.4259844152
0.00000003247 0.50731005475 149.5631971346
0.00000003163 3.19092536309 3980.5097130138
0.00000003117 3.81812196204 3336.7310913418
0.00000003104 5.44232475906 3344.4937620578
0.00000003427 0.92910700550 10021.7699697966
0.00000003818 1.63069738341 6283.0758499914
0.00000003018 1.27275373599 10551.528245194
0.00000003094 1.78971291511 13358.9265884502
0.00000002972 4.06477836275 419.4846438752
0.00000002930 5.29397937918 2487.4160449478
0.00000002859 4.14824445170 8270.2977486834
0.00000002618 4.59592591602 1221.8485663214
0.00000003149 4.07090669467 5459.3762870782
0.00000003452 3.58033884806 9225.539273283
0.00000002662 0.62485553999 7632.9432596502
0.00000002528 5.78755929713 3333.5661900018
0.00000002421 5.22954368274 8429.2412664666
0.00000002453 5.65563006765 8031.0922630584
0.00000002458 0.21740426116 2766.267628365
0.00000003009 5.91932692843 3981.490034082
0.00000002328 0.84599472286 9381.9399937854
0.00000002424 0.82684290604 9808.5381846614
0.00000002276 1.56667324357 5828.0284716476
0.00000002192 0.31892596039 4407.1079038898
0.00000002225 2.88561251745 3914.9572250346
0.00000002514 1.88526284735 16173.3711684044
0.00000002437 4.37264449561 11081.2192102886
0.00000002753 3.46421789134 7064.1213856228
0.00000002044 3.91789079559 6040.3472460174
0.00000002107 3.63278010781 15113.9892382152
0.00000002669 3.69099558382 6467.9257579616
0.00000001887 0.17011382442 76.2660712756
0.00000001846 2.79006302906 1692.1656695024
0.00000002140 3.22050811027 3347.6586633978
0.00000001867 1.35298978219 13760.5987102074
0.00000001870 5.25845310749 220.4126424388
0.00000001717 5.21576113138 13362.4669604514
0.00000001788 2.45204273441 6660.4494579072
0.00000001744 1.79434186275 6816.289933435
0.00000002248 2.21497893636 7234.794256242
0.00000001717 3.18498950602 13362.432453147
0.00000001739 3.64902335469 3281.2385647862
0.00000002059 0.84035144431 26724.8994135984
0.00000001824 5.65759439478 6247.5131155228
0.00000001569 3.26028020530 574.3447983348
0.00000001698 5.61637635354 3399.9862886134
0.00000002119 1.71301547740 6872.6731195112
0.00000001532 3.04023559365 3877.4169387952
0.00000001628 4.45153470682 10022.8176011676
0.00000001807 5.37059107698 6696.4773245846
0.00000001767 2.64991278616 6660.8695340008
0.00000001384 4.29310139885 11216.284290324
0.00000001690 4.89931132759 7107.8230442756
0.00000001593 5.81218827514 206.1855484372
0.00000001473 3.94656024828 8439.8779318164
0.00000001360 2.27641913726 3074.005384978
0.00000001302 4.55773849708 6665.9723822146
0.00000001593 1.11307060368 8671.9698704406
0.00000001305 0.97554521194 6701.5801727984
0.00000001657 5.40650209199 8827.3902698748
0.00000001529 0.56980933614 3546.797975137
0.00000001527 2.39970013340 3134.4268782626
0.00000001234 1.35920832366 1228.9621133222
0.00000001498 3.04227517263 10014.7237330986
0.00000001192 1.27460239384 110.2063212194
0.00000001367 3.02383204600 9779.1086761254
0.00000001230 0.29260201065 11371.7046897582
0.00000001403 4.40495727981 18984.2926300096
0.00000001219 0.70589188231 3607.2194684216
0.00000001203 1.93922605595 3319.8370312074
0.00000001400 4.52326043784 5099.2655051166
0.00000001148 1.04852148563 3361.3878221922
0.00000001515 4.61278775683 6702.000248892
0.00000001157 1.07615224761 10235.1363755374
0.00000001086 3.25980753881 12935.8515159232
0.00000001089 2.28518675051 3169.9395560806
0.00000001068 3.73801386165 6684.8152820514
0.00000001340 5.45392652944 2803.8079146044
0.00000001057 0.81408234263 10973.55568635
0.00000001071 2.45426009627 6531.661656265
0.00000001124 3.24778689268 2906.900688823
0.00000001358 4.09029594688 1039.0266107904
0.00000001416 2.61990974907 647.0108333148
0.00000001027 5.30953853640 6261.7402095244
0.00000001082 3.32074909820 6677.6344247478
0.00000001020 0.69684985470 3511.285297319
0.00000001123 1.64413797832 2921.1277828246
0.00000000982 0.25720172165 4989.0591838972
0.00000000977 3.76387167528 8425.6508378148
0.00000000922 4.56445665593 9468.267877257
0.00000000916 0.04652972552 3561.0250691386
0.00000000918 0.10710061200 13171.0014406876
0.00000001078 1.88392074727 10575.4066829418
0.00000000887 2.35910251121 3760.097070575
0.00000000878 1.69416917623 956.2891559706
0.00000000872 2.78538821999 3120.199784261
0.00000000930 5.98147253164 9070.1188738488
0.00000000840 0.12611650681 2125.8774073792
0.00000000880 2.47516759962 3313.210870603
0.00000001010 1.04763118283 3253.30422216
0.00000000870 0.50700932774 3368.0139827966
0.00000001000 4.48123094738 9595.2390892234
0.00000000822 2.58495071013 1861.7458526354
0.00000000974 1.93461985334 3427.9206312396
0.00000001121 1.14643572651 16706.585251848
0.00000000790 2.77256344629 3443.7052009184
0.00000000790 4.02400070641 10404.7338123226
0.00000000777 1.90608277320 9168.6408983474
0.00000000768 4.93323770287 11769.8536931664
0.00000000917 5.01587421292 3340.629680352
0.00000000759 6.06112515589 14158.7477136156
0.00000000756 3.17480517462 632.7837393132
0.00000000769 3.45170371859 9638.9407478762
0.00000000917 2.98510265793 3340.5951730476
0.00000000800 4.79154115035 6518.7582172674
0.00000000725 3.17641441624 6475.0393049624
0.00000000721 5.76834431293 7903.073419721
0.00000000730 3.02102816704 6709.6740408674
0.00000000925 5.09004861088 11243.6858464208
0.00000000753 5.41546929401 5642.1982426092
0.00000000797 1.29224453150 16304.9131300908
0.00000000689 4.67900398399 7910.1869667218
0.00000000750 6.08088730030 3296.8935143948
0.00000000688 5.00398855432 10028.9508271002
0.00000000660 1.31849975129 1214.7350193206
0.00000000737 3.18448728107 3384.3313390048
0.00000000896 5.14258755707 2301.58581590939
0.00000000674 2.97036744718 2807.3983432562
0.00000000845 0.83947970783 9499.2598620056
0.00000000627 1.11034276522 13149.1506113612
0.00000000633 2.81432845663 6604.958782124
0.00000000612 0.29523233872 3237.5196524812
0.00000000611 2.72870079822 12566.1516999828
0.00000000710 3.89492785518 6460.8122109608
0.00000000701 0.38714381576 3311.18291816379
0.00000000701 2.59503044929 3370.0419352358
0.00000000605 6.16661321134 949.1756089698
0.00000000721 3.39819016368 12310.1813236108
0.00000000634 5.13698921586 692.1576012268
0.00000000570 4.29687682063 2693.601593385
0.00000000646 5.77545650923 2111.6503133776
0.00000000544 1.97116952941 16699.53901514999
0.00000000573 2.69510600136 1437.1756141986
0.00000000623 1.72892894707 10264.5658840734
0.00000000539 0.82065219960 3490.1756238344
0.00000000557 0.85462599459 13362.517017102
0.00000000647 0.93841423909 4392.8808098882
0.00000000618 2.21502067098 10177.2576795336
0.00000000527 6.20891297659 1375.7737998458
0.00000000537 0.00969918132 3873.8265101434
0.00000000584 3.00944725913 5085.038411115
0.00000000511 3.07543364583 13517.8701062334
0.00000000584 2.12241430212 4193.8088084518
0.00000000506 1.37728449479 9485.032768004
0.00000000500 2.93933452214 224.3447957019
0.00000000670 5.94569787504 6657.3464156518
0.00000000513 4.94015312303 3232.9489027612
0.00000000489 4.17658939709 3774.3241645766
0.00000000600 3.74402912289 2707.8286873866
0.00000000475 2.23223934897 2178.137722292
0.00000000613 4.40036999883 5989.0672521728
0.00000000492 4.32513664928 3448.2759506384
0.00000000463 1.38849137815 3229.4257844122
0.00000000533 3.77079193810 18454.601664915
0.00000000472 3.67184386612 12295.9542296092
0.00000000540 0.51844562567 6034.2140200848
0.00000000444 3.95877289512 6705.1032911474
0.00000000443 1.59365772526 3451.7990689874
0.00000000557 1.26314936469 13362.3823964964
0.00000000551 3.37214913132 263.0839233728
0.00000000494 3.48539252825 13207.029307365
0.00000000402 1.71992380217 6571.0185321802
0.00000000413 4.34479957368 8799.988713778
0.00000000488 2.98223801931 2221.856634597
0.00000000421 4.49848554474 4379.6390374902
0.00000000472 0.33922281030 4936.7988689844
0.00000000515 5.18562869638 6675.7019290922
0.00000000477 5.07324050899 7895.9598727202
0.00000000407 1.25884679916 3289.33208883739
0.00000000407 1.72332746589 3391.89276456221
0.00000000474 1.74796870608 13892.1406718938
0.00000000478 4.16158691668 13119.72110282519
0.00000000427 2.86195707217 11614.4332937322
0.00000000369 5.02545575221 135.0650800354
0.00000000384 5.80577939754 6685.1061887576
0.00000000392 4.39337463856 6843.6914895318
0.00000000370 1.36094569476 3274.1250177854
0.00000000388 0.03030103193 6048.4411140864
0.00000000363 1.24603804228 20.3553193988
0.00000000360 1.62130663873 3407.0998356142
0.00000000345 4.59132625278 15.252471185
0.00000000347 1.29475122047 5724.935697429
0.00000000453 2.09914090460 3113.1362939108
0.00000000389 6.08882765883 9588.1255422226
0.00000000422 2.19336420550 19513.9835951042
0.00000000373 6.01149621113 10020.8569590312
0.00000000344 5.71003719613 12721.572099417
0.00000000359 5.00080130209 9380.9596727172
0.00000000375 4.47591732608 11610.9101753832
0.00000000335 4.55690899534 2938.9403049426
0.00000000315 4.72280053136 2384.3232707292
0.00000000340 3.64508189959 7321.1221397136
0.00000000412 0.88247746034 3568.0885594888
0.00000000374 4.02425919317 3415.3940252671
0.00000000310 4.70848762021 14421.8316369884
0.00000000344 0.47873990239 1903.4368125012
0.00000000309 6.17856568800 4569.574540022
0.00000000330 2.06620388834 3318.7615973734
0.00000000330 0.91597037671 3362.4632560262
0.00000000346 5.60772621945 9602.3526362242
0.00000000329 4.94303630669 10042.6126755918
0.00000000308 4.74792571468 16460.33352952499
0.00000000301 0.64905373192 3340.6797370026
0.00000000311 5.54347060615 323.5054166574
0.00000000340 4.78541899020 22324.9050567094
0.00000000294 4.55140151748 10596.1820784342
0.00000000390 2.10755320496 6717.252720077
0.00000000298 0.56249511314 3416.8784979754
0.00000000291 1.54713222563 6645.1969867222
0.00000000360 0.57790692476 5244.049239201
0.00000000399 2.01329403322 13916.0191096416
0.00000000293 3.68949232970 2675.8563815698
0.00000000327 6.16735333216 4459.3682188026
0.00000000337 5.55760049578 162.4666361322
0.00000000304 3.91898402784 7203.8022714934
0.00000000280 1.62615107581 3397.5108016354
0.00000000280 1.35602318924 3283.7140517642
0.00000000275 3.08102921005 5732.0492444298
0.00000000301 1.05608440560 3340.545116397
0.00000000284 3.95421107268 14584.2982731206
0.00000000280 3.40896567674 6688.2710900976
0.00000000356 3.25540777340 1162.4747044078
0.00000000363 2.79281358783 10001.061884607
0.00000000285 2.02354216491 14314.1681130498
0.00000000305 5.21825469861 3265.8308281325
0.00000000259 3.13103994929 5032.7780962022
0.00000000253 1.68801838224 17101.2111369072
0.00000000251 3.23448365420 11766.2632645146
0.00000000253 3.52319644222 16703.0448798468
0.00000000253 1.08130162107 6947.8318951214
0.00000000278 6.24528874374 7322.1024607818
0.00000000282 1.66194895980 860.3099287528
0.00000000278 1.07336593399 74.7815985673
0.00000000253 5.55396848472 16703.07938715119
0.00000000246 2.73029636009 3304.0070613956
0.00000000246 0.25187790496 3377.217792004
0.00000000239 3.57219156566 16276.463942623
0.00000000239 3.66509719573 11780.4903585162
0.00000000225 3.64551843619 10018.2468514476
0.00000000239 4.78918105736 13936.794505134
0.00000000284 2.13762517288 10156.9023601348
0.00000000238 4.98437875568 7255.5696517344
0.00000000243 1.17853314043 30065.5118402982
0.00000000219 2.93870106015 5305.4510535538
0.00000000218 3.34948255670 3029.7716278314
0.00000000240 1.35327460265 2075.0449480734
0.00000000221 5.57663616389 4005.3684718298
0.00000000223 4.35090669349 23.8784377478
0.00000000224 4.07746567192 10025.4277087512
0.00000000216 5.71759573965 10037.0897512844
0.00000000213 5.27835961911 10448.4354709754
0.00000000210 1.47694443779 4555.3474460204
0.00000000211 3.90222929747 6944.3087767724
0.00000000215 4.18959076854 3212.5935833624
0.00000000234 0.76568079767 3185.2593375684
0.00000000215 6.24541228185 1545.3539829788
0.00000000212 5.30591163701 3230.4061054804
0.00000000253 6.20740369502 16062.1845261168
0.00000000201 1.28338790475 1835.3246176068
0.00000000209 3.36887494837 16858.4825329332
0.00000000198 0.22514658211 6578.132079181
0.00000000204 5.07565396807 3468.6312700372
0.00000000213 0.67649924264 7747.7203305896
0.00000000266 5.05292569149 2277.7073781616
0.00000000198 1.16597531015 15508.6151232744
0.00000000193 5.91462315638 3651.4532255682
0.00000000199 2.92332691428 17924.9106998204
0.00000000242 3.82869102683 6621.850991486
0.00000000220 2.24714438581 3495.9655158312
0.00000000190 0.88866953545 12323.4230960088
0.00000000192 5.22444181613 2480.302497947
0.00000000197 1.26232029421 15664.03552270859
0.00000000189 0.28835038064 19402.7969528166
0.00000000192 4.92154638435 14054.607308026
0.00000000183 5.56570381896 8542.970706035
0.00000000200 4.07950076032 6677.3435180416
0.00000000249 1.63875770688 699.2711482276
0.00000000184 2.06454534852 4845.9002357928
0.00000000183 5.88258668238 533.2140834436
0.00000000202 1.49099779688 12012.5822971404
0.00000000177 5.39113553042 7380.4960016272
0.00000000178 0.04214387699 6456.8800576977
0.00000000205 1.56638102938 2945.9865416406
0.00000000239 0.56549194814 6106.8800550648
0.00000000200 2.99049384035 10001.48196070061
0.00000000171 4.43743888209 6756.0064519669
0.00000000182 1.09754108002 6887.4104018368
0.00000000174 3.24224963289 6418.1409300268
0.00000000168 1.47006471713 13575.7488022372
0.00000000184 3.93810691590 7218.029365495
0.00000000166 3.82858624226 15650.7937503106
0.00000000168 1.24963985652 5618.3198048614
0.00000000212 4.80268839794 13363.4300278674
0.00000000169 0.37714459018 2655.5683724738
0.00000000168 1.37312305288 7314.0085927128
0.00000000207 6.11286992514 14712.317116458
0.00000000159 2.63556274864 2008.557539159
0.00000000177 5.21096301825 6686.747777707
0.00000000192 3.27974426286 2751.5475996916
0.00000000153 4.85804008745 3347.2960905739
0.00000000153 4.40731948478 3333.9287628257
0.00000000151 2.78026590654 103.0927742186
0.00000000154 1.98358917407 3499.555944483
0.00000000151 5.45564580430 10713.9948813262
0.00000000169 1.72784795263 19645.5255567906
0.00000000175 0.52130528553 8982.810669309
0.00000000188 2.80365997800 1332.0548875408
0.00000000195 0.42819289586 6546.1597733642
0.00000000153 1.34899298445 12722.5524204852
0.00000000158 4.60986821977 14556.8967170238
0.00000000173 3.36956475760 14.2270940016
0.00000000171 4.49567777458 1062.9050485382
0.00000000171 0.56475191630 2391.43681773
0.00000000185 4.33527974597 2409.249339848
0.00000000179 6.25811741113 20.7753954924
0.00000000143 2.17166434379 1505.28780909299
0.00000000149 1.03739270255 735.8765135318
0.00000000152 0.66722406763 9389.0535407862
0.00000000148 3.00263900859 3053.6500655792
0.00000000140 0.90450305556 6691.8615187494
0.00000000135 4.10212923465 2604.735913168
0.00000000135 5.16323033758 4076.4889402316
0.00000000134 2.23334811023 3191.0492295652
0.00000000177 1.67456433042 8958.9322315612
0.00000000178 1.87772953896 2284.7536148596
0.00000000132 2.81820003351 846.0828347512
0.00000000175 4.86229323516 8965.9784682592
0.00000000160 4.45487960287 2494.5295919486
0.00000000138 1.47418494330 20047.1976785478
0.00000000128 0.92352133267 9374.8264467846
0.00000000132 5.64348485151 7366.2689076256
0.00000000152 1.23461889422 4672.6673142406
0.00000000173 1.67113077977 19004.6479494084
0.00000000158 5.98697230845 3929.677253708
0.00000000126 4.78413400650 6148.010769956
0.00000000126 4.40104234637 11670.2840372968
0.00000000133 1.12155584770 12839.8722887054
0.00000000137 5.81509659853 6674.1786167016
0.00000000149 4.52388789068 3077.528503327
0.00000000125 1.44691455296 36.0278666774
0.00000000146 2.09359464470 3397.4156888696
0.00000000146 0.88857962035 3283.80916453
0.00000000157 3.39004226467 3450.8187479192
0.00000000154 5.27624866771 12168.0026965746
0.00000000162 5.99305553804 5518.7501489918
0.00000000126 5.23539499383 13553.8979729108
0.00000000133 6.26348452529 3627.57478782039
0.00000000124 1.40431448992 6593.9166488598
0.00000000123 1.97465918753 1485.9801210652
0.00000000125 3.06728736345 18606.4989460002
0.00000000123 2.92428130894 15906.7641266826
0.00000000146 4.34004130421 1478.8665740644
0.00000000117 2.48675823285 3337.106562003
0.00000000117 3.63700868579 3344.11829139661
0.00000000147 2.64686332853 6510.5519827804
0.00000000119 2.67568218000 15265.8865193004
0.00000000117 5.66778031729 3344.152798701
0.00000000117 0.45598660135 3337.0720546986
0.00000000118 5.77425794908 9886.772200064
0.00000000154 2.03792935277 3133.9116894032
0.00000000118 0.07858750158 3317.8439300904
0.00000000118 2.90358676347 3363.3809233092
0.00000000158 3.42513552451 0.9803210682
0.00000000117 2.63259162370 3184.2117061974
0.00000000117 0.34958264135 3497.0131472022
0.00000000115 3.42928363203 6724.9437657046
0.00000000114 1.78485255818 5820.9149246468
0.00000000114 1.36878094205 9065.5481241288
0.00000000124 4.75081143126 2631.6226244232
0.00000000118 2.00813775574 4025.6564809258
0.00000000135 4.74860182927 3603.6963500726
0.00000000119 0.46273681956 16511.6138673874
0.00000000155 2.36780510491 6155.057006654
0.00000000115 4.80039490722 6997.6167230562
0.00000000119 3.37046808379 4447.7512323846
0.00000000114 3.09767238718 3987.6232600146
0.00000000110 1.50396104090 87.30820453981
0.00000000138 6.15843764702 2233.473621015
0.00000000131 0.53786654009 6901.6374958384
0.00000000112 2.08380141682 22345.2603761082
0.00000000108 4.30979711000 2973.3880977374
0.00000000115 2.50244363406 36.6053653042
0.00000000111 1.81433997961 316.3918696566
0.00000000130 1.42012740400 10213.285546211
0.00000000108 5.05364311472 19800.9459562248
0.00000000111 3.72624023806 6357.7194367422
0.00000000145 0.99358639575 2060.8178540718
0.00000000112 3.97083451330 2574.8193622534
0.00000000139 0.94728626821 3547.3131639964
0.00000000122 4.41872868475 3346.4696289994
0.00000000122 4.84663088748 3334.7552244002
0.00000000140 6.09857806608 6670.5881880498
0.00000000100 2.58315361675 17917.79715281959
0.00000000106 3.77034034448 13745.3462390224
0.00000000120 2.98017967977 3370.1042450032
0.00000000120 0.00199458528 3311.1206083964
0.00000000118 2.40172384456 6606.4432548323
0.00000000132 5.74618131270 3050.1269472302
0.00000000106 5.77400557563 2641.3412784722
0.00000000096 5.75684065935 1118.7557921028
0.00000000101 3.76810604314 10124.930054318
0.00000000104 1.92319744263 4296.9015826704
0.00000000111 1.28913302911 10042.1925994982
0.00000000094 1.36125916148 17468.8551979454
0.00000000096 4.84024975949 10006.5848089144
0.00000000094 0.85293916684 2679.3794999188
0.00000000108 1.41232833732 3735.238311759
0.00000000092 4.97009844077 3707.8367556622
0.00000000097 3.70150649705 2922.1081038928
0.00000000109 3.81691606800 11250.7993934216
0.00000000092 6.04182543036 2540.7913015344
0.00000000126 4.88607866833 4271.9755135516
0.00000000095 0.10422807800 59.3738619136
0.00000000110 5.54106438691 4106.4054911462
0.00000000115 3.52051514601 9815.6517316622
0.00000000093 3.71904554876 2771.7905526724
0.00000000100 1.66203445799 26887.3660497306
0.00000000104 2.35767081244 11925.2740926006
0.00000000113 0.21883124871 4922.5717749828
0.00000000109 4.06648304067 21795.21409161479
0.00000000094 4.82179990259 1272.6810256272
0.00000000091 4.41382868784 4049.6022289764
0.00000000086 0.86878584025 17654.7805397496
0.00000000119 3.51878936510 3631.0979061694
0.00000000117 6.22334083160 1905.4647649404
0.00000000098 2.27543509085 6768.5330579394
0.00000000095 4.80180777978 10706.8813343254
0.00000000084 0.40663774606 3152.68727893721
0.00000000093 2.83658856377 2538.2485042536
0.00000000085 1.40832176676 16489.763038061
0.00000000094 6.05010322728 12942.965062924
0.00000000107 1.79283820861 6286.5989683404
0.00000000081 2.07730423259 3326.3853326982
0.00000000081 0.90487003246 3354.8395207014
0.00000000082 5.23339031416 1442.2612087602
0.00000000079 4.56396980209 18208.349942592
0.00000000079 3.07988237612 4777.7880408984
0.00000000083 5.56382700928 3759.1167495068
0.00000000085 4.56854166929 42942.50433914939
0.00000000079 4.26906442068 3378.7454623376
0.00000000079 4.99629515155 3302.479391062
0.00000000080 6.17200069363 4142.976349146
0.00000000079 2.75167670672 9947.0556815321
0.00000000109 5.81788706036 765.7930644464
0.00000000102 4.48912094824 10721.108428327
0.00000000106 3.49629147004 21947.11137270
0.00000000087 0.74054571271 3181.6689089166
0.00000000092 0.03551083643 2171.0241752912
0.00000000106 0.39435918202 7214.4389368432
0.00000000080 4.89623642688 21548.9623692918
0.00000000095 3.86710302337 1655.5603041982
0.00000000079 3.24890951492 5562.4690612968
0.00000000079 0.57799144801 1169.5882514086
0.00000000090 1.80974604093 685.044054226
0.00000000077 2.05069186337 4001.8453534808
0.00000000083 2.81952591797 18451.07854656599
0.00000000103 4.88584162251 6279.5527316424
0.00000000076 3.67755551442 1107.1388056848
0.00000000075 2.93994155162 6710.6543619356
0.00000000075 5.60783359680 3528.5375744624
0.00000000100 2.80459580595 6653.8232973028
0.00000000085 4.61572252590 3649.8907493556
0.00000000085 4.64963704633 3031.334104044
0.00000000077 5.54299564494 3909.4343007272
0.00000000102 4.85789296676 3282.733730696
0.00000000102 4.40746660547 3398.4911227036
0.00000000079 5.10886333624 12725.453434775
0.00000000077 0.97230677876 20199.02764933019
0.00000000073 5.35302732038 13369.56325380
0.00000000097 1.78236800999 6784.3176276182
0.00000000076 2.30483356242 42153.969003049
0.00000000092 2.49268078499 3492.509707785
0.00000000076 2.72692408287 19403.7772738848
0.00000000080 4.32028390750 8756.269801473
0.00000000073 2.28908779860 6364.832983743
0.00000000077 2.43358799510 6549.6828917132
0.00000000088 1.61112169044 7373.3824546264
0.00000000088 6.05418512374 11883.5831327348
0.00000000076 2.05515548312 1648.4467571974
0.00000000093 3.37029033662 10050.2864675672
0.00000000069 3.45210180674 45088.6697556246
0.00000000071 1.53845739804 2067.9314010726
0.00000000069 6.03997221898 1279.794572628
0.00000000077 1.09192682751 14128.2427712456
0.00000000077 0.47271097966 5466.489834079
0.00000000079 1.37643636344 3329.5667264359
0.00000000079 1.60573790161 3351.6581269637
0.00000000074 4.22088803290 25135.8265183146
0.00000000073 5.09768244843 10177.1903692308
0.00000000067 4.84562417862 5401.4302807716
0.00000000074 5.01417193973 15636.566656309
0.00000000069 5.04985271939 11353.8921676402
0.00000000070 1.71545157762 20809.4676246452
0.00000000070 3.89845786360 35707.7100829074
0.00000000076 3.13060444340 41748.0573289248
0.00000000092 6.14040930433 3613.2853840514
0.00000000093 2.21933485500 8584.6616659008
0.00000000068 3.93351376319 25287.7237993998
0.00000000066 5.64046802071 2011.1003364398
0.00000000088 3.09948179111 3067.9394693482
0.00000000074 2.14829362492 3264.3463554242
0.00000000065 5.23756710566 8859.3625756916
0.00000000069 1.59516547033 43738.8023459658
0.00000000068 4.77227301127 44959.5476759902
0.00000000065 0.76344895489 6708.6264094964
0.00000000090 5.15547486786 6740.5987153132
0.00000000064 4.35344254893 9801.4246376606
0.00000000065 0.10650340635 4140.4335518652
0.00000000079 0.61232080062 2125.8100970764
0.00000000087 5.05289595532 9859.3706439672
0.00000000065 0.93949119244 6680.804777306
0.00000000064 1.91199168938 4356.275444584
0.00000000064 2.03767686794 169.580183133
0.00000000067 3.96144093290 11236.57229942
0.00000000066 1.08249803836 3414.213382615
0.00000000066 1.89967622669 3267.0114707846
0.00000000072 1.91502043985 16858.41522263039
0.00000000064 0.70379327004 3193.8007401762
0.00000000064 2.27838099501 3487.4241132234
0.00000000084 3.00203948568 43340.6533425576
0.00000000062 3.24790025898 18461.71521191579
0.00000000068 4.85546258492 12808.8803039568
0.00000000068 1.99986373490 6614.7374444852
0.00000000085 3.13403835930 10730.82708237599
0.00000000066 0.00739681430 9997.9588423516
0.00000000065 6.00702384673 40796.33892267419
0.00000000060 1.33665515740 31022.7531708562
0.00000000078 4.87574960971 5202.3582793352
0.00000000062 2.19007422012 20040.15144184979
0.00000000062 4.40813798952 931.3630868518
0.00000000067 3.79488721755 17256.6315363414
0.00000000063 4.58199428968 25841.29320224219
0.00000000083 1.19841622691 40398.189919266
0.00000000059 3.38669312921 15121.102785216
0.00000000063 1.57226486603 20742.9457084264
0.00000000060 5.59502027006 10016.314355792
0.00000000059 1.02843579673 4039.8835749274
0.00000000077 3.19342928141 24606.13555322
0.00000000067 4.66236805003 9329.6796788726
0.00000000077 3.07641411027 4775.7600884592
0.00000000064 0.87689051214 22743.4093795164
0.00000000080 2.57223661352 27417.0570148252
0.00000000057 0.14845243910 12928.7379689224
0.00000000057 6.14189596874 3116.2676309979
0.00000000072 0.71597283003 20213.25474333179
0.00000000062 1.28366951998 12988.111830836
0.00000000059 1.99226268966 5945.3483398678
0.00000000058 0.15519898436 15423.267560871
0.00000000063 2.24244167800 9161.5273513466
0.00000000062 2.96487774215 3357.44462774959
0.00000000062 0.01729652290 3323.78022565
0.00000000056 3.18297061340 2978.491289969
0.00000000056 6.08238895883 3702.7335634306
0.00000000058 0.08427617394 45884.967762441
0.00000000055 0.16321552353 21150.8133658836
0.00000000055 5.55880158727 12715.4388734844
0.00000000055 4.28741629288 23539.7073863328
0.00000000068 4.10576652903 14867.73751589219
0.00000000054 1.14764721709 5607.6158292088
0.00000000053 4.66773371614 6788.8883773382
0.00000000058 1.79522116123 3412.6681600546
0.00000000058 1.18695310382 3268.556693345
0.00000000053 3.76957096107 14481.205498902
0.00000000052 4.72089853524 6812.766815086
0.00000000054 1.09546286956 18849.2275499742
0.00000000059 0.84746741291 5223.6939198022
0.00000000052 1.21145236574 4885.9664096786
0.00000000072 2.61949743639 3339.1279539915
0.00000000072 0.36267682866 3342.0968994081
0.00000000051 1.67605837812 45486.81875903279
0.00000000056 3.58453638929 8742.0427074714
0.00000000051 0.67722361596 16328.72425753579
0.00000000056 3.08675956518 38252.0245027908
0.00000000051 6.16661497571 12410.7313005486
0.00000000051 2.81432959139 8226.5788363784
0.00000000054 3.63357334815 2735.762685995
0.00000000050 4.57016485329 37895.4262903674
0.00000000052 0.45515480683 24491.4257925834
0.00000000061 4.37761588455 2655.501062171
0.00000000059 5.82888387525 12516.366872048
0.00000000050 1.66655026369 1727.6610936682
0.00000000066 5.34326577091 24889.5747959916
0.00000000050 0.17458517639 39048.3225096072
0.00000000050 3.27629040044 3564.9572224017
0.00000000054 1.32205785496 20426.571092422
0.00000000049 2.48409394399 20597.2439630412
0.00000000049 4.63364250237 24341.5283174566
0.00000000050 3.76507954507 3742.284548457
0.00000000048 1.55434770619 1883.0814931024
0.00000000049 3.03989562226 55516.4187098482
0.00000000061 3.94494596275 19617.07636932279
0.00000000048 1.52458359680 19190.4781784468
0.00000000058 5.44186494913 6850.8050365326
0.00000000048 1.96356727887 32765.2466596158
0.00000000047 2.93243058228 33163.395663024
0.00000000048 4.86897928188 10191.4174632324
0.00000000051 4.70671034765 5749.8617665478
0.00000000048 3.54075354094 8186.5126624926
0.00000000056 3.12983717848 21265.5231265202
0.00000000047 0.77055080600 11876.469585734
0.00000000047 5.80552800681 2257.3520587628
0.00000000047 0.45636881038 17412.0519357756
0.00000000046 4.54640434990 16865.5287696312
0.00000000052 0.28783495350 1971.9521738548
0.00000000046 1.52797216731 44768.0994098786
0.00000000051 4.39123984507 5408.5438277724
0.00000000064 3.04718021414 1329.51209026
0.00000000049 4.82698586048 41194.4879260824
0.00000000046 0.27726411537 1795.258443721
0.00000000055 4.04641676667 4403.517475238
0.00000000048 0.33955507055 14955.045720432
0.00000000059 2.13527332496 4289.7880356696
0.00000000048 1.20681354241 7799.9806455024
0.00000000048 0.93062224202 1859.2030553546
0.00000000052 2.17634391560 2963.238818784
0.00000000052 0.80583034945 3717.9860346156
0.00000000055 5.22964407608 41236.0387170672
0.00000000060 5.46859138107 10184.3039162316
0.00000000054 1.04311727476 1055.8588118402
0.00000000045 3.15304645241 3973.396166013
0.00000000046 0.11011885467 5881.4037282342
0.00000000044 5.80928344240 3436.5916539176
0.00000000044 3.45607612983 3244.633199482
0.00000000045 4.67010491199 1265.5674786264
0.00000000044 6.06741551089 17499.3601403154
0.00000000045 2.74401480845 16063.164847185
0.00000000043 5.89567366882 97670.38771289718
0.00000000059 5.12096194189 2523.9591004846
0.00000000053 0.56190542057 8336.7851575978
0.00000000046 1.93691391876 48827.4311857326
0.00000000043 5.31424179395 12199.9750023914
0.00000000045 1.21490188964 15849.865751747
0.00000000054 4.78336772882 46283.11676584919
0.00000000046 1.35241852548 9175.7544453482
0.00000000042 5.91236045456 12729.665967486
0.00000000043 1.90861231305 8123.4860621598
0.00000000046 1.99777333547 2324.9494088156
0.00000000043 0.22627419016 3826.5844794894
0.00000000043 2.75590007489 2854.6403739102
0.00000000042 3.52116061372 15106.8756912144
0.00000000042 0.81055569531 2651.977943822
0.00000000048 1.95445508213 12825.6451947038
0.00000000052 5.96852999978 6666.997759398
0.00000000041 5.80749281310 28230.18722269139
0.00000000041 0.71986367040 3385.26625994
0.00000000041 2.26231059465 3295.9585934596
0.00000000043 3.41912327203 46681.2657692574
0.00000000040 1.93891342372 20728.71861442479
0.00000000044 0.93617830235 29698.2875113358
0.00000000052 4.86200797685 3382.1632176846
0.00000000052 4.40335159538 3299.061635715
0.00000000041 3.51246679511 4670.1245169598
0.00000000055 4.06333971351 11527.1250891924
0.00000000046 3.58080161750 19247.3765533824
0.00000000049 3.97694940593 17660.303464057
0.00000000039 3.67004654616 742.9900605326
0.00000000041 5.43088708578 14469.588512484
0.00000000049 4.88920858356 4025.7237912286
0.00000000052 4.89208735007 1854.6323056346
0.00000000040 0.34615539895 22487.3716928416
0.00000000039 4.73492562151 36105.8590863156
0.00000000048 5.93890351626 17810.2009391838
0.00000000052 2.35533747956 1461.0540519464
0.00000000045 1.15223938219 3966.2826190122
0.00000000045 1.82993488286 2714.9422343874
0.00000000039 3.39974448088 2714.9872905026
0.00000000038 0.95007899496 3017.1070100424
0.00000000041 0.93833632650 29580.05463235019
0.00000000040 5.63094433725 3945.4621674046
0.00000000039 1.83440091550 5511.636601991
0.00000000038 0.92745494032 19683.5637782372
0.00000000037 2.01049423891 24093.2767891752
0.00000000037 3.25942117402 34115.1140692746
0.00000000038 3.03103285294 1484.9324896942
0.00000000036 4.01044559220 2089.782230399
0.00000000048 4.51776273502 3337.021998048
0.00000000050 3.78005099607 526.1678467456
0.00000000037 5.37456678141 9384.8410080752
0.00000000049 1.45163270526 19406.6782881746
0.00000000041 4.75007748416 7788.3636590844
0.00000000049 0.82675139376 10787.6303445458
0.00000000036 2.23324188355 3762.6398678558
0.00000000036 0.74893238150 2918.5849855438
0.00000000046 4.61984768217 33716.9650658664
0.00000000036 2.78855553852 4555.4147563232
0.00000000035 5.14747937595 38086.874556479
0.00000000046 0.18369837651 12995.2253778368
0.00000000039 4.40871687727 3337.1566186536
0.00000000039 1.71505004137 3344.068234746
0.00000000035 2.98972560975 1685.0521225016
0.00000000042 2.75958322656 20235.1228263104
0.00000000038 0.87453118322 3070.482266629
0.00000000038 2.10764308183 3610.7425867706
0.00000000035 0.28028637947 4716.3862265456
0.00000000036 3.71936683570 6644.6194880954
0.00000000034 0.98572990463 7483.5887758458
0.00000000034 2.54855926411 17013.9029323674
0.00000000035 4.67041494149 15010.8964639966
0.00000000039 3.55482379885 11567.1912630782
0.00000000034 2.21874368771 35066.8324755252
0.00000000034 3.41493668202 13355.3361597984
0.00000000035 2.19172942691 24076.4445881254
0.00000000038 2.60968429334 38407.44490222499
0.00000000034 6.10754117263 3370.49447031
0.00000000034 3.15781839960 3310.7303830896
0.00000000034 3.37432102293 35863.1304823416
0.00000000034 2.23479435038 27433.88921587499
0.00000000033 0.02993950047 12502.1397780464
0.00000000036 2.64058681926 12082.6551341712
0.00000000034 1.60125162195 16702.9948231962
0.00000000033 4.31458198768 14164.8136292454
0.00000000033 1.25769705892 3723.4917052708
0.00000000033 1.72447720613 2957.7331481288
0.00000000045 4.14510215726 4157.26575291499
0.00000000036 2.71350040422 25685.872802808
0.00000000033 1.50589018147 7447.017917846
0.00000000041 3.99160574782 13532.0298899322
0.00000000032 3.45719416276 4423.8727946368
0.00000000035 1.62135425259 36261.2794857498
0.00000000032 4.56663489191 1197.9701285736
0.00000000032 2.17440447339 4029.2469095776
0.00000000035 0.39535447916 16335.8378045366
0.00000000033 4.72062621160 48300.16010269
0.00000000034 5.01181553881 8329.671610597
0.00000000042 3.79728412833 12979.553174576
0.00000000031 3.59075365022 3101.4069410748
0.00000000031 5.67460592201 3579.8179123248
0.00000000043 0.82862094100 27832.0382192832
0.00000000034 4.39751248435 41349.90832551659
0.00000000043 5.43675272730 13524.9163429314
0.00000000031 2.07097435521 13605.1783107732
0.00000000037 2.07977700827 39601.8919124496
0.00000000035 4.56839370692 21393.5419698576
0.00000000033 0.82205966845 31405.6497030794
0.00000000039 2.12497217177 27490.6924780448
0.00000000030 3.44459112109 32769.1279949738
0.00000000034 2.17000850508 17932.0242468212
0.00000000035 5.88545521905 8013.2797409404
0.00000000030 0.12554648686 9918.7445058808
0.00000000030 2.43888170119 14577.1847261198
0.00000000040 0.81846047046 25827.9841195414
0.00000000031 4.29031124486 16872.642316632
0.00000000029 5.30776430092 51371.74560561599
0.00000000032 3.68482314695 37455.7264959744
0.00000000031 5.07041841878 20995.3929664494
0.00000000039 0.37839660841 49225.5801891408
0.00000000040 4.64409927989 3524.48201360179
0.00000000040 4.62126029234 3156.7428397978
0.00000000029 4.08340266458 13002.3389248376
0.00000000030 5.88423372643 3966.237562897
0.00000000029 3.75228066304 27035.7402124668
0.00000000031 3.28649465397 9072.6616711296
0.00000000034 4.02588507696 39203.74290904139
0.00000000031 2.79021094717 6836.577942531
0.00000000031 2.80265827190 32522.5180556418
0.00000000030 5.02614281951 48031.1331789162
0.00000000035 5.83659262134 52175.8062831484
0.00000000030 2.21054451262 17232.7530985936
0.00000000029 4.31668048941 13517.8027959306
0.00000000036 4.88412474614 13673.2905056676
0.00000000029 4.73853919399 20206.141196331
0.00000000038 4.73546246413 44690.52075221639
0.00000000028 1.14267246129 4953.5637597314
0.00000000028 4.59940622354 27682.1407441564
0.00000000037 1.43444323103 20752.6643624754
0.00000000029 2.04719144598 4822.021798045
0.00000000032 4.95467699991 4503.0871311076
0.00000000035 6.09811364462 5351.7127631396
0.00000000028 1.88347587403 5835.1420186484
0.00000000032 4.75015473737 33561.5446664322
0.00000000028 4.73177992569 21000.9158907568
0.00000000032 1.13197722780 6830.7880505342
0.00000000028 1.79662683475 38813.3565763492
0.00000000035 3.61429802237 3303.6168360888
0.00000000035 5.65106154986 3377.6080173108
0.00000000028 5.46343987576 3348.3750974158
0.00000000028 3.80191969647 3332.8497559838
0.00000000029 1.90513835738 41990.7859328988
0.00000000028 5.47234972246 7345.9808985296
0.00000000030 4.27109031036 30376.3526391666
0.00000000031 0.45001645109 23937.856389741
0.00000000032 0.28043081427 36659.428489158
0.00000000027 2.52697440495 7534.4212351516
0.00000000028 2.02156853747 3517.3061568336
0.00000000028 0.96060572758 3163.918696566