-0.01427324210 0.0 0.0
0.00551063753 3.52128320402 6681.2248533996
0.00077091913 3.86082685753 10021.8372800994
0.00037310491 1.16016958445 3340.6124266998
0.00009582122 4.19942354479 13362.4497067992
0.00002617695 1.47284555520 3337.0893083508
0.00002611572 4.65030772498 3344.1355450488
0.00001162955 4.53778503576 16703.062133499
0.00000900678 1.74256260709 1059.3819301892
0.00000431990 1.20122419783 2942.4634232916
0.00000389982 4.38779713561 5621.8429232104
0.00000380122 4.93073729444 3738.761430108
0.00000394355 4.91119397796 6684.7479717486
0.00000336661 3.63990879619 3149.1641605882
0.00000333604 0.88647104051 3185.1920272656
0.00000318324 2.48122345477 3532.0606928114
0.00000316743 5.23316524269 3496.032826134
0.00000311468 2.66149474204 2544.3144198834
0.00000283006 3.01270555394 796.2980068164
0.00000259715 3.45285007540 4136.9104335162
0.00000204277 1.62196956205 1194.4470102246
0.00000140506 4.87611060370 20043.6745601988
0.00000159094 2.00474963161 1589.0728952838
0.00000133054 3.06497749499 5884.9268465832
0.00000132221 2.12903733409 4399.994356889
0.00000126748 1.25031299906 6677.7017350506
0.00000103023 4.48653117588 5486.777843175
0.00000128526 0.22328095820 1592.5960136328
0.00000101352 3.97061208738 3339.6321056316
0.00000101253 2.15203295056 3341.592747768
0.00000090029 4.30631925657 3870.3033917944
0.00000083977 5.10438299040 1990.745017041
0.00000079143 2.34466378410 426.598190876
0.00000078865 3.69323302292 2146.1654164752
0.00000077132 5.35293989072 7079.3738568078
0.00000081297 4.10751911033 5092.1519581158
0.00000063835 3.70028305724 2388.8940204492
0.00000057287 5.21462580599 10025.3603984484
0.00000056119 0.33784373101 3097.88382272579
0.00000069177 5.81634207831 5088.6288397668
0.00000075448 2.03864215811 4535.0594369244
0.00000055487 5.92856755611 9492.1463150048
0.00000052915 5.76012128769 3583.3410306738
0.00000070493 2.29434635167 2787.0430238574
0.00000050121 0.89975887576 4690.4798363586
0.00000056817 4.97137861156 7.1135470008
0.00000054006 1.17848219667 2957.7158944766
0.00000049131 6.22165192434 191.4482661116
0.00000049195 0.93502149184 6681.2075997474
0.00000057046 3.78172576129 3894.1818295422
0.00000043884 2.32328576357 4292.3308329504
0.00000049195 2.96579325551 6681.2421070518
0.00000046747 4.90372286627 3723.508958923
0.00000053525 2.72772193635 155.4203994342
0.00000047371 4.07058844113 6489.776587288
0.00000037259 4.77560729076 3553.9115221378
0.00000036147 1.35491513022 3127.3133312618
0.00000035282 1.23254843453 6525.8044539654
0.00000033179 3.51707222671 3333.498879699
0.00000034809 4.18192362595 1748.016413067
0.00000039091 3.80640955175 7477.522860216
0.00000029410 3.77101802200 6254.6266625236
0.00000030407 5.07104519098 1349.8674096588
0.00000027239 1.35659219412 553.5694028424
0.00000027517 2.17565128432 12303.06777661
0.00000027442 0.62028270680 4933.2084403326
0.00000028052 2.66985509990 3347.7259737006
0.00000025853 1.75047537209 2810.9214616052
0.00000027323 0.02095781900 951.7184062506
0.00000024444 4.65604652875 1066.49547719
0.00000029191 1.08806577148 639.897286314
0.00000021261 2.27370365360 4929.6853219836
0.00000023424 2.34960187821 382.8965322232
0.00000024778 2.29327452220 2118.7638603784
0.00000018679 5.30877056453 242.728603974
0.00000018299 5.31873037196 9623.6882766912
0.00000017050 0.73617668321 3320.257107301
0.00000016932 5.38596885509 3360.96774609859
0.00000016989 5.21435353899 23384.2869868986
0.00000016202 5.29675788446 6681.1575430968
0.00000015998 5.16249823288 1052.2683831884
0.00000017035 1.13076170583 6674.1113063988
0.00000014564 0.35017458981 10018.3141617504
0.00000016726 5.37963018761 7210.9158184942
0.00000017704 2.46673313442 7740.6067835888
0.00000016030 2.67705196127 3325.3599555148
0.00000015941 3.44411402721 3355.8648978848
0.00000016202 4.88823057997 6681.2921637024
0.00000013784 6.26149521160 12832.7587417046
0.00000012927 4.16022928360 2281.2304965106
0.00000016504 3.81227944624 4562.4609930212
0.00000014766 2.06347095335 2274.1169495098
0.00000012471 2.52252246459 6682.2051744678
0.00000012672 5.48550960002 5331.3574437408
0.00000013354 1.61202229522 2288.3440435114
0.00000013054 2.91942689347 3767.2106175758
0.00000010891 0.68185023633 6438.4962494256
0.00000010802 6.26800346088 529.6909650946
0.00000011971 0.35152568832 536.8045120954
0.00000011249 0.90083527171 522.5774180938
0.00000010294 2.38590207291 7875.6718636242
0.00000009941 5.46223635331 398.1490034082
0.00000010388 1.43082762360 5614.7293762096
0.00000012500 5.71657132706 10419.9862835076
0.00000010337 3.30570903459 10021.8545337516
0.00000009227 5.18749993680 6836.6452528338
0.00000008846 6.25668148581 3205.5473466644
0.00000011308 5.02952138409 6041.3275670856
0.00000008356 6.14980327580 3475.6775067352
0.00000010337 1.27493070103 10021.8200264472
0.00000007741 5.02756320298 1751.539531416
0.00000007737 5.74646451299 2700.7151403858
0.00000008096 5.53364318065 13365.9728251482
0.00000007402 2.50809887388 15643.6802033098
0.00000007789 2.64751868576 6127.6554505572
0.00000007616 3.55216836649 6151.533888305
0.00000006888 0.93821376086 5628.9564702112
0.00000006653 3.04079800434 3178.1457905676
0.00000006214 1.52971949909 6298.3283211764
0.00000006257 3.08467357092 3503.079062832
0.00000006358 4.02054439730 3316.733988952
0.00000007832 4.06330977332 5729.506447149
0.00000006311 2.10530552076 3364.4908644476
0.00000006743 4.45650314997 9830.3890139878
0.00000005783 4.93861223005 213.299095438
0.00000007061 3.40544179657 8962.4553499102
0.00000007288 5.34922729060 6894.5239488376
0.00000006005 0.07486054185 853.196381752
0.00000005569 4.14856676480 10818.1352869158
0.00000005114 5.13541858012 8031.0922630584
0.00000005536 2.55163508803 1758.6530784168
0.00000005305 2.64975260653 2648.454825473
0.00000006551 4.25238620522 6680.2445323314
0.00000005494 6.10090252680 6923.9534573736
0.00000004643 1.64332559992 7234.794256242
0.00000005078 4.68151022722 1596.1864422846
0.00000004842 5.16943706039 6158.6474353058
0.00000004542 2.44702860525 7064.1213856228
0.00000005003 2.03413689759 433.7117378768
0.00000004336 5.65658515228 12964.300703391
0.00000004779 5.76036610082 6144.4203413042
0.00000004652 2.63332997018 2914.0142358238
0.00000004580 1.41608119487 5085.038411115
0.00000003970 5.05439636873 3312.163239232
0.00000005474 0.24241650562 7632.9432596502
0.00000004214 3.49717782339 4032.7700279266
0.00000003894 1.06212840662 3369.0616141676
0.00000003817 3.90998982450 640.8776073822
0.00000003721 3.02454190848 3346.1353510072
0.00000003720 3.09809824482 3335.0895023924
0.00000004799 3.06592497293 6688.3384004004
0.00000004128 1.57312639696 9866.4168806652
0.00000003556 0.96329089902 8273.8208670324
0.00000003629 5.96999972361 3304.5845600224
0.00000003622 4.42683813801 1581.959348283
0.00000003577 0.15378568235 3376.6402933772
0.00000004442 2.50701068861 11773.3768115154
0.00000003832 1.42518467938 8969.568896911
0.00000003410 5.22584770856 10021.9045904022
0.00000004071 1.88545339582 3863.1898447936
0.00000003884 1.89998927465 8955.3418029094
0.00000004357 4.12849233981 2818.035008606
0.00000003574 2.44194831685 1744.4259844152
0.00000003245 5.21748676321 149.5631971346
0.00000003156 1.61783457949 3980.5097130138
0.00000003130 3.88131318196 3344.4937620578
0.00000003117 2.24732563525 3336.7310913418
0.00000003400 5.63288877479 10021.7699697966
0.00000003019 2.47972483962 419.4846438752
0.00000003128 3.75424825002 8432.7643848156
0.00000003010 5.98032518225 10551.528245194
0.00000003084 0.21639027416 13358.9265884502
0.00000002934 0.51109476282 2487.4160449478
0.00000002876 2.58450457222 8270.2977486834
0.00000003502 1.28355216461 5099.2655051166
0.00000003129 2.49440075955 5459.3762870782
0.00000003208 1.56658459531 2699.7348193176
0.00000002528 4.21676297033 3333.5661900018
0.00000003353 2.01774997575 9225.539273283
0.00000002447 4.92763323216 2766.267628365
0.00000002993 4.34648489293 3981.490034082
0.00000002323 5.60449935667 9381.9399937854
0.00000002315 3.69144185016 8429.2412664666
0.00000002186 5.03043655370 4407.1079038898
0.00000002333 3.51432934451 8827.3902698748
0.00000002510 0.31296140818 16173.3711684044
0.00000002391 5.51442084031 9808.5381846614
0.00000002153 6.04353805522 1221.8485663214
0.00000002428 2.80037448528 11081.2192102886
0.00000002711 5.83797793809 5828.0284716476
0.00000002751 2.14536436215 6467.9257579616
0.00000002111 2.06365035238 15113.9892382152
0.00000002486 0.24395631995 6283.0758499914
0.00000001887 4.88255979507 76.2660712756
0.00000001842 1.21823822975 1692.1656695024
0.00000002114 1.63888168497 3347.6586633978
0.00000001862 6.06481817113 13760.5987102074
0.00000001717 3.64496480459 13362.4669604514
0.00000001744 0.22355971935 6816.289933435
0.00000001781 0.87193778743 6660.4494579072
0.00000001717 1.61419317923 13362.432453147
0.00000001771 0.59857555923 10973.55568635
0.00000001856 1.06629718188 3914.9572250346
0.00000001668 0.60430699219 3340.629680352
0.00000001738 2.07820814390 3281.2385647862
0.00000001612 5.64202929021 3.523118349
0.00000002059 5.55274042469 26724.8994135984
0.00000002154 0.15347526650 6872.6731195112
0.00000001831 4.08960877991 6247.5131155228
0.00000001814 3.79433881585 220.4126424388
0.00000001698 4.04559929798 3399.9862886134
0.00000001668 4.85673659823 3340.5951730476
0.00000001533 1.46147125549 3877.4169387952
0.00000001638 1.96384800147 6040.3472460174
0.00000001500 4.88545461881 574.3447983348
0.00000001628 2.88073838002 10022.8176011676
0.00000001499 4.57008817883 206.1855484372
0.00000001807 3.79979610143 6696.4773245846
0.00000001592 4.82870996320 2921.1277828246
0.00000001767 1.07911448965 6660.8695340008
0.00000001540 2.31576232583 8439.8779318164
0.00000001378 2.72606150117 11216.284290324
0.00000001685 3.32579486669 7107.8230442756
0.00000001849 2.11621487275 10575.4066829418
0.00000001360 0.70553844479 3074.005384978
0.00000001302 2.98694021349 6665.9723822146
0.00000001305 5.68793695675 6701.5801727984
0.00000001584 5.82704739199 8671.9698704406
0.00000001529 5.28219831652 3546.797975137
0.00000001498 1.47147884583 10014.7237330986
0.00000001231 2.92458380429 1228.9621133222
0.00000001494 0.80790809310 3134.4268782626
0.00000001411 2.84106148241 18984.2926300096
0.00000001219 5.41837474083 3607.2194684216
0.00000001195 5.80939850807 3361.3878221922
0.00000001122 5.95969052898 110.2063212194
0.00000001159 5.00834942258 11371.7046897582
0.00000001161 0.30017004686 3319.8370312074
0.00000001108 1.71153266675 12935.8515159232
0.00000001503 3.03363878314 6702.000248892
0.00000001157 5.78852492425 10235.1363755374
0.00000001089 0.71433907378 3169.9395560806
0.00000001068 2.16721753485 6684.8152820514
0.00000001093 0.92444199357 6531.661656265
0.00000001373 2.53168716711 1039.0266107904
0.00000001415 1.04970568569 647.0108333148
0.00000001037 1.46452965647 4555.3474460204
0.00000001104 1.77456576036 4569.574540022
0.00000001029 3.75910353418 6261.7402095244
0.00000001002 0.43098035565 9779.1086761254
0.00000001020 5.40929385267 3511.285297319
0.00000001063 1.72982874710 6677.6344247478
0.00000001245 4.07589616535 10177.2576795336
0.00000000993 2.20093983157 8425.6508378148
0.00000000938 4.81919246949 4989.0591838972
0.00000000922 2.99264828336 9468.267877257
0.00000000918 4.81951639068 13171.0014406876
0.00000000889 4.77878515126 3561.0250691386
0.00000000887 0.78830636358 3760.097070575
0.00000000998 3.90126093816 11769.8536931664
0.00000000874 0.12089365253 956.2891559706
0.00000001056 4.56585915944 2906.900688823
0.00000000928 4.41590375701 9070.1188738488
0.00000000840 4.83825664806 2125.8774073792
0.00000000880 0.90436253322 3313.210870603
0.00000001010 5.75999052682 3253.30422216
0.00000000870 5.21940713846 3368.0139827966
0.00000000967 2.95682389977 9595.2390892234
0.00000000825 4.16526325583 1861.7458526354
0.00000000819 1.28139939096 3120.199784261
0.00000000812 0.30945449993 9168.6408983474
0.00000000974 0.36385416352 3427.9206312396
0.00000001092 4.03195323532 2803.8079146044
0.00000001121 5.85882470690 16706.585251848
0.00000000757 4.49953469679 14158.7477136156
0.00000000744 1.14486727666 3443.7052009184
0.00000000769 1.88091883970 9638.9407478762
0.00000000727 2.52800596414 10404.7338123226
0.00000000800 3.22072343557 6518.7582172674
0.00000000725 1.60568151338 6475.0393049624
0.00000000730 1.45023184025 6709.6740408674
0.00000000782 1.30886254759 632.7837393132
0.00000000794 5.99496548901 16304.9131300908
0.00000000750 4.51007684915 3296.8935143948
0.00000000688 3.43319222752 10028.9508271002
0.00000000737 1.61370530514 3384.3313390048
0.00000000646 4.99729356736 3237.5196524812
0.00000000674 1.39940720264 2807.3983432562
0.00000000845 5.55182215578 9499.2598620056
0.00000000627 5.82304741654 13149.1506113612
0.00000000629 2.87628485086 1214.7350193206
0.00000000687 4.23661989758 13517.8701062334
0.00000000630 1.23559488085 6604.958782124
0.00000000710 2.32420903412 6460.8122109608
0.00000000701 5.09953279615 3311.18291816379
0.00000000701 1.02423412249 3370.0419352358
0.00000000608 4.60746109269 949.1756089698
0.00000000596 1.14907377568 12566.1516999828
0.00000000716 1.82681889911 12310.1813236108
0.00000000633 0.43972121001 692.1576012268
0.00000000576 2.64908131601 13916.0191096416
0.00000000646 4.20443037448 2111.6503133776
0.00000000544 0.40037320261 16699.53901514999
0.00000000548 2.52376915314 3340.6797370026
0.00000000539 3.72942723734 2178.137722292
0.00000000623 0.15818615271 10264.5658840734
0.00000000539 5.53271145759 3490.1756238344
0.00000000557 5.56701497497 13362.517017102
0.00000000563 1.10897333902 1437.1756141986
0.00000000536 5.69295314880 2693.601593385
0.00000000647 5.65118044969 4392.8808098882
0.00000000530 4.63403553551 1375.7737998458
0.00000000538 4.72229720906 3873.8265101434
0.00000000584 0.55159339980 4193.8088084518
0.00000000630 2.13231136184 11243.6858464208
0.00000000505 6.09305482682 9485.032768004
0.00000000501 1.36918398108 224.3447957019
0.00000000669 5.22911771220 2707.8286873866
0.00000000670 4.37490154824 6657.3464156518
0.00000000491 2.60376575150 3774.3241645766
0.00000000513 3.36932239157 3232.9489027612
0.00000000590 4.86990668927 6034.2140200848
0.00000000577 2.26728370057 18454.601664915
0.00000000613 2.82948093577 5989.0672521728
0.00000000535 3.23990732356 5642.1982426092
0.00000000492 2.75437635016 3448.2759506384
0.00000000477 2.98529100201 6843.6914895318
0.00000000483 2.08187058985 12295.9542296092
0.00000000463 6.10084466162 3229.4257844122
0.00000000506 2.38698988700 2301.58581590939
0.00000000540 3.87479718518 7903.073419721
0.00000000446 4.30997409674 6048.4411140864
0.00000000444 2.38797656832 6705.1032911474
0.00000000443 0.02289876855 3451.7990689874
0.00000000530 5.18892175358 7255.5696517344
0.00000000557 5.97553834508 13362.3823964964
0.00000000548 2.93176743519 3340.545116397
0.00000000494 1.91461298039 13207.029307365
0.00000000402 0.14917407616 6571.0185321802
0.00000000413 2.77393455325 8799.988713778
0.00000000488 1.41120383831 2221.856634597
0.00000000398 1.17032491098 7895.9598727202
0.00000000421 2.92811239290 4379.6390374902
0.00000000419 0.51900494769 135.0650800354
0.00000000472 5.05179451193 4936.7988689844
0.00000000515 5.86680894517 13119.72110282519
0.00000000515 3.61483236959 6675.7019290922
0.00000000407 5.97123577955 3289.33208883739
0.00000000407 0.15253113909 3391.89276456221
0.00000000474 0.17715160287 13892.1406718938
0.00000000385 5.77663237032 10596.1820784342
0.00000000366 6.20989798780 2384.3232707292
0.00000000384 4.23498307074 6685.1061887576
0.00000000425 1.30634943039 11614.4332937322
0.00000000370 6.07331404337 3274.1250177854
0.00000000361 0.89534079814 12721.572099417
0.00000000400 4.53551800839 9588.1255422226
0.00000000360 0.05053136141 3407.0998356142
0.00000000453 0.52827133920 3113.1362939108
0.00000000338 0.67656842155 9380.9596727172
0.00000000337 3.00609814338 15.252471185
0.00000000422 0.62250110261 19513.9835951042
0.00000000353 2.87159892794 20.3553193988
0.00000000373 4.44069988433 10020.8569590312
0.00000000375 2.90507995378 11610.9101753832
0.00000000318 6.01470564020 5724.935697429
0.00000000335 2.98604214434 2938.9403049426
0.00000000374 2.47243769504 3415.3940252671
0.00000000340 2.07425079531 7321.1221397136
0.00000000328 6.22461934829 16460.33352952499
0.00000000369 2.13551229622 14584.2982731206
0.00000000412 5.59494780647 3568.0885594888
0.00000000310 3.13767541137 14421.8316369884
0.00000000330 0.49540756155 3318.7615973734
0.00000000330 5.62835935709 3362.4632560262
0.00000000350 4.05599588288 9602.3526362242
0.00000000329 3.37223997989 10042.6126755918
0.00000000313 3.98991353862 323.5054166574
0.00000000340 3.21395005886 22324.9050567094
0.00000000352 0.51052280975 263.0839233728
0.00000000390 0.53675687816 6717.252720077
0.00000000298 5.27506560855 3416.8784979754
0.00000000387 3.10555839309 7373.3824546264
0.00000000291 6.25952120602 6645.1969867222
0.00000000293 2.11849465997 2675.8563815698
0.00000000346 3.68559919908 3265.8308281325
0.00000000282 1.51830354780 5732.0492444298
0.00000000304 2.34810025389 7203.8022714934
0.00000000280 0.05535474901 3397.5108016354
0.00000000280 6.06841216963 3283.7140517642
0.00000000338 4.73513321530 4459.3682188026
0.00000000280 1.83816934995 6688.2710900976
0.00000000268 1.68224981136 11766.2632645146
0.00000000271 2.02912231281 11780.4903585162
0.00000000363 1.22201726104 10001.061884607
0.00000000265 1.44919316453 7910.1869667218
0.00000000274 0.01061104159 13936.794505134
0.00000000357 1.63911041022 1162.4747044078
0.00000000259 1.56009469393 5032.7780962022
0.00000000253 0.12054819282 17101.2111369072
0.00000000253 1.95240011543 16703.0448798468
0.00000000253 5.79374784837 6947.8318951214
0.00000000278 4.67472382984 7322.1024607818
0.00000000282 0.09141768691 860.3099287528
0.00000000252 4.72342010347 533.2140834436
0.00000000322 0.95155923546 162.4666361322
0.00000000253 3.98317215792 16703.07938715119
0.00000000243 4.59637992289 5244.049239201
0.00000000246 1.15950003329 3304.0070613956
0.00000000246 4.96426688535 3377.217792004
0.00000000246 2.02033156272 16276.463942623
0.00000000235 4.67612716033 16858.4825329332
0.00000000239 1.58157022935 5305.4510535538
0.00000000225 2.07472210939 10018.2468514476
0.00000000248 2.91218176275 2075.0449480734
0.00000000284 0.56682884608 10156.9023601348
0.00000000272 5.85412476416 14712.317116458
0.00000000226 2.11036808486 4039.8835749274
0.00000000243 5.89092212082 30065.5118402982
0.00000000218 1.77859119613 3029.7716278314
0.00000000230 0.86938411789 103.0927742186
0.00000000221 4.00610570086 4005.3684718298
0.00000000216 2.67268933641 15664.03552270859
0.00000000228 1.42035440998 17924.9106998204
0.00000000224 2.50666934513 10025.4277087512
0.00000000216 4.14679941286 10037.0897512844
0.00000000213 3.70755457019 10448.4354709754
0.00000000211 2.33158804950 6944.3087767724
0.00000000215 2.61875466736 3212.5935833624
0.00000000222 2.20339233927 12323.4230960088
0.00000000222 0.48962551079 14314.1681130498
0.00000000288 1.38313040903 16062.1845261168
0.00000000234 5.47802199777 3185.2593375684
0.00000000215 5.96415874701 23.8784377478
0.00000000213 1.54853404609 1545.3539829788
0.00000000201 5.99546009327 1835.3246176068
0.00000000198 4.93753556250 6578.132079181
0.00000000222 0.61578505780 3495.9655158312
0.00000000204 3.50489963320 3468.6312700372
0.00000000213 5.38883317666 7747.7203305896
0.00000000209 3.74698259846 3230.4061054804
0.00000000195 3.20214800961 1903.4368125012
0.00000000193 4.34393649097 3651.4532255682
0.00000000242 2.25789470004 6621.850991486
0.00000000190 0.52807642845 2480.302497947
0.00000000182 3.98767129842 8542.970706035
0.00000000200 2.50870443352 6677.3435180416
0.00000000249 3.21268045476 699.2711482276
0.00000000202 6.20004176432 12012.5822971404
0.00000000205 6.27860457332 2945.9865416406
0.00000000183 5.82529586360 15508.6151232744
0.00000000222 1.76032428059 8982.810669309
0.00000000239 5.27791146118 6106.8800550648
0.00000000200 1.41969751355 10001.48196070061
0.00000000171 2.86664255530 6756.0064519669
0.00000000174 1.67207569825 6418.1409300268
0.00000000182 5.80987770417 6887.4104018368
0.00000000171 5.86062733644 5618.3198048614
0.00000000170 4.73099425239 6456.8800576977
0.00000000168 6.18245369751 13575.7488022372
0.00000000184 2.36721526307 7218.029365495
0.00000000166 2.25679462872 15650.7937503106
0.00000000212 3.23189207115 13363.4300278674
0.00000000169 5.08935042454 2655.5683724738
0.00000000168 6.08539442812 7314.0085927128
0.00000000159 1.06451661811 2008.557539159
0.00000000177 3.64016669145 6686.747777707
0.00000000156 1.91880783576 19402.7969528166
0.00000000192 1.70878546664 2751.5475996916
0.00000000153 3.28724376065 3347.2960905739
0.00000000153 2.83652315799 3333.9287628257
0.00000000154 0.41279284728 3499.555944483
0.00000000169 0.15684943582 19645.5255567906
0.00000000167 3.08668060635 931.3630868518
0.00000000195 5.14066365776 6546.1597733642
0.00000000183 4.39590374650 1332.0548875408
0.00000000186 1.43141139959 4025.6564809258
0.00000000158 3.03919160267 14556.8967170238
0.00000000143 3.74906711980 13553.8979729108
0.00000000171 2.92431770122 1062.9050485382
0.00000000140 2.99678875427 8584.6616659008
0.00000000150 5.75275864312 735.8765135318
0.00000000148 1.43175701702 3053.6500655792
0.00000000189 2.84693993450 2409.249339848
0.00000000140 5.61689203595 6691.8615187494
0.00000000135 2.53133290785 2604.735913168
0.00000000135 3.59243401079 4076.4889402316
0.00000000175 4.87680231442 20.7753954924
0.00000000177 0.10410066671 8958.9322315612
0.00000000178 3.44819299296 2284.7536148596
0.00000000131 0.64621084098 3191.0492295652
0.00000000177 4.22515628202 4672.6673142406
0.00000000131 2.84299146166 11670.2840372968
0.00000000133 4.52679079571 18606.4989460002
0.00000000136 5.45594231263 9374.8264467846
0.00000000133 5.74550598907 5195.2447323344
0.00000000169 1.71248734234 14.2270940016
0.00000000175 3.29046570107 8965.9784682592
0.00000000161 6.02169024946 2494.5295919486
0.00000000138 6.18657392368 20047.1976785478
0.00000000128 3.58997483094 8859.3625756916
0.00000000126 3.21322516874 6148.010769956
0.00000000151 2.93942995560 3077.528503327
0.00000000133 5.83386254701 12839.8722887054
0.00000000137 4.24430027174 6674.1786167016
0.00000000169 4.97651092293 9389.0535407862
0.00000000132 4.07654693615 15265.8865193004
0.00000000165 3.26928756084 19004.6479494084
0.00000000146 0.52279831791 3397.4156888696
0.00000000146 5.60096860073 3283.80916453
0.00000000153 4.43481405976 3929.677253708
0.00000000145 3.13103384589 13745.3462390224
0.00000000133 4.69278266341 3627.57478782039
0.00000000165 1.99476868352 3450.8187479192
0.00000000124 6.11670347030 6593.9166488598
0.00000000123 0.40352769609 1485.9801210652
0.00000000146 2.76891699205 1478.8665740644
0.00000000117 0.91596190605 3337.106562003
0.00000000117 2.06621235900 3344.11829139661
0.00000000120 0.73600487058 14054.607308026
0.00000000147 1.07606700174 6510.5519827804
0.00000000117 4.09698399049 3344.152798701
0.00000000117 5.16837558174 3337.0720546986
0.00000000118 4.20346162229 9886.772200064
0.00000000157 5.69136299054 5820.9149246468
0.00000000158 4.02596829239 1648.4467571974
0.00000000154 0.46704906665 3133.9116894032
0.00000000118 3.61740536581 169.580183133
0.00000000118 4.79097648197 3317.8439300904
0.00000000118 1.33279043667 3363.3809233092
0.00000000117 1.06179529690 3184.2117061974
0.00000000117 5.06197162174 3497.0131472022
0.00000000116 1.22222105263 15906.7641266826
0.00000000115 1.85848730524 6724.9437657046
0.00000000157 0.17397913596 12722.5524204852
0.00000000124 3.17983191905 2631.6226244232
0.00000000135 3.17789391939 3603.6963500726
0.00000000119 5.17512579994 16511.6138673874
0.00000000155 0.79719420494 6155.057006654
0.00000000115 3.22959858043 6997.6167230562
0.00000000111 6.21075063523 87.30820453981
0.00000000111 6.13183853822 9065.5481241288
0.00000000114 1.52684026531 3987.6232600146
0.00000000138 4.58738400697 2233.473621015
0.00000000131 5.25025552048 6901.6374958384
0.00000000145 1.83381548553 0.9803210682
0.00000000119 3.96125292511 1505.28780909299
0.00000000107 2.70035870913 2973.3880977374
0.00000000144 2.57852789272 2060.8178540718
0.00000000111 2.15559505693 6357.7194367422
0.00000000106 0.16426574878 12509.2533250472
0.00000000112 2.39983700427 2574.8193622534
0.00000000139 5.65976385263 3547.3131639964
0.00000000122 2.84793235795 3346.4696289994
0.00000000122 3.27583456069 3334.7552244002
0.00000000105 2.94616046913 10184.3039162316
0.00000000140 4.52778173929 6670.5881880498
0.00000000102 2.83477159707 17468.8551979454
0.00000000099 1.01104081470 17917.79715281959
0.00000000099 2.31748689016 10713.9948813262
0.00000000120 1.40938335297 3370.1042450032
0.00000000120 4.71438356567 3311.1206083964
0.00000000118 0.83092751777 6606.4432548323
0.00000000097 4.80367378338 74.7815985673
0.00000000123 3.59177506566 11925.2740926006
0.00000000129 1.38615714913 7366.2689076256
0.00000000132 4.17530089524 3050.1269472302
0.00000000106 4.20303552484 2641.3412784722
0.00000000101 2.19730971635 10124.930054318
0.00000000126 1.43242174074 7380.4960016272
0.00000000098 5.71279251280 2679.3794999188
0.00000000098 1.64590778764 59.3738619136
0.00000000104 0.35230601699 4296.9015826704
0.00000000115 2.20406459405 11250.7993934216
0.00000000111 6.00152200950 10042.1925994982
0.00000000096 3.26945343269 10006.5848089144
0.00000000093 3.57205898509 316.3918696566
0.00000000108 6.12508679330 3735.238311759
0.00000000093 4.23458272510 3528.5375744624
0.00000000092 3.39944116355 3707.8367556622
0.00000000097 2.13059348085 2922.1081038928
0.00000000127 3.31567374097 4271.9755135516
0.00000000097 4.65833476763 5835.1420186484
0.00000000094 3.19086921862 35464.9814789334
0.00000000113 1.01321609658 5401.4302807716
0.00000000125 0.05016495563 10213.285546211
0.00000000115 1.94984091716 9815.6517316622
0.00000000093 2.14810622027 2771.7905526724
0.00000000115 4.92888947995 21947.11137270
0.00000000102 3.03180744336 4049.6022289764
0.00000000100 0.08917971251 26887.3660497306
0.00000000090 3.65721451906 664.75604513
0.00000000093 0.23047883797 10706.8813343254
0.00000000113 4.93121887014 4922.5717749828
0.00000000094 3.25068318985 1272.6810256272
0.00000000097 1.89933290057 17654.7805397496
0.00000000111 2.46536345909 21795.21409161479
0.00000000087 4.40897064967 2540.7913015344
0.00000000119 1.94808743738 3631.0979061694
0.00000000101 1.61168636694 2171.0241752912
0.00000000117 4.65224960653 1905.4647649404
0.00000000098 0.70463876405 6768.5330579394
0.00000000084 5.11902672644 3152.68727893721
0.00000000084 4.83188308723 11527.1250891924
0.00000000085 0.07731863530 21548.9623692918
0.00000000117 4.51077566996 5518.7501489918
0.00000000083 3.81620714151 22345.2603761082
0.00000000093 1.26560426088 2538.2485042536
0.00000000085 6.12091736058 16489.763038061
0.00000000092 0.03950789229 2277.7073781616
0.00000000085 5.91600131489 18208.349942592
0.00000000094 4.47767830246 12942.965062924
0.00000000107 0.22163493976 6286.5989683404
0.00000000081 0.50650790580 3326.3853326982
0.00000000081 5.61725901284 3354.8395207014
0.00000000079 1.50975699375 4777.7880408984
0.00000000079 1.00513556613 1118.7557921028
0.00000000083 3.99316690617 3759.1167495068
0.00000000093 3.39442497787 685.044054226
0.00000000109 1.11061888688 765.7930644464
0.00000000079 2.69826809389 3378.7454623376
0.00000000079 3.42549882475 3302.479391062
0.00000000079 1.18088037992 9947.0556815321
0.00000000080 0.54798761722 1442.2612087602
0.00000000078 5.30952786068 26357.675084636
0.00000000087 5.45293469310 3181.6689089166
0.00000000106 5.10677964557 7214.4389368432
0.00000000107 5.78696398530 4845.9002357928
0.00000000079 1.67795651281 5562.4690612968
0.00000000096 1.84507576066 11236.57229942
0.00000000083 3.97986520401 42153.969003049
0.00000000079 5.29007388312 1169.5882514086
0.00000000094 5.43325086005 1655.5603041982
0.00000000077 0.48016044263 4001.8453534808
0.00000000103 3.31518454680 6279.5527316424
0.00000000075 1.36914522483 6710.6543619356
0.00000000100 1.23379947915 6653.8232973028
0.00000000085 3.04492619910 3649.8907493556
0.00000000085 3.07884071954 3031.334104044
0.00000000076 3.19773799012 20809.4676246452
0.00000000074 5.28765123522 1107.1388056848
0.00000000077 3.97237865801 3909.4343007272
0.00000000073 2.57751806041 42942.50433914939
0.00000000085 3.82359953731 42146.20633233299
0.00000000102 3.28709663996 3282.733730696
0.00000000102 2.83667027868 3398.4911227036
0.00000000073 3.23527061256 2067.9314010726
0.00000000077 5.68309610758 20199.02764933019
0.00000000072 1.29867546702 20206.141196331
0.00000000082 3.69322064361 20597.2439630412
0.00000000073 3.78223099359 13369.56325380
0.00000000097 0.21157168319 6784.3176276182
0.00000000083 1.14457241650 4447.7512323846
0.00000000092 0.92188445820 3492.509707785
0.00000000076 1.15437371557 19403.7772738848
0.00000000073 0.71840007075 6364.832983743
0.00000000071 1.82715162268 15121.102785216
0.00000000080 2.74785809382 8756.269801473
0.00000000077 0.86279166830 6549.6828917132
0.00000000088 4.48241968748 11883.5831327348
0.00000000074 4.29411598595 2011.1003364398
0.00000000093 1.79949400982 10050.2864675672
0.00000000069 4.46882579153 1279.794572628
0.00000000081 3.29992061540 15636.566656309
0.00000000068 3.31942545345 4106.4054911462
0.00000000075 1.30266865618 7447.017917846
0.00000000077 5.18502579516 5466.489834079
0.00000000079 6.08882534383 3329.5667264359
0.00000000079 0.03494157481 3351.6581269637
0.00000000075 2.41908956194 32124.36905223359
0.00000000074 2.64861748980 25135.8265183146
0.00000000069 3.47699248800 11353.8921676402
0.00000000087 1.38741665452 43340.6533425576
0.00000000066 6.18253618298 13517.8027959306
0.00000000072 5.32558972032 25287.7237993998
0.00000000085 0.02377577064 1854.6323056346
0.00000000088 1.52868546432 3067.9394693482
0.00000000075 2.26613010488 15110.4661198662
0.00000000069 0.02278259907 43738.8023459658
0.00000000078 5.07801637655 34363.365597556
0.00000000082 1.79056505886 4885.9664096786
0.00000000065 5.47583793528 6708.6264094964
0.00000000070 0.39852574719 12725.453434775
0.00000000090 3.58467854106 6740.5987153132
0.00000000065 4.81926081363 4140.4335518652
0.00000000064 2.78199198599 9801.4246376606
0.00000000087 3.48209962852 9859.3706439672
0.00000000070 5.58621397360 35707.7100829074
0.00000000084 4.62280003448 3613.2853840514
0.00000000084 3.13048289620 5202.3582793352
0.00000000065 5.65188017283 6680.804777306
0.00000000074 0.70811376982 19800.9459562248
0.00000000066 5.79488701874 3414.213382615
0.00000000066 0.32887989990 3267.0114707846
0.00000000064 5.41618225042 3193.8007401762
0.00000000064 0.70758466822 3487.4241132234
0.00000000080 5.83125066323 9175.7544453482
0.00000000069 0.45288984585 10177.1903692308
0.00000000078 2.47729712704 14128.2427712456
0.00000000068 3.28509813085 12808.8803039568
0.00000000068 0.42906740811 6614.7374444852
0.00000000062 1.67556973000 18461.71521191579
0.00000000073 4.93443664690 10730.82708237599
0.00000000066 4.71978579468 9997.9588423516
0.00000000062 1.47129847545 18451.07854656599
0.00000000064 4.43457293456 40796.33892267419
0.00000000078 4.80114448945 35309.5610794992
0.00000000062 0.61927789333 20040.15144184979
0.00000000064 2.03965634077 10787.6303445458
0.00000000069 0.35279777025 16858.41522263039
0.00000000075 5.80439292359 40398.189919266
0.00000000078 5.47505498554 14867.73751589219
0.00000000062 4.44452076035 799.8211251654
0.00000000063 6.28310501390 20742.9457084264
0.00000000061 1.46903295029 14591.4118201214
0.00000000060 4.02422394326 10016.314355792
0.00000000069 0.07133537091 10721.108428327
0.00000000063 0.32856760942 12082.6551341712
0.00000000061 0.87700826571 36.6053653042
0.00000000080 3.82715184041 12168.0026965746
0.00000000068 4.35850169699 8186.5126624926
0.00000000067 3.09157172324 9329.6796788726
0.00000000064 5.61072669942 5223.6939198022
0.00000000064 1.96539963912 7799.9806455024
0.00000000058 5.32198378648 41748.0573289248
0.00000000078 1.64083896570 24606.13555322
0.00000000057 4.85968404475 12928.7379689224
0.00000000080 0.99981693234 27417.0570148252
0.00000000072 0.47301045978 24889.5747959916
0.00000000080 1.29024393938 14047.4937610252
0.00000000062 2.85518372165 12988.111830836
0.00000000067 3.88281422282 41427.4869831788
0.00000000057 1.87370499430 24491.4257925834
0.00000000059 0.42163716106 5945.3483398678
0.00000000074 1.15958679714 17395.2197347258
0.00000000057 2.71055933927 42544.3553357412
0.00000000070 1.62633648043 21265.5231265202
0.00000000058 4.86596352164 15423.267560871
0.00000000062 1.39408141536 3357.44462774959
0.00000000062 4.72968550328 3323.78022565
0.00000000056 1.12816132291 16063.164847185
0.00000000056 1.61217428661 2978.491289969
0.00000000056 4.51159263204 3702.7335634306
0.00000000058 1.36447893952 8226.5788363784
0.00000000055 3.98578162953 12715.4388734844
0.00000000054 2.71910253259 5607.6158292088
0.00000000073 1.42919585711 4775.7600884592
0.00000000053 3.09693738935 6788.8883773382
0.00000000058 0.22442483444 3412.6681600546
0.00000000058 5.89934208420 3268.556693345
0.00000000053 2.19689791795 14481.205498902
0.00000000053 0.15615144357 25841.29320224219
0.00000000052 3.15010220845 6812.766815086
0.00000000053 1.40676144190 2391.43681773
0.00000000053 0.46935053804 44959.5476759902
0.00000000054 5.80670820759 18849.2275499742
0.00000000052 4.45343178668 45884.967762441
0.00000000057 2.86057303027 5408.5438277724
0.00000000053 2.93504488248 37895.4262903674
0.00000000072 1.04870110960 3339.1279539915
0.00000000072 5.07506580904 3342.0968994081
0.00000000056 5.29729400428 17660.303464057
0.00000000054 5.90243120665 13532.0298899322
0.00000000060 1.10585615388 5511.636601991
0.00000000052 1.45564798177 22487.3716928416
0.00000000055 5.86720570151 3344.2028553516
0.00000000051 4.59732093524 12410.7313005486
0.00000000054 1.41387939355 21150.8133658836
0.00000000070 6.26592499392 40000.04091585779
0.00000000058 1.90611100788 29580.05463235019
0.00000000054 2.06257459061 2735.762685995
0.00000000056 5.51147391507 23539.7073863328
0.00000000049 6.08800383828 16865.5287696312
0.00000000061 2.80664860295 2655.501062171
0.00000000050 0.09542687607 1727.6610936682
0.00000000059 4.25647242104 12516.366872048
0.00000000050 1.70549407364 3564.9572224017
0.00000000049 1.47890962284 55516.4187098482
0.00000000056 1.83267921871 16328.72425753579
0.00000000050 6.13050078847 44768.0994098786
0.00000000050 2.19360927774 3742.284548457
0.00000000048 3.12373703961 1883.0814931024
0.00000000068 5.14882675659 4142.976349146
0.00000000059 4.61160954089 4356.275444584
0.00000000061 2.37259677368 19617.07636932279
0.00000000048 6.23507805833 19190.4781784468
0.00000000055 1.90836976863 1971.9521738548
0.00000000065 5.33022366023 20213.25474333179
0.00000000054 6.06383097361 20426.571092422
0.00000000051 3.13636139120 5749.8617665478
0.00000000058 1.55579966471 1015.6630178842
0.00000000053 6.07174122305 38086.874556479
0.00000000048 6.09265191924 24341.5283174566
0.00000000048 1.37017477535 846.0828347512
0.00000000047 5.48131029950 11876.469585734
0.00000000047 4.23447844874 2257.3520587628
0.00000000048 0.75363318363 3264.3463554242
0.00000000064 1.47602449306 1329.51209026
0.00000000046 4.98949021014 1795.258443721
0.00000000055 2.47607337246 4403.517475238
0.00000000048 5.05047802604 14955.045720432
0.00000000059 0.56447699816 4289.7880356696
0.00000000048 5.64269937258 1859.2030553546
0.00000000052 3.85502826049 32765.2466596158
0.00000000052 0.60554758880 2963.238818784
0.00000000052 5.51821932984 3717.9860346156
0.00000000054 5.75638873525 1055.8588118402
0.00000000045 1.58216758277 3973.396166013
0.00000000060 3.26313473570 46283.11676584919
0.00000000049 2.80004822014 31214.2014369678
0.00000000044 0.54252101929 14469.588512484
0.00000000046 4.82251602641 5881.4037282342
0.00000000044 0.39621574967 14061.7208550268
0.00000000044 4.23848711560 3436.5916539176
0.00000000044 1.88527980304 3244.633199482
0.00000000045 3.09899613679 1265.5674786264
0.00000000044 4.49857181022 17499.3601403154
0.00000000058 3.38424006936 5625.3660415594
0.00000000045 4.80756715462 39048.3225096072
0.00000000043 1.18491417532 97670.38771289718
0.00000000046 3.97050301429 18052.9295431578
0.00000000059 3.54996675378 2523.9591004846
0.00000000053 5.27381050235 8336.7851575978
0.00000000048 4.20516196539 2125.8100970764
0.00000000043 3.74169704813 12199.9750023914
0.00000000043 1.95551974467 15106.8756912144
0.00000000042 4.34126456452 12729.665967486
0.00000000043 0.33738122272 8123.4860621598
0.00000000046 0.42675039162 2324.9494088156
0.00000000043 4.93866317055 3826.5844794894
0.00000000043 1.18510374809 2854.6403739102
0.00000000049 5.73530227247 15849.865751747
0.00000000045 0.86869575514 28230.18722269139
0.00000000042 5.52275728942 2651.977943822
0.00000000048 0.38320382112 12825.6451947038
0.00000000052 4.39773367298 6666.997759398
0.00000000041 5.43225265078 3385.26625994
0.00000000041 0.69151426786 3295.9585934596
0.00000000050 5.89153916228 7788.3636590844
0.00000000045 4.22332404514 3116.2676309979
0.00000000048 3.25825537595 39601.8919124496
0.00000000040 1.42664872496 26239.44220565039
0.00000000043 1.84674416334 46681.2657692574
0.00000000040 1.11930161769 14577.1847261198
0.00000000040 4.72158737154 2814.4445799542
0.00000000040 0.36674922708 20728.71861442479
0.00000000041 1.94224224037 4670.1245169598
0.00000000052 3.29121165005 3382.1632176846
0.00000000052 2.83255526859 3299.061635715
0.00000000044 5.64683761753 29698.2875113358
0.00000000041 5.62926912301 30220.9322397324
0.00000000042 0.62187667623 24076.4445881254
0.00000000046 2.01012132100 19247.3765533824
0.00000000039 3.61794457591 27433.88921587499
0.00000000045 6.00306408589 227.476132789
0.00000000047 2.23693969795 27832.0382192832
0.00000000039 2.09880635074 742.9900605326
0.00000000042 0.41661355281 10191.4174632324
0.00000000049 3.31862583605 4025.7237912286
0.00000000039 1.23955681764 33163.395663024
0.00000000040 0.83205528677 38252.0245027908
0.00000000051 1.01939482770 17810.2009391838
0.00000000052 0.78418608920 1461.0540519464
0.00000000045 5.86462836257 3966.2826190122
0.00000000045 0.25913855607 2714.9422343874
0.00000000039 1.82873904075 2714.9872905026
0.00000000043 4.46734154880 48835.19385644859
0.00000000038 2.82290648987 41194.4879260824
0.00000000042 3.18950244700 24093.2767891752
0.00000000045 5.90009306113 33716.9650658664
0.00000000038 4.52300714521 8742.0427074714
0.00000000040 4.06041894809 3945.4621674046
0.00000000041 3.68161811197 17013.9029323674
0.00000000037 2.53315491999 3017.1070100424
0.00000000043 0.40070595587 16872.642316632
0.00000000037 2.86323683483 36261.2794857498
0.00000000037 0.04021979736 48827.4311857326
0.00000000038 4.60085089797 1484.9324896942
0.00000000036 5.58209344400 2089.782230399
0.00000000050 2.20944186253 526.1678467456
0.00000000036 5.37022099013 19676.4502312364
0.00000000037 0.66378563362 9384.8410080752
0.00000000047 5.53299461316 21000.9158907568
0.00000000047 1.09162082178 20735.83216142559
0.00000000036 0.66244555675 3762.6398678558
0.00000000036 5.46132136189 2918.5849855438
0.00000000037 5.70989317039 20995.3929664494
0.00000000036 6.05334429212 27682.1407441564
0.00000000038 5.25536340407 28628.3362260996
0.00000000036 1.21817478744 4555.4147563232
0.00000000047 4.16379978009 8013.2797409404
0.00000000039 2.83792055047 3337.1566186536
0.00000000039 0.14425371458 3344.068234746
0.00000000035 1.41870103931 1685.0521225016
0.00000000042 1.18769542614 20235.1228263104
0.00000000038 5.58692016360 3070.482266629
0.00000000038 0.53684675504 3610.7425867706
0.00000000035 4.99234317683 4716.3862265456
0.00000000036 2.14857050891 6644.6194880954
0.00000000047 5.94900036662 45088.6697556246
0.00000000034 3.27231840809 29181.905628942
0.00000000034 6.09046934997 21.8508293264
0.00000000035 3.09787661627 15010.8964639966
0.00000000040 4.30328275800 52175.8062831484
0.00000000034 1.84414035522 13355.3361597984
0.00000000034 1.39702945228 6836.577942531
0.00000000039 1.98242424074 11567.1912630782
0.00000000034 4.53674484583 3370.49447031
0.00000000034 1.58702207281 3310.7303830896
0.00000000034 1.21354379250 23937.856389741
0.00000000041 6.10721750623 11128.9760857842
0.00000000033 4.73943199387 12502.1397780464
0.00000000038 4.44432609762 34115.1140692746
0.00000000034 2.89935386730 7483.5887758458
0.00000000034 0.03045529516 16702.9948231962
0.00000000040 2.64332877474 6850.8050365326
0.00000000033 5.97008603930 3723.4917052708
0.00000000033 0.15368087934 2957.7331481288
0.00000000033 2.74215617399 14164.8136292454
0.00000000033 4.89399844372 37455.7264959744
0.00000000045 2.57456746730 4157.26575291499
0.00000000035 0.70040109787 17932.0242468212
0.00000000032 1.88677077871 4423.8727946368
0.00000000032 3.30721989272 5415.6573747732
0.00000000032 3.90121054115 20354.5153590672
0.00000000032 2.99569421537 1197.9701285736
0.00000000032 3.04108622570 36105.8590863156
0.00000000032 0.60384612281 4029.2469095776
0.00000000034 4.21263525801 3337.021998048
0.00000000042 2.22648780153 12979.553174576
0.00000000033 1.19151639747 16342.9513515374
0.00000000031 2.01995732343 3101.4069410748
0.00000000031 4.10380959521 3579.8179123248
0.00000000032 2.71500667131 41236.0387170672
0.00000000033 6.17834375458 4953.5637597314
0.00000000033 2.25400995114 24532.9765835682
0.00000000031 0.50017802841 13605.1783107732
0.00000000038 4.78366250308 5351.7127631396
0.00000000035 4.91227370595 27035.7402124668
0.00000000030 1.87215947062 32769.1279949738
0.00000000030 4.83793546724 9918.7445058808
0.00000000039 5.08918951879 49225.5801891408
0.00000000040 3.07330295310 3524.48201360179
0.00000000040 3.05046396554 3156.7428397978
0.00000000033 5.50115850078 19956.366355659
0.00000000030 4.31368171539 3966.237562897
0.00000000029 5.37757078512 30376.3526391666
0.00000000031 1.71406884029 9072.6616711296
0.00000000029 3.01545415354 26880.3198130326
0.00000000030 0.63974818582 17232.7530985936
0.00000000030 0.47691051204 4822.021798045
0.00000000032 3.38388067312 4503.0871311076
0.00000000032 3.17796658527 33561.5446664322
0.00000000030 1.29590585399 12995.2253778368
0.00000000035 6.27959027284 23017.0626579362
0.00000000032 5.84436620819 6830.7880505342
0.00000000035 2.04350169558 3303.6168360888
0.00000000035 4.08026522307 3377.6080173108
0.00000000028 3.36920945356 38813.3565763492
0.00000000037 5.53201883072 45486.81875903279
0.00000000028 3.89264354896 3348.3750974158
0.00000000028 2.23112336968 3332.8497559838
0.00000000032 1.38638703068 36659.428489158
0.00000000028 3.90155339567 7345.9808985296
0.00000000029 0.33271254369 41990.7859328988
0.00000000027 0.95617807815 7534.4212351516
0.00000000029 0.58910694177 33318.8160624582
0.00000000028 0.45077221068 3517.3061568336
0.00000000028 5.67299470796 3163.918696566