0.02268615702 3.55852606721 529.6909650946
0.00109971634 3.90809347197 1059.3819301892
0.00110090358 0.0 0.0
0.00008101428 3.60509572885 522.5774180938
0.00006043996 4.25883108339 1589.0728952838
0.00006437782 0.30627119215 536.8045120954
0.00001106880 2.98534409520 1162.4747044078
0.00000941651 2.93619073963 1052.2683831884
0.00000894088 1.75447402715 7.1135470008
0.00000767280 2.15473604461 632.7837393132
0.00000944328 1.67522315024 426.598190876
0.00000684219 3.67808774854 213.299095438
0.00000629223 0.64343290020 1066.49547719
0.00000835861 5.17881977810 103.0927742186
0.00000531671 2.70305944444 110.2063212194
0.00000558524 0.01354838161 846.0828347512
0.00000464449 1.17337267936 949.1756089698
0.00000431072 2.60825022780 419.4846438752
0.00000351433 4.61062966359 2118.7638603784
0.00000123148 3.34968047337 1692.1656695024
0.00000115038 5.04892367391 316.3918696566
0.00000132159 4.77816940380 742.9900605326
0.00000103402 2.31878940535 1478.8665740644
0.00000116379 1.38688268881 323.5054166574
0.00000102420 3.15294025567 1581.959348283
0.00000103762 3.70104530617 515.463871093
0.00000078650 3.98318863271 1265.5674786264
0.00000069935 2.56006243114 956.2891559706
0.00000055597 0.37501076637 1375.7737998458
0.00000051986 0.99006936413 1596.1864422846
0.00000055194 0.40176641060 525.7588118315
0.00000063456 4.50073545366 735.8765135318
0.00000049691 0.18650769854 543.9180590962
0.00000048831 3.57260516733 533.6231183577
0.00000028353 1.53532751494 625.6701923124
0.00000029209 5.43144706118 206.1855484372
0.00000023255 5.95197656622 838.9692877504
0.00000022841 6.19262795963 532.8723588323
0.00000023202 4.06473393382 526.5095713569
0.00000024435 6.10948089320 1169.5882514086
0.00000021116 4.96322450112 2648.454825473
0.00000017878 3.08705078418 1795.258443721
0.00000016234 4.83514182468 1368.660252845
0.00000021314 2.69476772406 1045.1548361876
0.00000015740 1.15129718235 942.062061969
0.00000017325 1.61549112201 14.2270940016
0.00000013396 2.30541502374 853.196381752
0.00000011904 3.09812644271 2111.6503133776
0.00000011734 2.83005459062 2008.557539159
0.00000011291 0.98958488237 433.7117378768
0.00000011830 4.76527289406 309.2783226558
0.00000010702 3.70182977140 2221.856634597
0.00000010815 5.81960671820 1272.6810256272
0.00000013505 3.28127499147 1155.361157407
0.00000010179 2.58690544075 117.3198682202
0.00000010632 5.23488821353 95.9792272178
0.00000008770 0.40456977116 220.4126424388
0.00000007439 2.94640424217 412.3710968744
0.00000006151 2.69098997815 380.12776796
0.00000005028 0.72749683440 1055.4497769261
0.00000004939 0.73757027802 1905.4647649404
0.00000005421 4.08611312731 1685.0521225016
0.00000005936 4.32059794159 1063.3140834523
0.00000004737 4.09302873263 527.2432845398
0.00000004010 0.51536205068 1073.6090241908
0.00000004709 1.84069593466 984.6003316219
0.00000003974 1.33608144666 2125.8774073792
0.00000003762 3.58647029066 529.7391492044
0.00000004731 6.16377395837 532.1386456494
0.00000004666 5.88761580267 639.897286314
0.00000003763 0.38865915086 529.6427809848
0.00000003409 4.05403520743 1898.3512179396
0.00000003458 3.43863446426 1485.9801210652
0.00000004230 2.23769605857 74.7815985673
0.00000003091 0.16468497073 1699.2792165032
0.00000002976 0.72268932553 530.6541729411
0.00000003162 1.25051775753 330.6189636582
0.00000002727 4.37684648696 149.5631971346
0.00000002837 0.05988888469 1439.5096981492
0.00000002983 3.25251234697 528.7277572481
0.00000002232 0.26152702827 1062.5633239269
0.00000002464 1.16914990320 453.424893819
0.00000002596 3.30503237792 2324.9494088156
0.00000001988 2.85269753342 1574.8458012822
0.00000002527 5.94464299442 909.8187330546
0.00000002269 1.30385144361 3.9321532631
0.00000001742 4.49934387430 1258.4539316256
0.00000001714 4.12970162252 2001.4439921582
0.00000002028 3.97933364572 1056.2005364515
0.00000001667 0.36035632569 10213.285546211
0.00000001579 6.11636481584 1802.3719907218
0.00000001393 3.69324297104 2214.7430875962
0.00000001604 1.98841976369 38.1330356378
0.00000001325 1.74025919863 529.1697002328
0.00000001451 2.39820472604 2428.0421830342
0.00000001594 2.07557781162 1021.2488945514
0.00000001319 1.33764254668 618.5566453116
0.00000001346 3.27611250994 2641.3412784722
0.00000001230 0.19547016795 305.3461693927
0.00000001223 2.86673324041 1382.8873468466
0.00000001324 2.23549334986 530.2122299564
0.00000001056 3.80584206280 76.2660712756
0.00000001050 4.68049393704 1788.1448967202
0.00000001226 5.34004079561 3178.1457905676
0.00000001009 3.19598679941 2538.2485042536
0.00000001266 3.04716587183 604.4725636619
0.00000000954 3.86982853835 728.762966531
0.00000001124 1.59536330231 3.1813937377
0.00000000978 0.25225276132 983.1158589136
0.00000000948 0.21562638606 750.1036075334
0.00000000946 3.93927018641 508.3503240922
0.00000000920 1.14676177277 963.4027029714
0.00000000817 5.93843083013 831.8557407496
0.00000000770 2.96062737592 526.7702037878
0.00000001018 5.55723104876 199.0720014364
0.00000000761 1.38163787157 532.6117264014
0.00000000726 3.98350624153 2317.8358618148
0.00000000863 0.87983185587 490.3340891794
0.00000000868 3.44355447829 569.0478410098
0.00000000711 4.11083927584 2751.5475996916
0.00000000708 0.33555577415 528.9402055692
0.00000000708 4.00539820601 530.44172462
0.00000000656 4.39587636715 519.3960243561
0.00000000801 4.03968735657 1364.7280995819
0.00000000679 1.18645749024 525.4981794006
0.00000000645 5.10528821006 1361.5467058442
0.00000000668 3.15607509055 533.8837507886
0.00000000663 0.73722024842 5223.6939198022
0.00000000663 1.57092786810 6283.0758499914
0.00000000543 0.26361339096 227.5261894396
0.00000000525 6.22337510612 539.9859058331
0.00000000513 4.98311290285 302.164775655
0.00000000544 2.22253022770 2744.4340526908
0.00000000531 2.62394469648 99.1606209555
0.00000000602 1.56087341101 454.9093665273
0.00000000518 0.26343809435 551.031606097
0.00000000516 1.09334875112 934.9485149682
0.00000000659 0.62609803674 1512.8068240082
0.00000000524 0.64710955846 524.0618908021
0.00000000516 3.69478866795 535.3200393871
0.00000000491 3.63015352701 2531.1349572528
0.00000000570 0.61976758778 540.7366653585
0.00000000496 2.19397054688 1514.2912967165
0.00000000532 0.20040217534 525.0250986486
0.00000000449 0.62392433691 529.5309064002
0.00000000449 3.71676131146 529.851023789
0.00000000493 0.39157407639 224.3447957019
0.00000000450 5.02496027796 1048.3362299253
0.00000000428 5.44829085911 11.0457002639
0.00000000499 4.13924061941 534.3568315406
0.00000000528 1.76471074936 524.2743391232
0.00000000454 4.53329910309 1056.9342496344
0.00000000520 2.57406093768 535.107591066
0.00000000398 1.40335768867 960.2213092337
0.00000000457 4.17698500570 2104.5367663768
0.00000000505 5.36536006721 1057.8974574809
0.00000000536 4.80412344518 1593.0050485469
0.00000000415 0.96574631343 2435.155730035
0.00000000518 0.54534019245 1061.829610744
0.00000000359 4.02703442030 1059.430114299
0.00000000357 2.66856274985 835.0371344873
0.00000000443 5.27506751917 1.4844727083
0.00000000358 5.94447745169 440.8252848776
0.00000000471 6.05795526096 1471.7530270636
0.00000000386 2.15957649340 9153.9036160218
0.00000000424 2.70933415956 1038.0412891868
0.00000000359 0.82921825054 1059.3337460794
0.00000000310 0.88102053266 529.9034134157
0.00000000310 3.45966511571 529.4785167735
0.00000000300 3.70314980875 2634.2277314714
0.00000000292 2.63690294080 415.5524906121
0.00000000279 1.60721363324 643.8294395771
0.00000000291 5.83172186169 1148.2476104062
0.00000000370 5.71572992264 531.1754378029
0.00000000267 5.39229778002 1891.2376709388
0.00000000275 3.34111459961 518.6452648307
0.00000000269 1.06062338999 1585.1407420207
0.00000000305 2.50290530704 511.5317178299
0.00000000295 1.84394223501 547.8502123593
0.00000000254 2.98339664362 1134.1635287565
0.00000000289 1.86077249808 21.3406410024
0.00000000265 4.93074056536 679.2541622292
0.00000000250 0.42864032040 1969.2006632438
0.00000000308 2.67241191564 2957.7331481288
0.00000000222 4.78828764413 514.7131115676
0.00000000313 4.88100504465 528.2064923863
0.00000000221 4.32945667530 1677.9385755008
0.00000000217 3.46325099644 2950.619601128
0.00000000216 0.52215246917 2228.9701815978
0.00000000214 5.83569926578 544.6688186216
0.00000000283 2.88733008413 35.4247226521
0.00000000272 1.65636249662 3060.8259223474
0.00000000234 1.68821601235 2655.5683724738
0.00000000205 3.36180409781 2847.5268269094
0.00000000264 3.62728688214 2420.9286360334
0.00000000191 4.26801797983 430.5303441391
0.00000000179 3.91470663032 3340.6124266998
0.00000000180 0.04748930181 387.2413149608
0.00000000241 4.03850570457 494.2662424425
0.00000000177 4.26408822698 672.1406152284
0.00000000187 2.72585227782 299.1263942692
0.00000000234 1.34461198439 173.9422195228
0.00000000171 0.85583570724 1603.2999892854
0.00000000224 0.33038256827 565.1156877467
0.00000000200 1.27568775106 39.3568759152
0.00000000170 4.96553772568 1464.6394800628
0.00000000211 1.00937080256 523.5406259403
0.00000000210 3.75802767164 2854.6403739102
0.00000000162 5.87799218214 3480.3105662226
0.00000000163 4.62924224205 2015.6710861598
0.00000000191 3.33159283750 535.8413042489
0.00000000151 1.17104489977 1060.3451380357
0.00000000160 1.81868596669 312.4597163935
0.00000000158 2.59595816107 529.4303326637
0.00000000158 1.74472748730 529.9515975255
0.00000000173 3.62448533343 230.5645708254
0.00000000142 0.70435921398 522.529233984
0.00000000144 5.35713735269 107.0249274817
0.00000000144 6.14090754307 1158.5425511447
0.00000000178 0.27468100074 3906.9087570986
0.00000000126 5.15022690251 2207.6295405954
0.00000000126 3.42007113405 2.4476805548
0.00000000127 0.39943436855 70.8494453042
0.00000000123 4.77863018783 2524.021410252
0.00000000123 0.46252835423 647.0108333148
0.00000000144 3.60266428249 1058.4187223427
0.00000000158 3.76145245959 92.0470739547
0.00000000119 4.08254103435 1585.8915015461
0.00000000125 2.35595591495 3163.918696566
0.00000000122 3.21032018083 3377.217792004
0.00000000121 3.39767154960 18.1592472647
0.00000000131 1.67909216935 1289.9465010146
0.00000000115 2.35736056408 1550.939859646
0.00000000126 2.40837527327 106.2741679563
0.00000000131 1.37643228010 1023.9572075371
0.00000000121 1.60251352962 10.2949407385
0.00000000121 0.61425825680 1592.2542890215
0.00000000135 3.60014547346 124.433415221
0.00000000137 2.41776488975 3274.1250177854
0.00000000129 0.09688303813 2332.0629558164
0.00000000092 4.89058170259 1098.7388061044
0.00000000106 5.18592950792 2281.2304965106
0.00000000114 2.96580552116 1166.4068576709
0.00000000092 1.65027422750 860.3099287528
0.00000000102 3.64265158080 3171.0322435668
0.00000000103 1.63123525514 1894.4190646765
0.00000000080 0.38766601962 4694.0029547076
0.00000000074 3.86945907800 3067.9394693482
0.00000000095 1.66457947000 1151.4290041439