0.59954691494 0.0 0.0
0.09695898719 5.06191793158 529.6909650946
0.00573610142 1.44406205629 7.1135470008
0.00306389205 5.41734730184 1059.3819301892
0.00097178296 4.14264726552 632.7837393132
0.00072903078 3.64042916389 522.5774180938
0.00064263975 3.41145165351 103.0927742186
0.00039806064 2.29376740788 419.4846438752
0.00038857767 1.27231755835 316.3918696566
0.00027964629 1.78454591820 536.8045120954
0.00013589730 5.77481040790 1589.0728952838
0.00008246349 3.58227925840 206.1855484372
0.00008768704 3.63000308199 949.1756089698
0.00007368042 5.08101194270 735.8765135318
0.00006263150 0.02497628807 213.299095438
0.00006114062 4.51319998626 1162.4747044078
0.00004905396 1.32084470588 110.2063212194
0.00005305285 1.30671216791 14.2270940016
0.00005305441 4.18625634012 1052.2683831884
0.00004647248 4.69958103684 3.9321532631
0.00003045023 4.31676431084 426.598190876
0.00002609999 1.56667394063 846.0828347512
0.00002028191 1.06376530715 3.1813937377
0.00001764763 2.14148655117 1066.49547719
0.00001722972 3.88036268267 1265.5674786264
0.00001920945 0.97168196472 639.897286314
0.00001633223 3.58201833555 515.463871093
0.00001431999 4.29685556046 625.6701923124
0.00000973272 4.09764549134 95.9792272178
0.00000884457 2.43700227469 412.3710968744
0.00000732853 6.08535124451 838.9692877504
0.00000731094 3.80592308125 1581.959348283
0.00000691971 6.13365277914 2118.7638603784
0.00000709166 1.29274760330 742.9900605326
0.00000614482 4.10850580886 1478.8665740644
0.00000495219 3.75564106217 323.5054166574
0.00000581903 4.53969579398 309.2783226558
0.00000375664 4.70304250208 1368.660252845
0.00000389876 4.89706786539 1692.1656695024
0.00000341016 5.71452379310 533.6231183577
0.00000330458 4.74049819491 0.0481841098
0.00000440853 2.95818598959 454.9093665273
0.00000417267 1.03554397138 2.4476805548
0.00000244174 5.22024286247 728.762966531
0.00000261541 1.87652515753 0.9632078465
0.00000256589 3.72410394286 199.0720014364
0.00000261005 0.82048379203 380.12776796
0.00000220381 1.65114584814 543.9180590962
0.00000201991 1.80692992449 1375.7737998458
0.00000207336 1.85463683689 525.7588118315
0.00000197061 5.29255821015 1155.361157407
0.00000235139 1.22694468346 909.8187330546
0.00000174827 5.90974976879 956.2891559706
0.00000149385 4.37744775359 1685.0521225016
0.00000175197 3.22647697998 1898.3512179396
0.00000175172 3.72977441220 942.062061969
0.00000157917 4.36478445901 1795.258443721
0.00000137898 1.31800455202 1169.5882514086
0.00000117498 2.50021486074 1596.1864422846
0.00000150504 3.90624455135 74.7815985673
0.00000116786 3.38920921060 0.5212648618
0.00000105894 4.55439354032 526.5095713569
0.00000130540 4.16876671917 1045.1548361876
0.00000141388 3.13579930728 491.5579294568
0.00000099524 1.42112622270 532.8723588323
0.00000096143 1.18143253105 117.3198682202
0.00000091732 0.85722451006 1272.6810256272
0.00000087704 1.21730504350 453.424893819
0.00000068531 2.35201905890 2.9207613068
0.00000066111 5.34380967040 1471.7530270636
0.00000077401 4.42676354183 39.3568759152
0.00000072028 4.23856425835 2111.6503133776
0.00000063345 4.97658360088 0.7507595254
0.00000059423 4.11122034593 2001.4439921582
0.00000062471 0.51213142347 220.4126424388
0.00000066540 2.98844410276 2214.7430875962
0.00000060295 4.12633619420 4.192785694
0.00000056014 1.15477785231 21.3406410024
0.00000052954 0.91283039851 10.2949407385
0.00000070461 5.14178006023 835.0371344873
0.00000051903 4.10065404719 1258.4539316256
0.00000046583 4.66599487054 5.6290742925
0.00000058261 5.86719898935 5753.3848848968
0.00000040103 4.68801114087 0.1600586944
0.00000046785 4.79414027278 305.3461693927
0.00000039306 4.25499338010 853.196381752
0.00000046153 5.10982849847 4.665866446
0.00000054583 1.57071663540 983.1158589136
0.00000038921 6.07598407822 518.6452648307
0.00000038460 2.43832240008 433.7117378768
0.00000046910 3.54638837922 5.4166259714
0.00000041834 4.67980756775 302.164775655
0.00000035921 2.45088327353 430.5303441391
0.00000039307 1.71678059616 11.0457002639
0.00000037895 0.21140086073 2648.454825473
0.00000037566 6.19479786035 831.8557407496
0.00000035845 4.61505536309 2008.557539159
0.00000043402 0.14992219581 528.2064923863
0.00000031581 5.14178165108 1788.1448967202
0.00000029860 5.34424466576 2221.856634597
0.00000032959 5.28952640380 88.865680217
0.00000027686 1.85227036207 0.2124483211
0.00000025821 3.85920335036 2317.8358618148
0.00000024705 2.63498818000 114.1384744825
0.00000033844 1.00563073311 9683.5945811164
0.00000024248 3.82564321484 1574.8458012822
0.00000027111 2.80845416546 18.1592472647
0.00000026837 1.77586073782 532.1386456494
0.00000026212 2.74456887801 2531.1349572528
0.00000030765 0.42330199069 1.4844727083
0.00000030469 3.66675723074 508.3503240922
0.00000023191 3.24511984498 984.6003316219
0.00000019445 0.52370214464 14.977853527
0.00000019331 4.85656303715 1361.5467058442
0.00000022889 3.85009333532 2428.0421830342
0.00000021613 6.01647014213 1063.3140834523
0.00000020167 5.59590496803 527.2432845398
0.00000023732 2.52764898478 494.2662424425
0.00000020190 1.01559114881 628.8515860501
0.00000015994 5.09003506053 529.7391492044
0.00000016134 5.27096450385 142.4496501338
0.00000020697 4.03443555572 355.7487455718
0.00000021480 1.28666873894 35.4247226521
0.00000014981 4.86119818170 2104.5367663768
0.00000017242 1.59187221366 1439.5096981492
0.00000015994 1.89222393849 529.6427809848
0.00000017957 4.30177741048 6.1503391543
0.00000013287 2.18960688770 1055.4497769261
0.00000014809 0.87727524457 99.1606209555
0.00000014148 2.71597731671 0.2606324309
0.00000014202 2.41335744746 530.6541729411
0.00000015331 6.07685758999 149.5631971346
0.00000015832 4.11682340572 636.7158925763
0.00000016199 2.77035135003 760.25553592
0.00000012258 2.61067822838 405.2575498736
0.00000013665 3.56042954023 217.2312487011
0.00000015261 2.81823022031 621.7380390493
0.00000014680 6.26419083616 569.0478410098
0.00000012529 1.39076773846 7.065362891
0.00000011603 4.60461324892 7.1617311106
0.00000011676 3.60450719576 2634.2277314714
0.00000012182 0.24373178668 1485.9801210652
0.00000011352 2.00814398370 1073.6090241908
0.00000011241 2.48010676188 423.4167971383
0.00000010942 5.03605236981 458.8415197904
0.00000011121 4.04930841517 519.3960243561
0.00000012266 4.30151937187 604.4725636619
0.00000013150 2.72184449861 1364.7280995819
0.00000010604 3.11518747071 1.2720243872
0.00000009873 1.70233190646 1699.2792165032
0.00000010828 5.08717082517 2324.9494088156
0.00000010692 2.51399278354 2847.5268269094
0.00000012646 4.75590815200 528.7277572481
0.00000010084 4.05599680401 38.1330356378
0.00000011536 2.35035142816 643.8294395771
0.00000010218 3.65818193440 107.0249274817
0.00000010234 3.63741793836 2744.4340526908
0.00000010105 1.31344662885 1905.4647649404
0.00000009338 5.92214604272 1148.2476104062
0.00000008796 2.77421597882 6.592282139
0.00000008421 4.52526352162 1677.9385755008
0.00000010128 2.09031029378 511.5317178299
0.00000008280 2.98793394775 540.7366653585
0.00000009753 1.22443091754 32.2433289144
0.00000010629 2.07778578633 92.0470739547
0.00000007886 0.99641706679 408.4389436113
0.00000008813 3.46912264870 1021.2488945514
0.00000007941 2.86765260965 2125.8774073792
0.00000008575 5.29585347114 415.5524906121
0.00000007841 6.08025868276 70.8494453042
0.00000007706 1.69807427167 8.0767548473
0.00000007265 4.65479123794 629.6023455755
0.00000007163 4.93237560809 1056.2005364515
0.00000007248 4.61590472787 2420.9286360334
0.00000007712 2.13818572880 33.9402499438
0.00000006645 0.45640663795 635.9651330509
0.00000009377 4.03158387581 2810.9214616052
0.00000008221 1.23649767817 1802.3719907218
0.00000006340 0.07280718454 202.2533951741
0.00000006383 3.54298789012 1891.2376709388
0.00000007901 2.32514375888 230.5645708254
0.00000006214 4.54560345236 2.7083129857
0.00000007347 1.24457591968 24.3790223882
0.00000007472 3.02787419533 330.6189636582
0.00000006246 1.77826735859 1062.5633239269
0.00000005674 5.14130380414 746.9222137957
0.00000005855 5.42127169330 28.3111756513
0.00000005629 3.24347319369 529.1697002328
0.00000007653 0.52812977555 672.1406152284
0.00000005456 3.34715399006 2950.619601128
0.00000007127 1.43485695449 6.2197751235
0.00000005388 4.90171438369 69.1525242748
0.00000005608 4.98112575538 2641.3412784722
0.00000005843 2.95362326688 490.3340891794
0.00000004943 5.37603229206 721.6494195302
0.00000005120 4.85758375369 31.019488637
0.00000005163 5.07430434384 67.6680515665
0.00000004738 6.10247687172 106.2741679563
0.00000004879 0.07093292758 78.7137518304
0.00000004854 5.63875710470 1.6969210294
0.00000005629 3.73870719507 530.2122299564
0.00000004471 4.49152590899 505.3119427064
0.00000004313 4.79367774897 535.107591066
0.00000004280 0.54783823710 1.4362885985
0.00000004453 0.50550043817 524.0618908021
0.00000004936 4.82992128024 422.6660376129
0.00000004701 3.41632316320 3060.8259223474
0.00000004261 2.67050830494 561.934294009
0.00000004156 4.00674305729 99.9113804809
0.00000004561 2.29662333497 3163.918696566
0.00000004414 5.67223937661 1464.6394800628
0.00000005270 3.89098773035 191.9584544356
0.00000005344 0.31505537960 1289.9465010146
0.00000003856 4.28927088609 1994.3304451574
0.00000004227 5.32680781419 2538.2485042536
0.00000003968 4.56799284427 1382.8873468466
0.00000003874 1.56573094048 647.0108333148
0.00000004227 5.51697565211 5223.6939198022
0.00000004130 2.81118299519 416.3032501375
0.00000003662 4.35201972236 2737.32050569
0.00000003584 5.48543989133 750.1036075334
0.00000004329 0.84948546685 531.1754378029
0.00000004093 0.19987691246 525.0250986486
0.00000003400 6.00302355875 1.2238402774
0.00000003496 0.31250621097 597.3590166611
0.00000003957 1.92811865595 1512.8068240082
0.00000003299 4.27641782638 526.7702037878
0.00000003218 2.90660065796 963.4027029714
0.00000003150 3.81062282472 280.9671470045
0.00000004129 4.74946631331 0.8937718773
0.00000003840 1.91064921809 378.6432952517
0.00000003057 1.65588839054 528.9402055692
0.00000003011 1.59274545702 224.3447957019
0.00000003197 5.86630896662 4.1446015842
0.00000003628 0.07910101827 558.0021407459
0.00000002932 0.41424504523 7.8643065262
0.00000003316 2.70210829186 532.6117264014
0.00000002925 4.47579366684 533.8837507886
0.00000003688 0.39899953746 685.4739373527
0.00000003224 2.45813595822 960.2213092337
0.00000003059 5.32615258179 530.44172462
0.00000003383 4.42166889790 312.4597163935
0.00000003321 2.71397444568 495.7507151508
0.00000002698 5.23121581439 739.8086667949
0.00000003591 2.30995707520 908.3342603463
0.00000002619 3.09144103989 3267.0114707846
0.00000003567 5.07207593227 73.297125859
0.00000002797 2.98948711408 483.2205421786
0.00000003397 3.29611266379 911.3032057629
0.00000003352 1.44371985824 593.426863398
0.00000002563 3.35095990562 2207.6295405954
0.00000002553 0.36858603419 1048.3362299253
0.00000002621 3.82783663712 520.129737539
0.00000003356 1.08298579333 46.470422916
0.00000003397 3.83080921477 210.1177017003
0.00000003023 5.52874613382 618.5566453116
0.00000002498 0.47888741754 945.2434557067
0.00000002665 0.49714213041 1057.8974574809
0.00000002322 5.87923753103 2751.5475996916
0.00000002587 0.03759881914 1.6445314027
0.00000002901 2.50012990691 525.4981794006
0.00000003153 2.30879679988 457.617679513
0.00000002199 3.94421228731 31.492569389
0.00000002381 6.19254995974 327.4375699205
0.00000002458 0.65614526486 9153.9036160218
0.00000002111 5.61905648764 16.4623262353
0.00000002135 3.75723920792 724.8308132679
0.00000002406 2.29315638318 195.1398481733
0.00000002166 5.43273753334 534.3568315406
0.00000002073 1.50113866877 551.031606097
0.00000002678 5.06400504512 456.3938392356
0.00000002078 5.28920605515 76.2660712756
0.00000002260 5.38117794868 1781.0313497194
0.00000002356 0.67397074780 227.5261894396
0.00000002245 3.18183437676 3377.217792004
0.00000002184 3.08383961547 524.2743391232
0.00000002120 2.70078368869 387.2413149608
0.00000002116 6.20284849642 209.3669421749
0.00000002712 3.18157742001 1474.6737883704
0.00000002127 1.24322560799 539.9859058331
0.00000002034 4.81691423751 2957.7331481288
0.00000002424 3.57564169482 953.1077622329
0.00000001947 1.94468082531 529.5309064002
0.00000001896 4.01429491115 2310.722314814
0.00000001934 4.10019561108 3053.7123753466
0.00000002056 6.27074172997 245.5424243524
0.00000002108 3.22886421713 252.6559713532
0.00000002596 2.77467288033 177.8743727859
0.00000001919 3.14810072956 381.6122406683
0.00000002217 1.92368906923 535.9107402181
0.00000001947 5.03751779986 529.851023789
0.00000002025 4.82814272957 17.2654753874
0.00000001945 2.10604975291 3480.3105662226
0.00000001899 0.05094358013 560.7104537316
0.00000002204 0.59883534036 3178.1457905676
0.00000002271 1.67327013848 731.9443602687
0.00000001706 5.40277333462 20.4468691251
0.00000002292 4.20486152808 1038.0412891868
0.00000002218 3.65953926062 282.4516197128
0.00000002182 4.87392902929 535.3200393871
0.00000001745 1.34021867874 25.1297819136
0.00000001601 3.92730015840 17.5261078183
0.00000001832 0.31684585935 124.433415221
0.00000001651 0.63598292839 17.4084877393
0.00000002041 0.15616571970 598.8434893694
0.00000001494 3.81397557923 319.5732633943
0.00000001550 5.25207305606 437.6438911399
0.00000001852 2.36130812462 37.8724032069
0.00000001466 1.72925259575 59.8037450403
0.00000001443 1.18211898345 440.8252848776
0.00000001417 5.82294202166 81.7521332162
0.00000001404 0.26052756597 50.4025761791
0.00000001906 4.06896916057 1819.6374661092
0.00000001756 2.32963193021 938.1299087059
0.00000001487 2.24866746540 10.0343083076
0.00000001364 3.56722222020 1514.2912967165
0.00000001400 4.84490735600 295.0512286542
0.00000001344 2.20177702106 529.9034134157
0.00000001339 1.16084562282 2435.155730035
0.00000001767 5.45221132569 2854.6403739102
0.00000001678 6.22853454017 833.552661779
0.00000001471 4.80574673735 696.5196376166
0.00000001436 1.45810543491 537.7677199419
0.00000001657 0.02916161564 138.5174968707
0.00000001300 3.14077552949 547.8502123593
0.00000001343 6.14827104783 988.532484885
0.00000001244 2.81685406295 3583.4033404412
0.00000001344 4.78042160411 529.4785167735
0.00000001649 2.12096966866 1061.829610744
0.00000001343 1.43417621076 1158.5425511447
0.00000001476 0.24757783675 1593.0050485469
0.00000001413 3.07444531604 6283.0758499914
0.00000001245 5.94918194719 1056.9342496344
0.00000001389 2.87752350116 1023.9572075371
0.00000001263 3.46181945031 40.8413486235
0.00000001325 4.15426187385 916.9322800554
0.00000001193 1.96467811927 1969.2006632438
0.00000001166 4.65530520965 944.9828232758
0.00000001477 5.26757779384 810.6581120991
0.00000001137 2.48561382158 2.0057375701
0.00000001118 3.80747957482 7.0016724162
0.00000001138 5.11611531676 885.4397106664
0.00000001131 1.54587053613 775.233389447
0.00000001477 4.69745636225 630.3360587584
0.00000001252 1.34285306257 739.0579072695
0.00000001446 5.54999644374 43.2890291783
0.00000001273 5.19038966009 2097.423219376
0.00000001101 4.56980597491 3274.1250177854
0.00000001376 3.61001303649 415.2918581812
0.00000001437 6.22449718728 155.7829722581
0.00000001167 4.09455518613 203.0041546995
0.00000001237 4.41132627005 292.0128472684
0.00000001260 3.05940711410 1894.4190646765
0.00000001077 2.57045229823 25.2727942655
0.00000001230 4.78806138085 1166.4068576709
0.00000001020 3.23608012616 2524.021410252
0.00000001341 0.49262294590 635.231419868
0.00000001209 3.36291805492 521.6142102473
0.00000001030 1.81822316076 465.9550667912
0.00000001338 1.26080837186 902.7051860538
0.00000001037 3.87887112181 3370.1042450032
0.00000001224 0.09270815220 824.7421937488
0.00000000991 4.16587901561 632.831923423
0.00000001256 3.04496727213 447.7958195265
0.00000000976 3.80163486221 2627.1141844706
0.00000001049 2.94996331904 3693.6096616606
0.00000000984 0.98260252064 632.7355552034
0.00000001050 2.20935815967 7.2254215854
0.00000000992 5.41914618009 1059.430114299
0.00000000961 0.87315283345 544.6688186216
0.00000001044 5.63190253364 732.6951197941
0.00000001049 5.81616384906 26.826702943
0.00000001162 0.01265418336 850.0149880143
0.00000001110 3.63236419104 306.830642101
0.00000001077 0.95773741232 608.404716925
0.00000001285 4.22955322265 1215.1649024473
0.00000001060 3.85856786258 631.8205314667
0.00000001165 3.50653563773 8.5980197091
0.00000000932 4.62514414355 1049.0869894507
0.00000001243 6.16316972773 462.0229135281
0.00000001035 1.30805281638 633.7469471597
0.00000001238 2.21195391602 25558.2121764796
0.00000001240 2.27960685992 6.9010986797
0.00000000941 4.14573950731 945.9942152321
0.00000000927 6.10893117621 514.7131115676
0.00000000914 6.17641484462 952.3570027075
0.00000000893 4.27448748055 0.6331394464
0.00000000903 1.94322862741 3796.7024358792
0.00000001162 5.51229668479 2.9689454166
0.00000001042 1.65853884324 565.1156877467
0.00000000901 3.03566995700 460.5384408198
0.00000000903 2.24012900198 523.5406259403
0.00000001063 0.99370930422 320.3240229197
0.00000000970 4.56604202702 429.0458714308
0.00000001070 4.33159520959 610.6923387854
0.00000000861 2.82160166871 1060.3451380357
0.00000000882 4.80008598720 384.0599212231
0.00000000959 5.45446729951 451.9404211107
0.00000001042 5.79270367192 303.8616966844
0.00000000854 0.32316261535 1098.7388061044
0.00000000784 1.85121094914 313.2104759189
0.00000000782 3.03559242565 5.8415226136
0.00000001051 1.41051789534 72.0732855816
0.00000000854 1.22328398267 611.4430983108
0.00000000899 5.32174286122 3171.0322435668
0.00000000991 2.22133552179 1059.3337460794
0.00000000719 4.92550251320 421.93232443
0.00000000954 3.98272904231 836.5216071956
0.00000000822 4.49680557640 10213.285546211
0.00000000715 4.62515255534 385.5443939314
0.00000000730 1.87143496079 153.4953503977
0.00000000708 2.93048853593 417.0369633204
0.00000000864 3.03246422011 1041.2226829245
0.00000000708 6.01601101389 395.105621487
0.00000000935 6.01864688839 173.9422195228
0.00000000695 1.39408383356 432.0148168474
0.00000000687 3.06548397571 529.9515975255
0.00000000679 2.18654815982 2228.9701815978
0.00000000802 0.83949166659 1261.6353253633
0.00000000677 3.58329228033 244.318584075
0.00000000850 5.46114025921 41.0537969446
0.00000000817 4.65313917851 535.8413042489
0.00000000652 0.44220736244 1201.831580323
0.00000000711 0.96230448675 373.0142209592
0.00000000665 1.03244633471 623.2225117576
0.00000000743 2.79188326958 1173.5204046717
0.00000000643 5.05336021072 522.6256022036
0.00000000639 4.22718483639 25.8634950965
0.00000000846 3.26302783028 1151.4290041439
0.00000000715 5.07610655676 1058.4187223427
0.00000000833 1.49468358374 563.6312150384
0.00000000760 4.34851471971 100.6450936638
0.00000000781 3.58209400202 2281.2304965106
0.00000000633 6.23841236159 679.2541622292
0.00000000879 1.69353525086 1744.8558675419
0.00000000633 4.31803237654 3590.516887442
0.00000000651 2.45318135806 1585.1407420207
0.00000000618 2.68178794760 3899.7952100978
0.00000000646 2.88581188015 13.4933808187
0.00000000731 5.86652105139 501.3797894433
0.00000000644 4.64527687663 1134.1635287565
0.00000000651 0.83706409863 2015.6710861598
0.00000000796 5.36663489938 420.9691165835
0.00000000641 4.76533725270 567.8240007324
0.00000000802 5.79880803733 981.6313862053
0.00000000764 5.05232912435 827.9235874865
0.00000000604 5.11227651497 1159.2933106701
0.00000000745 1.80925868883 2332.0629558164
0.00000000666 2.06624389616 27.0873353739
0.00000000559 0.17540224930 63.7358983034
0.00000000654 4.94087804792 2413.8150890326
0.00000000727 1.05835550856 490.0734567485
0.00000000732 5.93179840659 42.5382696529
0.00000000573 3.61521168878 3686.4961146598
0.00000000633 4.21755652519 166.828672522
0.00000000687 3.91671464947 529.4303326637
0.00000000570 2.73603650313 4010.0015313172
0.00000000600 1.82660431776 522.529233984
0.00000000551 5.08473283991 1354.4331588434
0.00000000519 6.11952999304 366.7944458357
0.00000000719 0.85722557203 362.8622925726
0.00000000518 2.03954063338 418.5214360287
0.00000000515 3.51750445096 528.4189407074
0.00000000515 3.47893153369 103.1409583284
0.00000000550 5.77676837013 420.4478517217
0.00000000550 0.61414019478 104.0559820651
0.00000000495 2.41738200479 179.3588454942
0.00000000513 0.29786764002 103.0445901088
0.00000000537 5.47946247228 771.3012361839
0.00000000508 3.08930305232 1357.6145525811
0.00000000495 4.95361665264 536.8526962052
0.00000000681 4.56250434221 112.6540017742
0.00000000484 0.79038835602 28.4541880032
0.00000000529 5.46978500000 419.4364597654
0.00000000596 4.98134265245 1251.3403846248
0.00000000482 3.60230884794 2943.5060541272
0.00000000492 3.95966654574 1269.4996318895
0.00000000630 6.16456074704 105.5404547734
0.00000000480 0.86786400621 35.212274331
0.00000000463 3.15421544338 934.9485149682
0.00000000586 5.48425579444 56.6223513026
0.00000000475 2.28309287464 2042.4977891028
0.00000000502 1.43671788962 469.8872200543
0.00000000565 1.90952569252 107.2855599126
0.00000000467 2.35119921534 1603.2999892854
0.00000000464 3.82801546235 1550.939859646
0.00000000605 1.65413715574 761.7400086283
0.00000000443 5.46290368791 135.336103133
0.00000000580 2.06327501551 493.0424021651
0.00000000540 1.73777056143 536.7563279856
0.00000000433 0.27166977225 93.531546663
0.00000000515 3.46469417422 530.9629894818
0.00000000441 5.28940184186 497.4476361802
0.00000000487 5.78767525063 12036.4607348882
0.00000000571 3.71223026143 1279.794572628
0.00000000419 3.43816729207 1070.4276304531
0.00000000452 2.57855232310 1254.5217783625
0.00000000426 3.21103415941 2840.4132799086
0.00000000414 1.54298025443 115.6229471908
0.00000000424 0.12594305292 1268.7488723641
0.00000000411 3.12423996609 536.2832472336
0.00000000452 1.00220432453 113.3877149571
0.00000000420 0.81806831366 1165.6560981455
0.00000000434 0.36146452053 1304.9243545416
0.00000000401 5.70119897835 1127.0499817557
0.00000000461 3.26463688117 102.1295663721
0.00000000533 2.54951538277 141.2258098564
0.00000000413 4.38709867977 6151.533888305
0.00000000425 3.93823979711 561.1835344836
0.00000000390 2.68799663827 576.1613880106
0.00000000473 4.76746213122 277.0349937414
0.00000000415 1.68861617904 391.1734682239
0.00000000392 3.96583998204 3906.9087570986
0.00000000385 1.69122429631 4113.0943055358
0.00000000451 5.49097711996 602.9880909536
0.00000000499 3.80738289142 81.0013736908
0.00000000454 0.10975881410 600.5404103988
0.00000000377 6.25455256536 913.7508863177
0.00000000453 3.86104865566 758.7710632117
0.00000000407 5.13475793028 3487.4241132234
0.00000000400 4.44473187959 990.2294059144
0.00000000435 3.76103015832 523.0986829556
0.00000000365 5.16456643007 4694.0029547076
0.00000000454 1.63326913717 976.0023119128
0.00000000406 2.72098337513 1438.0252254409
0.00000000349 3.59598547445 1058.8606653274
0.00000000354 0.62083841520 498.6714764576
0.00000000383 5.09228018194 539.2521926502
0.00000000430 6.14341047130 3067.9394693482
0.00000000391 3.25185051260 2655.5683724738
0.00000000459 3.43896606345 121.2520214833
0.00000000435 3.59822556033 860.3099287528
0.00000000424 4.72908722432 1366.2125722902
0.00000000327 4.55290845875 1696.0978227655
0.00000000324 4.23685005208 642.3449668688
0.00000000395 3.26281926074 484.444382456
0.00000000330 6.05223507989 215.7467759928
0.00000000417 0.20262936620 842.9014410135
0.00000000408 0.45802341103 1578.0271950199
0.00000000342 6.15346179830 1371.8416465827
0.00000000340 2.77813018312 3.523118349
0.00000000363 4.68453721321 2730.2069586892
0.00000000309 1.97341771897 754.0357607965
0.00000000324 0.32544817254 586.3133163972
0.00000000302 2.08708848834 526.9826521089
0.00000000352 5.13897382364 523.4711899711
0.00000000352 5.75014912811 806.725958836
0.00000000309 2.49798852626 4326.3934009738
0.00000000295 2.35354744096 4216.1870797544
0.00000000300 1.17310114418 700.4517908797
0.00000000335 4.47490824488 1585.8915015461
0.00000000300 4.94243905681 1379.7059531089
0.00000000324 4.32475054774 299.1263942692
0.00000000402 2.04619630460 842.1506814881
0.00000000312 4.59043534747 188.9200730498
0.00000000288 2.25534557761 878.3261636656
0.00000000395 5.99139284997 3384.3313390048
0.00000000380 1.67961592499 36.6485629295
0.00000000338 1.32019124492 148.0787244263
0.00000000391 4.82188766380 1012.9115072732
0.00000000332 2.02575723995 1091.6252591036
0.00000000282 0.39153852422 207.6700211455
0.00000000280 3.80317669283 298.2326223919
0.00000000386 6.26771150540 1141.1340634054
0.00000000293 4.53809139767 1446.62324515
0.00000000349 4.09122089564 1059.903195051
0.00000000301 4.46304798246 1567.7322542814
0.00000000318 5.50558184307 5216.5803728014
0.00000000327 4.76582526444 134.5853436076
0.00000000280 2.16530669990 2964.8466951296
0.00000000283 3.90409016441 127.4717966068
0.00000000275 0.88658304766 1474.9344208013
0.00000000322 2.48245791694 1065.6017053127
0.00000000360 0.62008772137 1542.6024723678
0.00000000286 5.85849625329 172.2452984934
0.00000000270 4.08297977357 1578.7779545453
0.00000000362 1.06148806683 181.806526049
0.00000000335 4.50997684981 2349.3284312038
0.00000000275 3.38473535401 4002.8879843164
0.00000000315 3.68770155844 1440.9941708575
0.00000000252 2.40663004080 97.6761482472
0.00000000279 5.22410340680 4649.8988176312
0.00000000290 0.61661476278 9146.790069021
0.00000000248 4.45243005934 1688.9842757647
0.00000000300 3.07432010319 1902.2833712027
0.00000000292 2.70170039150 987.3086446076
0.00000000258 4.79343588315 1670.82502850
0.00000000319 1.34244131618 1288.4620283063
0.00000000256 3.45257813604 3259.8979237838
0.00000000325 5.57785413832 1670.0742689746
0.00000000248 4.23500945233 849.2642284889
0.00000000278 0.25405518415 874.3940104025
0.00000000299 4.67059404038 1329.3033769298
0.00000000295 5.86995680986 2804.2377977311
0.00000000328 6.06415193771 1821.1219388175
0.00000000245 4.68144067248 77204.32749453338
0.00000000237 4.97805954611 351.8165923087
0.00000000302 1.20236584617 232.0490435337
0.00000000303 5.53364383200 2274.5468326365
0.00000000286 2.41146391401 2545.3620512544
0.00000000233 1.50676309691 1688.2335162393
0.00000000250 2.31712160522 632.2624744514
0.00000000238 5.06850996242 3803.81598288
0.00000000227 6.27454357025 1586.625214729
0.00000000226 0.05894638117 1518.2234499796
0.00000000259 3.86479264667 782.3469364478
0.00000000235 0.16574304942 137.0330241624
0.00000000225 2.32024197535 2498.8916283384
0.00000000224 6.18923621853 546.1532913299
0.00000000224 3.37553489276 1077.5411774539
0.00000000222 1.23639175728 513.2286388593
0.00000000246 2.81685819136 633.305004175
0.00000000286 5.08443662064 774.0095491696
0.00000000269 4.93013868827 151.0476698429
0.00000000276 5.42875443749 986.0848043302
0.00000000239 0.71912390253 1276.6131788903
0.00000000281 0.54377467623 2122.6960136415
0.00000000218 2.90308501961 85.8272988312
0.00000000221 0.99955195094 1053.7528558967
0.00000000283 6.28058228271 71.8126531507
0.00000000271 6.01605176699 170.7608257851
0.00000000215 5.76717651257 208.633228992
0.00000000228 1.19429336725 1060.8664028975
0.00000000264 3.93467981347 1363.2436268736
0.00000000228 5.04184148954 1064.7985561606
0.00000000295 2.15253083015 6386.16862421
0.00000000217 3.24577492609 2424.1100297711
0.00000000236 4.50018016828 24498.8302462904
0.00000000211 4.25651045434 5069.3834615064
0.00000000264 5.81676359510 77.962992305
0.00000000256 5.65979495257 799.6124118352
0.00000000210 5.29881111973 1457.525933062
0.00000000208 5.72006005477 1064.0477966352
0.00000000241 6.25063055391 1621.3162241982
0.00000000235 2.20691049290 1570.9136480191
0.00000000212 2.88214546012 1674.0064222377
0.00000000206 1.59586698276 4429.4861751924
0.00000000206 3.37322544845 1053.9653042178
0.00000000250 4.49171024387 1482.7987273275
0.00000000213 0.30373351265 8624.2126509272
0.00000000223 4.88418874810 1035.002907801
0.00000000212 4.20492282875 1912.5783119412
0.00000000271 5.11992121116 1818.1529934009
0.00000000210 4.08825553401 203.7378678824
0.00000000283 1.89231830584 313.9441891018
0.00000000258 1.73501688448 1887.3055176757
0.00000000248 2.14407705659 1592.2542890215
0.00000000210 4.52024390322 1262.3860848887
0.00000000252 5.69246926803 104.5772469269
0.00000000219 2.91834170224 2114.8317071153
0.00000000199 3.93816217381 2043.9822618111
0.00000000204 4.76593693079 812.1425848074
0.00000000207 0.25148913797 533.8355666788
0.00000000215 2.01665842348 512.4254897072
0.00000000204 0.90117975859 1408.0171287602
0.00000000225 1.23997208583 3340.6124266998
0.00000000211 5.13548160002 1065.0110044817
0.00000000258 2.36055913266 2861.753920911
0.00000000198 4.32566984621 269.9214467406
0.00000000202 3.19887703276 1553.6481726317
0.00000000194 2.62013252080 683.1863154923
0.00000000217 5.40943412253 546.956440482
0.00000000208 0.06358383719 991.7138786227
0.00000000267 3.27705006018 5120.6011455836
0.00000000191 0.70424277574 4230.414173756
0.00000000200 2.35014426129 1591.5205758386
0.00000000214 6.15608452028 951.6232895246
0.00000000194 1.60798799495 102.5715093568
0.00000000234 4.93895884950 1443.4418514123
0.00000000198 0.93365862986 1909.3969182035
0.00000000185 4.03264704820 1049.8207026336
0.00000000215 0.97603524748 479.2883889155
0.00000000245 2.99717870481 1467.8208738005
0.00000000257 4.70227238723 9050.8108418032
0.00000000183 2.03870101784 635.70450062
0.00000000228 6.23410947014 64.9597385808
0.00000000180 4.21309134581 143.9341228421
0.00000000180 4.82872225059 1063.5747158832
0.00000000180 5.06126965624 52.6901980395
0.00000000226 0.55335289468 554.0699874828
0.00000000209 5.67975843693 48.7580447764
0.00000000186 3.66359750257 108.7218485111
0.00000000190 2.00836664877 1058.6311706638
0.00000000180 1.44709940248 970.5162499722
0.00000000183 3.17358464220 140.9651774255
0.00000000175 3.79284463842 4223.3006267552
0.00000000220 2.43555893039 419.532827985
0.00000000172 3.04802064781 54.3347294422
0.00000000176 3.77033437497 3473.1970192218
0.00000000170 4.66517108448 1372.5924061081
0.00000000178 3.08366669427 4319.279853973
0.00000000198 0.42731863655 857.1285350151
0.00000000215 0.68265759605 1054.7160637432
0.00000000174 0.85388069641 1587.5884225755
0.00000000212 5.41318500564 9580.5018068978
0.00000000200 1.60275119026 6681.2248533996
0.00000000193 2.13003457583 103.6140390804
0.00000000180 4.48952373198 1144.3154571431
0.00000000165 4.54343649149 1365.4788591073
0.00000000211 1.53402733679 1069.6768709277
0.00000000223 0.11650319998 67.8804998876
0.00000000202 0.35527329970 1090.4014188262
0.00000000218 3.57295707203 906.849787638
0.00000000164 1.06674687948 594.6507036754
0.00000000175 2.36532854682 977.4867846211
0.00000000208 0.69348288097 1128.534454464
0.00000000171 5.74458391820 1884.124123938
0.00000000161 0.85437052339 537.5552716208
0.00000000207 0.49276008455 71.6002048296
0.00000000156 5.14834108268 451.7279727896
0.00000000159 5.37530499642 20426.571092422
0.00000000170 1.78813796184 5230.807466803
0.00000000218 0.27875486270 175.1660598002
0.00000000215 1.88254208749 1140.38330388
0.00000000209 3.54917317190 3156.8051495652
0.00000000171 1.79628112458 1123.1178284926
0.00000000188 5.24747110812 25565.3257234804
0.00000000214 3.66925552525 84.9335269539
0.00000000203 2.83619345048 1489.9122743283
0.00000000173 4.34546063838 3046.5988283458
0.00000000151 1.16342049906 3914.0223040994
0.00000000190 5.67865609408 1060.1326897146
0.00000000167 0.53874364357 528.0464336919
0.00000000203 0.70565787834 498.1983957056
0.00000000171 4.21009295927 946.727928415
0.00000000205 3.05470007095 1062.302691496
0.00000000203 3.28866933881 1020.025054274
0.00000000179 2.14335011927 627.3671133418
0.00000000183 2.35011338194 25551.09862947879
0.00000000162 1.58054653744 628.5909536192
0.00000000145 1.33045199323 821.703812363
0.00000000181 2.85483720271 1055.1891444952
0.00000000151 3.43200492547 629.8629780064
0.00000000178 3.58994989047 2004.364753465
0.00000000157 3.15195765206 1025.4416802454
0.00000000142 4.79458547350 1799.1905969841
0.00000000162 4.86173373432 441.576044403
0.00000000185 3.21794429243 1595.2926704073
0.00000000139 0.89228489209 1432.3961511484
0.00000000167 2.85163037043 5746.271337896
0.00000000167 5.73970232471 5760.4984318976
0.00000000180 3.56547170390 3185.2593375684
0.00000000151 2.13306499259 1094.8066528413
0.00000000181 3.32294686175 229.0800981171
0.00000000160 1.05753894323 1087.6931058405
0.00000000165 3.51478084503 707.5653378805
0.00000000134 1.82354002117 5591.9608796002
0.00000000153 0.36221123982 835.7878940127
0.00000000149 5.48394113995 4333.5069479746
0.00000000169 5.98967815113 2210.8109343331
0.00000000130 4.05971369649 2005.3761454213
0.00000000176 4.67735877741 1966.2317178272
0.00000000151 4.89507270868 532.3992780803
0.00000000132 4.46820798180 1987.2168981566
0.00000000152 2.54945350135 1589.024711174
0.00000000135 2.67785802201 78263.70942472259
0.00000000133 2.22367803003 4642.7852706304
0.00000000152 5.74726585589 1589.1210793936
0.00000000131 5.44366528120 1588.1096874373
0.00000000130 5.08622554741 650.9429865779
0.00000000127 3.01271886345 1590.0361031303
0.00000000165 0.63157456503 2729.4561991638
0.00000000160 3.09136733422 1493.093668066
0.00000000126 4.02785244573 2012.4896924221
0.00000000149 4.88056376194 10206.1719992102
0.00000000120 3.66807990470 1268.0151591812
0.00000000120 1.28575150669 3597.6304344428
0.00000000118 5.98810576269 531.387886124
0.00000000118 1.62024281593 927.8349679674
0.00000000160 4.48451486494 2654.6746005965
0.00000000128 4.08631741503 638.4128136057
0.00000000114 6.19276216389 1834.6153196362
0.00000000113 0.28741277087 1208.9451273238
0.00000000122 1.34377557036 446.3113468182
0.00000000113 2.64305802892 3494.5376602242
0.00000000120 2.29717715125 1059.2218714948
0.00000000111 5.97803783981 550.1378342197
0.00000000120 5.96435211741 3281.2385647862
0.00000000110 1.45784255142 509.2440959695
0.00000000123 1.58528243666 1080.7225711916
0.00000000108 2.15949816307 4532.578949411
0.00000000131 2.49342323482 920.8644333185
0.00000000107 0.03308245525 521.8266585684
0.00000000112 2.26353490193 2534.3163509905
0.00000000124 5.97253582505 3700.7232086614
0.00000000143 0.97252781618 4443.713269194
0.00000000104 3.10363960804 8094.5216858326
0.00000000119 4.36305496553 1056.4611688824
0.00000000104 5.38869056901 767.3690829208
0.00000000103 4.75766349480 1226.2106027112
0.00000000116 0.51605524063 5621.8429232104
0.00000000104 6.08481630108 528.2546764961
0.00000000119 1.06475525020 527.9940440652
0.00000000121 5.66645074030 2200.5159935946
0.00000000135 3.04469989833 2199.7652340692
0.00000000101 3.61205787591 3789.5888888784
0.00000000100 4.82071617356 2100.6046131137
0.00000000136 2.25652419983 1291.4309737229
0.00000000104 0.89730746810 531.1272536931
0.00000000108 0.43456673876 288.0806940053
0.00000000120 5.39001412580 1059.5419888836
0.00000000125 0.62099682567 1997.5118388951
0.00000000134 5.25320383252 1895.9035373848
0.00000000103 3.61799646841 1792.0770499833
0.00000000118 1.00645954017 745.4377410874
0.00000000111 5.68172209277 4017.115078318
0.00000000093 1.71996718617 4164.311989613
0.00000000091 4.54586794299 5901.239202256
0.00000000103 1.44157781039 1731.5225454176
0.00000000094 2.94025887120 995.6460318858
0.00000000101 5.09893554431 530.5847369719
0.00000000102 0.27489333673 450.9772132642
0.00000000121 3.07830472533 580.0935412737
0.00000000098 0.35522834563 5371.5482371614
0.00000000089 2.36605964279 1176.7017984094
0.00000000115 3.54968128884 5488.8681053816
0.00000000086 2.70671848058 2424.8607892965
0.00000000109 0.93924032031 3707.8367556622
0.00000000089 2.47000942358 4312.1663069722
0.00000000092 0.49026147824 5392.8888781638
0.00000000085 0.57009625976 1628.429771199
0.00000000084 2.52951052433 4657.012364632
0.00000000095 0.49298916700 1230.1427559743
0.00000000101 1.88318822487 528.7971932173
0.00000000083 6.05838879510 2858.5725271733
0.00000000083 3.97031381838 247.2393453818
0.00000000082 4.61989860058 3252.784376783
0.00000000081 2.09438144860 2203.6973873323
0.00000000081 3.48070291292 1231.6272286826
0.00000000108 2.69586646495 10110.1927719924
0.00000000083 0.06930748257 530.914805372
0.00000000080 0.22833904656 2218.6752408593
0.00000000083 0.62963097943 528.4671248172
0.00000000084 3.31531263655 1895.1698242019
0.00000000082 4.56743340637 6231.8581659142
0.00000000082 3.36834041159 5172.476235725
0.00000000097 0.87887326085 9690.7081281172
0.00000000097 4.27398661375 9676.4810341156
0.00000000083 2.55427334700 1059.5943785103
0.00000000099 4.22263740110 8521.1198767086
0.00000000078 5.75868229769 5812.373522039
0.00000000078 4.55958930291 4752.9915918498
0.00000000080 1.07708178317 5378.6617841622
0.00000000078 0.76677000831 525.5463635104
0.00000000081 3.10720885599 2527.2028039897
0.00000000081 0.45113135705 2516.9078632512
0.00000000098 1.42656513937 757.2171545342
0.00000000087 4.62233814403 184.9879197867
0.00000000103 2.56729943579 1124.34166877
0.00000000102 1.33070990614 3782.4753418776
0.00000000084 5.05086451175 1160.027023853
0.00000000079 2.29616426691 2758.6611466924
0.00000000080 0.85136002390 1791.3262904579
0.00000000075 5.42366672204 2755.4797529547
0.00000000085 1.86831566677 25028.521211385
0.00000000079 4.70716888788 4120.2078525366
0.00000000073 4.69119414591 2115.5824666407
0.00000000098 3.93222636960 2124.9836355019
0.00000000072 3.82048491843 4539.6924964118
0.00000000081 5.76205552882 617.8058857862