5.20887429326 0.0 0.0
0.25209327119 3.49108639871 529.6909650946
0.00610599976 3.84115365948 1059.3819301892
0.00282029458 2.57419881293 632.7837393132
0.00187647346 2.07590383214 522.5774180938
0.00086792905 0.71001145545 419.4846438752
0.00072062974 0.21465724607 536.8045120954
0.00065517248 5.97995884790 316.3918696566
0.00029134542 1.67759379655 103.0927742186
0.00030135335 2.16132003734 949.1756089698
0.00023453271 3.54023522184 735.8765135318
0.00022283743 4.19362594399 1589.0728952838
0.00023947298 0.27458037480 7.1135470008
0.00013032614 2.96042965363 1162.4747044078
0.00009703360 1.90669633585 206.1855484372
0.00012749023 2.71550286592 1052.2683831884
0.00009161393 4.41352953117 213.299095438
0.00007894511 2.47907592482 426.598190876
0.00007057931 2.18184839926 1265.5674786264
0.00006137703 6.26418240033 846.0828347512
0.00005477001 5.65729989857 639.897286314
0.00003502493 0.56532365822 1066.49547719
0.00004136822 2.72220872400 625.6701923124
0.00004169954 2.01603822251 515.463871093
0.00002499967 4.55181655381 838.9692877504
0.00002616976 2.00994012876 1581.959348283
0.00001912009 0.85621128851 412.3710968744
0.00002127681 6.12755221002 742.9900605326
0.00001610567 3.08871452594 1368.660252845
0.00001479513 2.68021307468 1478.8665740644
0.00001230630 1.89052048109 323.5054166574
0.00001216895 1.80176263029 110.2063212194
0.00000961113 4.54876995367 2118.7638603784
0.00000885764 4.14783869943 533.6231183577
0.00000776583 3.67710828843 728.762966531
0.00000998591 2.87205397992 309.2783226558
0.00001014733 1.38675822271 454.9093665273
0.00000727156 3.98827252563 1155.361157407
0.00000655334 2.79072596910 1685.0521225016
0.00000821383 1.59351544602 1898.3512179396
0.00000620818 4.82275194351 956.2891559706
0.00000654071 3.38140746852 1692.1656695024
0.00000811993 5.94093410097 909.8187330546
0.00000562092 0.08114877791 543.9180590962
0.00000542222 0.28357235311 525.7588118315
0.00000457841 0.12720499202 1375.7737998458
0.00000614740 2.27633681284 942.062061969
0.00000435816 2.60279250213 95.9792272178
0.00000496009 5.53020241869 380.12776796
0.00000469974 2.81883756859 1795.258443721
0.00000445057 0.14648640292 14.2270940016
0.00000290917 3.89373030829 1471.7530270636
0.00000276581 2.52188912681 2001.4439921582
0.00000275010 2.98827073289 526.5095713569
0.00000293746 2.04945754349 199.0720014364
0.00000291010 6.03128127682 1169.5882514086
0.00000338146 2.79887096517 1045.1548361876
0.00000257472 6.13406653083 532.8723588323
0.00000319036 1.34818583641 2214.7430875962
0.00000309305 5.36839401116 1272.6810256272
0.00000345803 1.56404960644 491.5579294568
0.00000303364 1.15407454389 5753.3848848968
0.00000192308 0.91996013364 1596.1864422846
0.00000215435 2.63589770012 2111.6503133776
0.00000200591 2.37332227687 1258.4539316256
0.00000239039 3.57396895042 835.0371344873
0.00000197072 5.92862098187 453.424893819
0.00000139406 3.63978241621 1788.1448967202
0.00000191351 0.00008947898 983.1158589136
0.00000176442 2.57642803889 9683.5945811164
0.00000123523 2.26101680855 2317.8358618148
0.00000128191 4.66615733627 831.8557407496
0.00000112538 0.85603677104 433.7117378768
0.00000128822 1.10499202918 2531.1349572528
0.00000099327 4.50365769161 518.6452648307
0.00000093945 2.72470156299 853.196381752
0.00000106425 5.81491645745 220.4126424388
0.00000120294 2.95204440510 3.9321532631
0.00000081685 3.23399956574 1361.5467058442
0.00000103994 2.22277966661 74.7815985673
0.00000112513 4.86217051434 528.2064923863
0.00000079631 0.88529543139 430.5303441391
0.00000085789 2.11469709334 1574.8458012822
0.00000085635 2.33825806277 2428.0421830342
0.00000068348 3.35769613854 2104.5367663768
0.00000069535 3.04092499583 302.164775655
0.00000069854 3.22383407236 305.3461693927
0.00000069498 0.20470467419 532.1386456494
0.00000057002 2.00278403070 2634.2277314714
0.00000077019 2.09814823113 508.3503240922
0.00000056672 3.91635330750 2221.856634597
0.00000058366 5.72512642459 628.8515860501
0.00000052433 4.02508574580 527.2432845398
0.00000063628 1.10008717069 1364.7280995819
0.00000053607 0.87404483378 2847.5268269094
0.00000059639 0.95858565273 494.2662424425
0.00000058002 3.45633892143 2008.557539159
0.00000041530 3.51955496522 529.7391492044
0.00000044717 1.62318067555 984.6003316219
0.00000044943 4.90105773635 2648.454825473
0.00000053154 1.19752849531 760.25553592
0.00000044532 4.42376920441 1063.3140834523
0.00000037511 2.93024338067 1677.9385755008
0.00000041535 0.32174379070 529.6427809848
0.00000042886 0.03097825861 1439.5096981492
0.00000046010 2.54409504187 636.7158925763
0.00000040307 4.39482471634 1148.2476104062
0.00000038818 4.31684853535 149.5631971346
0.00000040357 2.10207822074 2744.4340526908
0.00000048851 5.60297823445 2810.9214616052
0.00000037030 5.07904223157 1905.4647649404
0.00000043876 1.24634677337 621.7380390493
0.00000034015 3.09481058565 2420.9286360334
0.00000036829 0.84237174099 530.6541729411
0.00000031256 5.35795807657 1485.9801210652
0.00000039276 4.70909591065 569.0478410098
0.00000039790 2.46062195592 355.7487455718
0.00000031530 6.19283211825 3.1813937377
0.00000028366 2.48520234303 519.3960243561
0.00000032409 2.73383239343 604.4725636619
0.00000027094 3.92463420595 2324.9494088156
0.00000029014 1.83523374921 1891.2376709388
0.00000026731 1.74874273361 2950.619601128
0.00000026453 0.60429095482 1055.4497769261
0.00000033475 0.76463170350 643.8294395771
0.00000026499 1.03248824966 405.2575498736
0.00000025634 3.46480952342 458.8415197904
0.00000024450 0.88074669554 423.4167971383
0.00000032957 3.18606309728 528.7277572481
0.00000022463 0.43478364259 1073.6090241908
0.00000021623 1.42192729492 540.7366653585
0.00000025640 0.52452881258 511.5317178299
0.00000021016 3.08217890882 629.6023455755
0.00000022666 0.65441785872 3163.918696566
0.00000019316 5.17023800333 635.9651330509
0.00000026139 1.33354028131 330.6189636582
0.00000018303 3.59973766130 746.9222137957
0.00000018225 2.66424699243 1994.3304451574
0.00000019775 4.13615184912 1464.6394800628
0.00000019466 1.85632162779 3060.8259223474
0.00000023930 4.99825426891 1289.9465010146
0.00000021865 5.91688197848 1802.3719907218
0.00000017423 2.81999126875 2737.32050569
0.00000016669 5.67299018075 408.4389436113
0.00000022940 5.26760480260 672.1406152284
0.00000018349 1.89870628722 1021.2488945514
0.00000019065 3.66520144826 415.5524906121
0.00000015733 3.34757176872 1056.2005364515
0.00000016361 0.18155522601 1699.2792165032
0.00000018718 1.97821694809 38.1330356378
0.00000018769 3.69167351769 88.865680217
0.00000015530 3.82369172511 721.6494195302
0.00000015401 1.06319902793 114.1384744825
0.00000016809 1.91000618622 217.2312487011
0.00000015253 1.31927244263 117.3198682202
0.00000015115 3.74899964992 2641.3412784722
0.00000019654 2.73391065610 39.3568759152
0.00000014669 1.67269531093 529.1697002328
0.00000014116 3.55112673348 142.4496501338
0.00000013001 1.48488755301 3267.0114707846
0.00000014924 1.32583007552 490.3340891794
0.00000014753 4.64530618099 6283.0758499914
0.00000014666 0.80451966905 5223.6939198022
0.00000012149 3.66755220800 750.1036075334
0.00000011954 2.97127390765 505.3119427064
0.00000014697 2.16792533244 530.2122299564
0.00000012272 0.20695687447 1062.5633239269
0.00000011491 1.11749661877 561.934294009
0.00000011727 1.65922790150 2207.6295405954
0.00000011081 3.22060243425 535.107591066
0.00000011566 5.23036903534 524.0618908021
0.00000011187 3.83842425050 76.2660712756
0.00000012702 3.96823187752 2538.2485042536
0.00000010918 1.27796360308 2125.8774073792
0.00000011242 3.23197763125 422.6660376129
0.00000012640 0.73683423677 908.3342603463
0.00000011310 5.55879589444 531.1754378029
0.00000009584 5.01019903321 597.3590166611
0.00000010310 3.83872758066 1781.0313497194
0.00000010762 4.91380719453 525.0250986486
0.00000011756 5.11238523418 685.4739373527
0.00000011958 1.72875918561 911.3032057629
0.00000009511 2.95053004168 1382.8873468466
0.00000008902 2.40357723787 2310.722314814
0.00000009215 2.57853098079 3053.7123753466
0.00000009920 0.43817210648 3480.3105662226
0.00000008714 3.67018202505 739.8086667949
0.00000008664 2.70398612383 526.7702037878
0.00000009435 1.61939988249 3377.217792004
0.00000011544 1.59031375667 1474.6737883704
0.00000009532 0.35524234217 1512.8068240082
0.00000009993 4.80140922781 558.0021407459
0.00000007969 0.08480602718 528.9402055692
0.00000007929 1.46877435816 963.4027029714
0.00000008877 1.21758319481 416.3032501375
0.00000008738 5.29236760592 945.2434557067
0.00000008611 1.13232641062 532.6117264014
0.00000007852 6.26908468547 647.0108333148
0.00000007581 2.90608705953 533.8837507886
0.00000008585 6.06648047796 10213.285546211
0.00000010150 2.49061363606 1819.6374661092
0.00000008534 2.22687140541 9153.9036160218
0.00000007968 3.75535355212 530.44172462
0.00000009742 6.15792553288 593.426863398
0.00000007137 3.59005542659 2957.7331481288
0.00000007176 0.12508174554 224.3447957019
0.00000008727 0.75644622066 960.2213092337
0.00000007073 2.17418036839 724.8308132679
0.00000007193 2.30068915654 520.129737539
0.00000006555 4.75218205387 202.2533951741
0.00000006417 1.25043809621 3583.4033404412
0.00000008270 1.24822326308 495.7507151508
0.00000007123 3.84780072799 618.5566453116
0.00000008145 0.73137862078 230.5645708254
0.00000006151 5.50130756047 11.0457002639
0.00000007972 2.08176164007 953.1077622329
0.00000007652 0.92748230521 525.4981794006
0.00000007432 0.31435666835 378.6432952517
0.00000006222 1.46220596893 483.2205421786
0.00000007153 0.18772230606 731.9443602687
0.00000006706 2.92078077444 1038.0412891868
0.00000007309 6.27084750121 21.3406410024
0.00000006129 2.68322633435 312.4597163935
0.00000007541 0.73440261131 457.617679513
0.00000005558 3.83419160288 534.3568315406
0.00000005343 5.25360544458 1048.3362299253
0.00000005341 6.22288713664 551.031606097
0.00000005613 1.51210605952 524.2743391232
0.00000005478 5.95887338334 539.9859058331
0.00000005216 2.20381924871 280.9671470045
0.00000005056 0.37387972537 529.5309064002
0.00000006202 5.53800819472 2.4476805548
0.00000006261 0.75330485783 938.1299087059
0.00000005419 5.96993331731 227.5261894396
0.00000005710 2.12868548085 191.9584544356
0.00000005218 4.69335266854 560.7104537316
0.00000004840 1.51601288645 2524.021410252
0.00000005738 0.34249718209 535.9107402181
0.00000005056 3.46671669992 529.851023789
0.00000005409 5.21471277042 1057.8974574809
0.00000004734 2.27733077170 3370.1042450032
0.00000005220 3.61280797725 2097.423219376
0.00000004861 1.38856203056 3693.6096616606
0.00000005738 4.79777823324 598.8434893694
0.00000005690 3.93800591227 2854.6403739102
0.00000004988 4.87228166876 1.4844727083
0.00000005424 3.53268613904 456.3938392356
0.00000004289 4.84380640711 70.8494453042
0.00000005944 3.79180483544 25558.2121764796
0.00000004189 2.08145249041 2627.1141844706
0.00000004549 5.64074512699 2435.155730035
0.00000004268 6.20250525407 775.233389447
0.00000005405 4.66492781581 833.552661779
0.00000005607 3.30270139804 535.3200393871
0.00000004171 3.14858229862 944.9828232758
0.00000004128 5.84804741359 440.8252848776
0.00000004387 4.69677892021 327.4375699205
0.00000004468 0.21348044420 92.0470739547
0.00000004052 3.31367006050 3274.1250177854
0.00000004375 0.20464725158 3796.7024358792
0.00000004301 0.99845168304 387.2413149608
0.00000004703 1.96435195092 107.0249274817
0.00000004213 3.21377867882 696.5196376166
0.00000004014 4.62540459805 2751.5475996916
0.00000003824 3.60290168808 437.6438911399
0.00000004183 4.74495457566 988.532484885
0.00000003687 1.57511269436 381.6122406683
0.00000003808 3.97513732318 732.6951197941
0.00000004134 2.59512563472 916.9322800554
0.00000004905 2.67946228179 1215.1649024473
0.00000004340 1.51432586300 1894.4190646765
0.00000003490 0.63097592112 529.9034134157
0.00000004179 4.79066440364 824.7421937488
0.00000004126 3.63856052239 810.6581120991
0.00000003701 6.17676412880 537.7677199419
0.00000004355 3.13180489048 630.3360587584
0.00000003315 1.52493374102 547.8502123593
0.00000003490 3.20962050417 529.4785167735
0.00000003555 6.03691345521 739.0579072695
0.00000004099 6.00401453177 902.7051860538
0.00000004004 2.13540836634 210.1177017003
0.00000003295 2.58083202302 945.9942152321
0.00000003270 3.49304887352 1166.4068576709
0.00000003994 4.78250942681 850.0149880143
0.00000004240 0.11161358607 1744.8558675419
0.00000004002 5.20683965697 635.231419868
0.00000003115 4.61995541904 952.3570027075
0.00000003003 0.92689294845 3899.7952100978
0.00000003241 6.13636496944 10.2949407385
0.00000003219 1.83595567094 18.1592472647
0.00000002983 2.60087913786 632.831923423
0.00000002967 5.69894599757 632.7355552034
0.00000003168 6.13783090971 1158.5425511447
0.00000003226 5.59957707360 608.404716925
0.00000003122 5.65071502170 99.1606209555
0.00000003761 2.09239982789 282.4516197128
0.00000003356 1.79147113193 521.6142102473
0.00000002838 4.60179563689 245.5424243524
0.00000002715 2.03270124891 1514.2912967165
0.00000002643 3.69017270026 885.4397106664
0.00000003057 6.02461785861 633.7469471597
0.00000003048 2.29027670842 631.8205314667
0.00000002782 3.18187038682 295.0512286542
0.00000003015 1.28347490089 1023.9572075371
0.00000002632 0.54069640678 195.1398481733
0.00000002559 0.17635133075 35.4247226521
0.00000002714 3.28872509961 2413.8150890326
0.00000003249 2.40881833627 836.5216071956
0.00000002451 5.58559481110 544.6688186216
0.00000002535 1.44414086617 460.5384408198
0.00000002441 0.23204756934 465.9550667912
0.00000002410 4.36768640011 1056.9342496344
0.00000002452 4.53818807914 514.7131115676
0.00000003237 1.17006919872 177.8743727859
0.00000002333 2.13962165652 319.5732633943
0.00000003217 0.60541914081 1061.829610744
0.00000002398 0.64110233160 523.5406259403
0.00000002638 3.81178618526 3171.0322435668
0.00000002791 2.71505085086 610.6923387854
0.00000002729 1.77752023407 252.6559713532
0.00000002681 0.09370791758 565.1156877467
0.00000002209 0.54839208938 2228.9701815978
0.00000002312 2.07210502831 3686.4961146598
0.00000002683 4.94305916877 1593.0050485469
0.00000002526 1.07528597373 12036.4607348882
0.00000002268 0.36783878457 1969.2006632438
0.00000002688 1.51547910962 447.7958195265
0.00000002235 5.95475282699 6151.533888305
0.00000002710 4.64908513849 462.0229135281
0.00000002334 4.47618012518 209.3669421749
0.00000002175 4.53588570240 501.3797894433
0.00000002335 5.92743690508 611.4430983108
0.00000002384 2.81746623044 3340.6124266998
0.00000002075 3.13164231864 1049.0869894507
0.00000002789 1.27687797437 1041.2226829245
0.00000002024 1.80008813939 2943.5060541272
0.00000002039 4.67544543631 679.2541622292
0.00000002748 1.97292590154 415.2918581812
0.00000001993 2.02503599030 1058.8606653274
0.00000002293 2.99171378261 69.1525242748
0.00000002083 1.11198641001 4010.0015313172
0.00000002018 0.04630518303 4113.0943055358
0.00000001930 3.34507193410 421.93232443
0.00000002153 2.17059512290 1269.4996318895
0.00000001928 1.15367163096 1060.3451380357
0.00000002336 1.96332360970 1279.794572628
0.00000002201 2.94451315794 429.0458714308
0.00000001939 3.22015613937 3590.516887442
0.00000001843 5.23293157757 14.977853527
0.00000001930 5.46749050005 2281.2304965106
0.00000002171 2.83736293048 292.0128472684
0.00000002125 0.06224847813 24.3790223882
0.00000001938 3.79909584528 1059.430114299
0.00000002157 3.89303145878 451.9404211107
0.00000002029 3.95461045826 771.3012361839
0.00000001784 1.49468287576 529.9515975255
0.00000001815 4.78077969800 78.7137518304
0.00000001748 3.48730020953 522.6256022036
0.00000001759 0.41344084540 754.0357607965
0.00000001816 1.24334711210 417.0369633204
0.00000001942 1.95782403724 934.9485149682
0.00000001809 3.51500010497 1354.4331588434
0.00000001766 5.76140570543 623.2225117576
0.00000002346 5.38154028450 1261.6353253633
0.00000002158 3.45672748590 827.9235874865
0.00000001690 2.68085848682 642.3449668688
0.00000001973 1.04545877724 33.9402499438
0.00000001751 3.13572498964 384.0599212231
0.00000001800 5.45980392229 1201.831580323
0.00000001682 6.10616525578 432.0148168474
0.00000001936 3.00893936737 567.8240007324
0.00000002058 3.08341203251 535.8413042489
0.00000001782 5.03100165106 1098.7388061044
0.00000001826 2.13081844602 99.9113804809
0.00000002075 3.18662095186 1366.2125722902
0.00000002274 5.17947578060 3178.1457905676
0.00000001706 3.09150223641 1251.3403846248
0.00000002242 1.74102512909 1151.4290041439
0.00000001613 3.16800255751 67.6680515665
0.00000001715 5.04087524117 586.3133163972
0.00000001609 5.65561775211 1165.6560981455
0.00000001680 3.07291090659 1134.1635287565
0.00000001994 2.52023134686 1059.903195051
0.00000002154 6.16996906006 563.6312150384
0.00000001703 0.99422663808 1254.5217783625
0.00000001748 3.47238840628 1058.4187223427
0.00000001865 1.62280773417 5.4166259714
0.00000001886 5.58469840330 32.2433289144
0.00000001559 0.38338275068 313.2104759189
0.00000001673 4.16553276624 106.2741679563
0.00000001624 3.47283697724 1159.2933106701
0.00000001552 3.04262360186 385.5443939314
0.00000001728 2.12791034661 306.830642101
0.00000001495 1.43630114874 2840.4132799086
0.00000001511 4.44377608685 395.105621487
0.00000001958 0.05215107058 761.7400086283
0.00000001755 1.27198192898 1173.5204046717
0.00000001548 0.44749208924 4216.1870797544
0.00000001493 2.79720044893 277.0349937414
0.00000001636 0.26199351490 522.529233984
0.00000001569 2.55719070621 4.192785694
0.00000001466 2.24427810064 1550.939859646
0.00000001858 3.79797229590 420.9691165835
0.00000001915 4.75826139824 3067.9394693482
0.00000001684 2.42057577614 203.0041546995
0.00000001784 2.34591354953 529.4303326637
0.00000001938 0.60127744372 1059.3337460794
0.00000001804 5.16348161105 1578.0271950199
0.00000001371 3.54043412257 5.6290742925
0.00000001362 6.04117291776 0.9632078465
0.00000001361 0.45533257707 418.5214360287
0.00000001494 5.65499635123 373.0142209592
0.00000001840 4.24679354047 981.6313862053
0.00000001567 3.32429870195 532.3992780803
0.00000001405 1.78978994642 4002.8879843164
0.00000001340 1.94668282270 528.4189407074
0.00000001745 5.76913240451 490.0734567485
0.00000001472 2.98912826857 2730.2069586892
0.00000001437 4.19470227783 420.4478517217
0.00000001303 0.66473988441 173.9422195228
0.00000001578 3.90273683089 602.9880909536
0.00000001335 5.58590962636 1276.6131788903
0.00000001385 3.88479835656 419.4364597654
0.00000001663 3.94564005698 2274.5468326365
0.00000001351 0.81710478493 1585.1407420207
0.00000001491 1.66541765776 2655.5683724738
0.00000001353 0.74889817664 632.2624744514
0.00000001331 2.44677888034 561.1835344836
0.00000001291 0.78974363945 1603.2999892854
0.00000001659 5.59776019266 362.8622925726
0.00000001513 4.29754579983 303.8616966844
0.00000001227 4.41715278426 531.387886124
0.00000001213 4.55260634893 366.7944458357
0.00000001521 0.55776043586 1592.2542890215
0.00000001220 3.63029788040 497.4476361802
0.00000001333 1.24847548771 633.305004175
0.00000001540 5.74134360983 320.3240229197
0.00000001212 3.38335836048 536.8526962052
0.00000001245 4.21639502753 4.665866446
0.00000001358 3.42385026423 539.2521926502
0.00000001482 3.06076740133 1585.8915015461
0.00000001552 0.48480014971 493.0424021651
0.00000001462 2.30628702663 1363.2436268736
0.00000001180 3.52707625131 1064.7985561606
0.00000001406 1.53810768058 1020.025054274
0.00000001415 2.27798301933 758.7710632117
0.00000001336 1.89387272380 530.9629894818
0.00000001485 3.55629043627 774.0095491696
0.00000001247 5.64344659992 479.2883889155
0.00000001106 0.89453807282 2.9207613068
0.00000001227 2.76228281324 299.1263942692
0.00000001086 5.66285953861 1053.7528558967
0.00000001091 2.82244505598 1262.3860848887
0.00000001168 3.65910636679 3487.4241132234
0.00000001329 0.16664094530 536.7563279856
0.00000001124 5.88442602775 1060.8664028975
0.00000001082 4.51407359350 528.2546764961
0.00000001105 1.93890691771 244.318584075
0.00000001059 1.55367109732 536.2832472336
0.00000001317 4.06940092395 799.6124118352
0.00000001260 5.75630215326 527.9940440652
0.00000001447 0.65113178433 1091.6252591036
0.00000001413 4.71923061422 1141.1340634054
0.00000001082 5.60975006771 531.1272536931
0.00000001148 3.27410230494 1035.002907801
0.00000001048 4.64334530342 124.433415221
0.00000001072 0.48068438534 1058.6311706638
0.00000001045 4.66144812532 521.8266585684
0.00000001036 1.68979485122 1070.4276304531
0.00000001052 4.72763208314 913.7508863177
0.00000001166 4.97934379883 450.9772132642
0.00000001099 3.13173940863 1482.7987273275
0.00000001372 4.87583487947 842.9014410135
0.00000001037 2.95852835709 3906.9087570986
0.00000001154 3.71720602716 81.7521332162
0.00000001013 0.92736137443 429.7795846137
0.00000001085 3.19275725911 151.0476698429
0.00000001030 0.01725208757 391.1734682239
0.00000001282 4.75859233981 600.5404103988
0.00000000972 0.96985712709 2332.0629558164
0.00000001047 0.99077301795 337.732510659
0.00000000980 3.28594540964 1379.7059531089
0.00000000966 1.62396322160 3259.8979237838
0.00000001125 2.23732263924 523.0986829556
0.00000000937 0.90005698525 576.1613880106
0.00000001044 3.52819283674 530.5847369719
0.00000001129 4.87187369639 874.3940104025
0.00000001244 0.80634178279 419.532827985
0.00000000924 2.35629391980 1912.5783119412
0.00000001087 3.21065829760 6681.2248533996
0.00000000920 3.01896006307 1372.5924061081
0.00000000914 4.34560268499 1127.0499817557
0.00000000931 5.56146061492 537.5552716208
0.00000000912 2.25878214021 1467.8208738005
0.00000001202 1.77363593153 5120.6011455836
0.00000001025 6.08315999637 469.8872200543
0.00000000887 5.53922649066 498.6714764576
0.00000000888 3.38270405256 812.1425848074
0.00000001027 1.64373259126 1493.093668066
0.00000001153 5.20213407672 554.0699874828
0.00000001044 0.31244551729 528.7971932173
0.00000001197 3.12884590029 1966.2317178272
0.00000000970 2.29596237496 100.6450936638
0.00000000930 2.88178471502 1056.4611688824
0.00000001052 1.69484089706 484.444382456
0.00000000847 3.25831322794 1063.5747158832
0.00000001137 4.02029739425 1670.0742689746
0.00000000864 2.69234571372 31.019488637
0.00000000906 6.05494155026 446.3113468182
0.00000000860 4.78175008217 530.914805372
0.00000000939 3.51238251326 523.4711899711
0.00000000860 5.34207357904 528.4671248172
0.00000000876 0.87683423308 4326.3934009738
0.00000000819 3.57201959303 451.7279727896
0.00000000824 0.66291575747 20426.571092422
0.00000000849 3.23256854293 1670.82502850
0.00000000820 5.73661004927 594.6507036754
0.00000001116 1.22881167024 1489.9122743283
0.00000000868 0.80016386644 2042.4977891028
0.00000000880 4.22241993782 1884.124123938
0.00000000835 5.37311812708 5621.8429232104
0.00000000974 3.67667471757 25565.3257234804
0.00000000788 0.51622458293 526.9826521089
0.00000000895 2.77465005384 3046.5988283458
0.00000000849 4.31414424046 806.725958836
0.00000000925 0.55478184950 627.3671133418
0.00000000920 6.26573335293 700.4517908797
0.00000000892 2.67011158629 946.727928415
0.00000000846 5.90640854756 1087.6931058405
0.00000000948 0.77931728039 25551.09862947879
0.00000000844 0.00976249584 628.5909536192
0.00000000760 1.12121829396 683.1863154923
0.00000000820 1.58880252302 1025.4416802454
0.00000000781 1.86416466337 629.8629780064
0.00000000967 3.20618313117 9050.8108418032
0.00000000805 0.08389717815 4532.578949411
0.00000000919 5.60009343497 498.1983957056
0.00000000738 2.64976372130 1012.9115072732
0.00000000738 5.90389531154 701.936263588
0.00000000741 3.06795481071 5481.7545583808
0.00000000725 2.81220410314 3597.6304344428
0.00000000878 1.02427130092 5760.4984318976
0.00000000721 5.29574036514 1304.9243545416
0.00000000994 5.16391370100 10316.3783204296
0.00000000890 4.10819809661 1060.1326897146
0.00000000830 0.30961042231 1123.1178284926
0.00000000962 1.48376004518 1062.302691496
0.00000000823 3.22228477513 121.2520214833
0.00000000916 6.02908368648 7.8643065262
0.00000000725 2.18809065860 1176.7017984094
0.00000000861 4.41932623043 5746.271337896
0.00000000854 5.47701506544 2818.035008606
0.00000000709 1.09852456494 248.7238180901
0.00000000856 2.58042139486 2803.8079146044
0.00000000734 0.11633686168 635.70450062
0.00000000727 1.56150632966 4319.279853973
0.00000000687 2.65370734689 1567.7322542814
0.00000000938 0.34938672944 1140.38330388
0.00000000832 5.14362006475 1054.7160637432
0.00000000665 1.87621123047 103.1409583284
0.00000000805 2.65683001547 63.7358983034
0.00000000846 1.47557828604 898.7730327907
0.00000000863 3.98700238575 686.958410061
0.00000000806 4.64475158248 533.8355666788
0.00000000860 1.45053114983 2199.7652340692
0.00000000688 5.69334026950 525.5463635104
0.00000000859 5.32386044216 1542.6024723678
0.00000000668 4.93815253692 5172.476235725
0.00000000818 1.41973280302 580.0935412737
0.00000000690 0.80287056032 977.4867846211
0.00000000638 4.21760246790 1064.0477966352
0.00000000878 2.58779583091 782.3469364478
0.00000000811 1.30406622470 1055.1891444952
0.00000000637 6.13121700151 4752.9915918498
0.00000000821 3.89981918280 986.0848043302
0.00000000642 1.86734510583 1053.9653042178
0.00000000781 1.18377747884 987.3086446076
0.00000000804 1.90939160700 707.5653378805
0.00000000686 0.27079898498 11.7794134468
0.00000000634 3.43769853475 650.9429865779
0.00000000639 1.86699974431 6172.869528772
0.00000000620 2.55561598450 1049.8207026336
0.00000000697 4.18082589322 1.6969210294
0.00000000686 2.51807576494 638.4128136057
0.00000000849 5.56317630404 4429.4861751924
0.00000000614 6.19071579609 738.3241940866
0.00000000642 1.70942182986 5230.807466803
0.00000000748 3.63387486593 73.297125859
0.00000000615 5.38518078437 835.7878940127
0.00000000601 0.90129977643 711.4974911436
0.00000000604 5.44066125511 632.0329797878
0.00000000597 3.03921014345 6.9534883064
0.00000000767 4.49491439876 1457.525933062
0.00000000778 3.08728745329 441.576044403
0.00000000594 2.87175682597 633.5344988386
0.00000000588 0.08236113246 4164.311989613
0.00000000599 4.13850666612 733.428832977
0.00000000692 6.10931942233 12.7426212933
0.00000000597 6.13204711801 7.2736056952
0.00000000787 1.98195319336 860.3099287528
0.00000000774 4.82089328660 951.6232895246
0.00000000589 0.30558911648 153.4953503977
0.00000000577 3.84676656235 767.3690829208
0.00000000575 4.50676079721 1230.1427559743
0.00000000725 2.73069387932 6.1503391543
0.00000000561 3.87565914360 135.336103133
0.00000000558 3.36094471852 24498.8302462904
0.00000000641 4.90173124861 991.7138786227
0.00000000557 3.45629457197 19896.8801273274
0.00000000558 1.17103892689 3576.2897934404
0.00000000637 6.08896653583 46.470422916
0.00000000631 5.65855415701 661.0949149645
0.00000000628 2.32902331778 501.2367770914
0.00000000560 3.57141429379 5333.9002410216
0.00000000548 3.03388113862 7.1617311106
0.00000000698 2.05421230760 3156.8051495652
0.00000000748 0.29223355288 313.9441891018
0.00000000744 2.33083237537 620.253566341
0.00000000586 5.68889329019 1587.5884225755
0.00000000584 6.10336975118 7.065362891
0.00000000615 4.72920786161 3384.3313390048
0.00000000537 1.52803865425 8094.5216858326
0.00000000595 1.89655724176 113.3877149571
0.00000000542 3.28894870834 10103.0792249916
0.00000000544 0.69476773349 4642.7852706304
0.00000000564 0.72677136462 1059.2218714948
0.00000000546 0.45425690852 4694.0029547076
0.00000000585 2.82650088707 344.7030453079
0.00000000528 2.32101188937 949.2237930796
0.00000000530 4.99510636441 9264.1099372412
0.00000000567 5.13926871155 288.0806940053
0.00000000527 5.40641191628 949.12742486
0.00000000531 0.16792029802 1080.7225711916
0.00000000535 1.42855602314 9.5612275556
0.00000000688 0.46353180630 842.1506814881
0.00000000697 4.99042365686 12.5301729722
0.00000000553 5.23792586314 528.0464336919
0.00000000504 2.58550284000 5378.6617841622
0.00000000519 3.10157097770 9161.0171630226
0.00000000619 3.71554817226 2090.3096723752
0.00000000621 3.98893673383 409.9234163196
0.00000000544 1.05857942311 1438.0252254409
0.00000000541 3.07978704943 1446.62324515
0.00000000488 5.26894402637 1751.539531416
0.00000000639 2.98874052475 2349.3284312038
0.00000000684 2.97458993261 298.2326223919
0.00000000555 3.57205235856 1144.3154571431
0.00000000482 1.84410406707 1077.5411774539
0.00000000493 2.66756696257 849.2642284889
0.00000000553 5.31312350142 531.3354964973
0.00000000612 1.26746376254 878.3261636656
0.00000000581 5.77185453327 745.4377410874
0.00000000537 3.67807254097 605.9570363702
0.00000000476 3.28733354824 734.9133056853
0.00000000493 3.73487080434 131.4039498699
0.00000000493 1.24342391046 11506.7697697936
0.00000000613 3.84144928692 1065.0110044817
0.00000000579 0.02333971761 1069.6768709277
0.00000000653 2.40326963363 657.1627617014
0.00000000509 0.70662672351 1570.9136480191
0.00000000564 3.81960833918 1059.5419888836
0.00000000468 3.50348554992 4841.8572720668
0.00000000621 4.58816416137 105.5404547734
0.00000000592 0.99424149467 920.8644333185
0.00000000457 2.38193571955 990.2294059144
0.00000000458 5.94092303682 513.2286388593
0.00000000462 1.09795189347 100.1720129118
0.00000000491 1.28733237388 247.2393453818
0.00000000473 5.02679239007 103.0445901088
0.00000000540 0.54791737146 51646.11531805379
0.00000000531 0.30026207053 912.7876784712
0.00000000488 5.32348416682 1432.3961511484
0.00000000449 3.02583472996 5901.239202256
0.00000000543 2.98751942458 4223.3006267552
0.00000000629 2.75622390887 334.5511169213
0.00000000481 3.63292807076 5584.8473325994
0.00000000444 4.61008831817 546.1532913299
0.00000000622 2.29597570837 9999.986450773
0.00000000588 5.46780291871 668.2084619653
0.00000000485 0.74674429026 736.8397213783
0.00000000595 3.78181802412 6386.16862421
0.00000000567 0.38348819779 737.3609862401
0.00000000474 3.37296965859 3803.81598288
0.00000000434 2.64411689486 748.406686504
0.00000000604 0.87482329646 6069.7767545534
0.00000000520 2.12596982279 906.849787638
0.00000000513 5.10763567804 1090.4014188262
0.00000000459 4.06923787133 5216.5803728014
0.00000000466 2.29198238542 2225.7887878601
0.00000000589 0.74050145875 1291.4309737229
0.00000000466 2.43707405011 3362.9906980024
0.00000000566 0.59740900184 350.3321196004
0.00000000429 2.46364296538 3914.0223040994
0.00000000474 5.19232279677 857.1285350151
0.00000000429 0.59245436963 1065.6017053127
0.00000000511 2.44662587368 9690.7081281172
0.00000000424 1.67088834417 148.0787244263
0.00000000412 3.29630633921 7.3259953219
0.00000000436 1.40801830895 995.6460318858
0.00000000429 2.13901349243 3473.1970192218
0.00000000510 4.29090556636 2545.3620512544
0.00000000501 5.84167833830 9676.4810341156
0.00000000548 6.03429743373 9367.2027114598
0.00000000433 0.43309624811 735.828329422
0.00000000433 5.93397926660 1688.2335162393
0.00000000429 2.18700390627 1357.6145525811
0.00000000439 0.44871247921 512.4254897072
0.00000000555 1.00328633116 141.2258098564
0.00000000441 3.06678924251 1475.6851803267
0.00000000544 2.22925308079 1440.9941708575
0.00000000404 3.51410520211 1329.3033769298
0.00000000412 5.87495245826 6.9010986797
0.00000000442 5.37772982571 104.0559820651
0.00000000465 1.93436756934 6275.9623029906
0.00000000401 2.90426785776 1987.2168981566
0.00000000481 6.21043578332 683.9894646444
0.00000000385 0.13151986614 970.5162499722
0.00000000383 6.02073818555 1268.7488723641
0.00000000391 2.81753436573 5798.1464280374
0.00000000395 0.22367886581 51116.4243529592
0.00000000480 3.89516556182 967.3348562345
0.00000000426 3.81910977181 546.956440482
0.00000000471 6.24506463249 946.4672959841
0.00000000379 1.14527123185 1059.5943785103
0.00000000371 6.15750793727 509.2440959695
0.00000000476 4.40755251309 2200.5159935946
0.00000000511 5.53118344106 1128.534454464