0.00000279620 3.19870156017 84334.66158130829
0.00000101643 5.42248619256 5507.5532386674
0.00000080445 3.88013204458 5223.6939198022
0.00000043806 3.70444689759 2352.8661537718
0.00000031933 4.00026369781 1577.3435424478
0.00000022724 3.98473831560 1047.7473117547
0.00000016392 3.56456119782 5856.4776591154
0.00000018141 4.98367470262 6283.0758499914
0.00000014443 3.70275614915 9437.762934887
0.00000014304 3.41117857526 10213.285546211
0.00000011246 4.82820690527 14143.4952424306
0.00000010900 2.08574562329 6812.766815086
0.00000009714 3.47303947751 4694.0029547076
0.00000010367 4.05663927945 71092.88135493269
0.00000008775 4.44016515666 5753.3848848968
0.00000008366 4.99251512183 7084.8967811152
0.00000006921 4.32559054073 6275.9623029906
0.00000009145 1.14182646613 6620.8901131878
0.00000007194 3.60193205744 529.6909650946
0.00000007698 5.55425745881 167621.57585086189
0.00000005285 2.48446991536 4705.7323075436
0.00000005208 6.24992674532 18073.7049386502
0.00000004529 2.33827747356 6309.3741697912
0.00000005579 4.41023653719 7860.4193924392
0.00000004743 0.70995680136 5884.9268465832
0.00000004301 1.10255777773 6681.2248533996
0.00000003849 1.82229412532 5486.777843175
0.00000004093 5.11700141197 13367.9726311066
0.00000003681 0.43793170336 3154.6870848956
0.00000003420 5.42034800952 6069.7767545534
0.00000003617 6.04641937568 3930.2096962196
0.00000003670 4.58210192227 12194.0329146209
0.00000002918 1.95463881136 10977.078804699
0.00000002797 5.61259274877 11790.6290886588
0.00000002502 0.60499729368 6496.3749454294
0.00000002319 5.01648216088 1059.3819301892
0.00000002684 1.39470396487 22003.9146348698
0.00000002428 3.24183056545 78051.5857313169
0.00000002120 4.30691000285 5643.1785636774
0.00000002257 3.15557225087 90617.7374312997
0.00000001813 3.75574218286 3340.6124266998
0.00000002226 2.79699346673 12036.4607348882
0.00000001888 0.86991545944 8635.9420037632
0.00000001517 1.95852055710 398.1490034082
0.00000001581 3.19976230948 5088.6288397668
0.00000001421 6.25530883828 2544.3144198834
0.00000001595 0.25619915132 17298.1823273262
0.00000001391 4.69964175574 7058.5984613154
0.00000001478 2.81808207569 25934.1243310894
0.00000001481 3.65823554610 11506.7697697936
0.00000001693 4.95689385293 156475.2902479957
0.00000001183 1.29343060777 775.522611324
0.00000001114 2.37889311847 3738.761430108
0.00000000994 4.30088900425 9225.539273283
0.00000000924 3.06451026809 4164.311989613
0.00000000867 0.55606931068 8429.2412664666
0.00000000988 5.97286104208 7079.3738568078
0.00000000824 1.50984806177 10447.3878396044
0.00000000915 0.12635654605 11015.1064773348
0.00000000742 1.99159139281 26087.9031415742
-0.00000001039 0.0 0.0
0.00000000850 4.24120016095 29864.334027309
0.00000000755 2.89631873314 4732.0306273434
0.00000000714 1.37548118605 2146.1654164752
0.00000000708 1.91406542362 8031.0922630584
0.00000000746 0.57893808622 796.2980068164
0.00000000802 5.12339137235 2942.4634232916
0.00000000751 1.67479850166 21228.3920235458
0.00000000602 4.09976538900 64809.80550494129
0.00000000594 3.49580704849 16496.3613962024
0.00000000592 4.59481504319 4690.4798363586
0.00000000530 5.73979295194 8827.3902698748
0.00000000503 5.66433137112 33794.5437235286
0.00000000483 1.57106522322 801.8209311238
0.00000000438 0.06707733720 3128.3887650958
0.00000000423 2.86944596145 12566.1516999828
0.00000000504 3.26207669160 7632.9432596502
0.00000000552 1.02926440457 239762.20451754928
0.00000000427 3.67434378208 213.299095438
0.00000000404 1.46193297360 15720.8387848784
0.00000000503 4.85802444134 6290.1893969922
0.00000000417 0.81920713533 5216.5803728014
0.00000000365 0.01002966145 12168.0026965746
0.00000000363 1.28376436579 6206.8097787158
0.00000000353 4.70059133110 7234.794256242
0.00000000415 0.96862624176 4136.9104335162
0.00000000387 3.09145061418 25158.6017197654
0.00000000373 2.65119262808 7342.4577801806
0.00000000361 2.97762937735 9623.6882766912
0.00000000418 3.75759994446 5230.807466803
0.00000000396 1.22507712354 6438.4962494256
0.00000000322 1.21162178805 8662.240323563
0.00000000284 5.64170320179 1589.0728952838
0.00000000379 1.72248432756 14945.3161735544
0.00000000320 3.94161159658 7330.8231617461
0.00000000313 5.47602376451 1194.4470102246
0.00000000292 1.38971327568 11769.8536931664
0.00000000305 0.80429352049 37724.7534197482
0.00000000257 5.81382810029 426.598190876
0.00000000265 6.10358507671 6836.6452528338
0.00000000250 4.56452895547 7477.522860216
0.00000000266 2.62926282354 7238.67559160
0.00000000263 6.22089501237 6133.5126528568
0.00000000306 2.79682380532 1748.016413067
0.00000000236 2.46093023707 11371.7046897582
0.00000000316 1.62662805006 250908.49012041549
0.00000000216 3.68721275185 5849.3641121146
0.00000000230 0.36165162947 5863.5912061162
0.00000000233 5.03509933618 20426.571092422
0.00000000200 5.86073159059 4535.0594369244
0.00000000277 4.65400292395 82239.16695779889
0.00000000209 3.72323200803 10973.55568635
0.00000000199 5.05186622555 5429.8794682394
0.00000000256 2.40923279886 19651.048481098
0.00000000210 4.50691909144 29088.811415985
0.00000000181 6.00294783127 4292.3308329504
0.00000000249 0.12900984422 154379.79562448629
0.00000000209 3.87759458541 17789.845619785
0.00000000225 3.18339652605 18875.525869774
0.00000000191 4.53897489216 18477.1087646123
0.00000000172 2.09694182730 13095.8426650774
0.00000000182 3.16107943487 16730.4636895958
0.00000000188 2.22746128596 41654.9631159678
0.00000000164 5.18686274999 5481.2549188676
0.00000000160 2.49298855020 12592.4500197826
0.00000000155 1.59595438224 10021.8372800994
0.00000000135 0.21349051305 10988.808157535
0.00000000178 3.80375178044 23581.2581773176
0.00000000123 1.66800739151 15110.4661198662
0.00000000122 2.72678272224 18849.2275499742
0.00000000126 1.17675512872 14919.0178537546
0.00000000142 3.95053440992 337.8142631964
0.00000000116 6.06340906212 6709.6740408674
0.00000000137 3.52143246244 12139.5535091068
0.00000000136 2.92179113491 32217.2001810808
0.00000000110 3.51203379263 18052.9295431578
0.00000000147 4.63371971408 22805.7355659936
0.00000000108 5.45280815225 7.1135470008
0.00000000148 0.65447253687 95480.9471841745
0.00000000119 5.92110458985 33019.0211122046
0.00000000110 5.34824206403 639.897286314
0.00000000106 3.71081682614 14314.1681130498
0.00000000139 6.17607198262 24356.7807886416
0.00000000118 5.59738712949 161338.5000008705
0.00000000117 3.65065271640 45585.1728121874
0.00000000127 4.74596574209 49515.382508407
0.00000000120 1.04211499785 6915.8595893046
0.00000000120 5.60638811846 5650.2921106782
0.00000000115 3.10668213303 14712.317116458
0.00000000099 0.69018939930 12779.4507954208
0.00000000097 1.07908724794 9917.6968745098
0.00000000093 2.62295197146 17260.1546546904
0.00000000099 4.45774681732 4933.2084403326
0.00000000123 1.37488921994 28286.9904848612
0.00000000121 5.19767249869 27511.4678735372
0.00000000105 0.87192268229 77375.95720492408
0.00000000087 3.93637812950 17654.7805397496
0.00000000122 2.23956068680 83997.09113559539
0.00000000087 4.18201600921 22779.4372461938
0.00000000104 4.59580877285 1349.8674096588
0.00000000102 2.83545248595 12352.8526045448
0.00000000102 3.97386522171 10818.1352869158
0.00000000101 4.32892825818 36147.4098773004
0.00000000094 5.00001709338 150192.21439800429
0.00000000077 3.97199369300 1592.5960136328
0.00000000100 6.07733097102 26735.9452622132
0.00000000086 5.26029638250 28313.288804661
0.00000000093 4.31900620254 44809.6502008634
0.00000000076 6.22743405935 13521.7514415914
0.00000000072 1.55820597747 6256.7775301916
0.00000000082 4.95202664555 10575.4066829418
0.00000000082 1.69647647075 1990.745017041
0.00000000075 2.29836095644 3634.6210245184
0.00000000075 2.66367876557 16200.7727245012
0.00000000087 0.26630214764 31441.6775697568
0.00000000077 2.25530952876 5235.3285382367
0.00000000076 1.09869730334 12903.9659631792
0.00000000058 4.28246137794 12559.038152982
0.00000000064 5.51112829602 173904.65170085328
0.00000000056 2.60133794851 73188.3759784421
0.00000000055 5.81483150022 143233.51002162008
0.00000000054 3.38482031504 323049.11878710288
0.00000000039 3.28500401937 71768.50988132549
0.00000000039 3.11239910096 96900.81328129109