0.00004359385 5.78455133808 6283.0758499914
0.00000123633 5.57935427994 12566.1516999828
-0.00000012342 0.0 0.0
0.00000008792 3.62777893099 77713.7714681205
0.00000005689 1.86958905084 5573.1428014331
0.00000003302 5.47034879713 18849.2275499742
0.00000001471 4.47964125007 5507.5532386674
0.00000001013 2.81323115556 5223.6939198022
0.00000000854 3.10776566900 1577.3435424478
0.00000001102 2.84173992403 161000.6857376741
0.00000000648 5.47348203398 775.522611324
0.00000000608 1.37894173533 6438.4962494256
0.00000000499 4.41649242250 6286.5989683404
0.00000000416 0.90332697974 10977.078804699
0.00000000404 3.20567269530 5088.6288397668
0.00000000351 1.81081728907 5486.777843175
0.00000000466 3.65086758149 7084.8967811152
0.00000000458 5.38585314743 149854.40013480789
0.00000000304 3.51015066341 796.2980068164
0.00000000266 6.17413982699 6836.6452528338
0.00000000281 1.83874672540 4694.0029547076
0.00000000262 1.41420110644 2146.1654164752
0.00000000264 3.14103683911 71430.69561812909
0.00000000319 5.35037932146 3154.6870848956
0.00000000238 2.17695432424 155.4203994342
0.00000000229 4.75969588070 7234.794256242
0.00000000291 4.61776401638 4690.4798363586
0.00000000211 0.21864885298 4705.7323075436
0.00000000204 4.22895113488 1349.8674096588
0.00000000195 4.58550676556 529.6909650946
0.00000000255 2.81442711144 1748.016413067
0.00000000182 5.70454011389 6040.3472460174
0.00000000180 6.02147727878 4292.3308329504
0.00000000186 1.58690991244 6309.3741697912
0.00000000167 2.88802733052 9437.762934887
0.00000000166 1.99990574734 8031.0922630584
0.00000000160 0.04412738495 2544.3144198834
0.00000000197 2.01089431842 1194.4470102246
0.00000000165 5.78372596774 83996.84731811189
0.00000000214 3.38300910371 7632.9432596502
0.00000000140 0.36669664351 10447.3878396044
0.00000000151 0.95519595275 6127.6554505572
0.00000000136 1.48417295645 2352.8661537718
0.00000000128 5.48057748834 951.7184062506
0.00000000126 5.26866506592 6279.5527316424
0.00000000127 3.77552907014 6812.766815086
0.00000000103 4.95897533789 398.1490034082
0.00000000104 0.70183576826 1592.5960136328
0.00000000101 1.14481598642 3894.1818295422
0.00000000131 0.76624310306 553.5694028424
0.00000000109 5.41063597567 6256.7775301916
0.00000000078 5.84775340741 242.728603974
0.00000000097 1.94685257714 11856.2186514245
0.00000000100 5.19725292131 244287.60000722769
0.00000000076 0.70480774041 8429.2412664666
0.00000000080 6.18430772683 1059.3819301892
0.00000000068 5.29561709093 14143.4952424306
0.00000000085 5.39487308005 25132.3033999656
0.00000000055 5.16874637579 7058.5984613154
0.00000000063 0.48494730699 801.8209311238
0.00000000058 4.07254840265 13367.9726311066
0.00000000051 3.89696552232 12036.4607348882
0.00000000051 5.56335232286 1990.745017041
0.00000000060 2.25046596710 8635.9420037632
0.00000000049 5.58163417371 6290.1893969922
0.00000000051 3.87240194908 26.2983197998
0.00000000051 4.19300909995 7860.4193924392
0.00000000041 3.97169191582 10973.55568635
0.00000000041 3.57080919230 7079.3738568078
0.00000000056 2.76959005761 90955.5516944961
0.00000000042 1.91461189163 7477.522860216
0.00000000042 0.42775891995 10213.285546211
0.00000000042 1.06925480488 709.9330485583
0.00000000038 6.17935925345 9917.6968745098
0.00000000050 0.81691517401 11506.7697697936
0.00000000053 1.45828359397 233141.31440436149
0.00000000038 3.32444534628 5643.1785636774
0.00000000047 6.21543665927 6681.2248533996
0.00000000037 0.36359309980 10177.2576795336
0.00000000045 5.29587706357 10575.4066829418
0.00000000034 5.63446915337 6525.8044539654
0.00000000034 5.36385158519 4933.2084403326
0.00000000035 5.36152295839 25158.6017197654
0.00000000042 5.08837645072 11015.1064773348
0.00000000042 4.22496037505 88860.05707098669
0.00000000039 1.99171699618 6284.0561710596
0.00000000029 3.19088628170 11926.2544136688
0.00000000029 0.14996158324 12168.0026965746
0.00000000030 1.58346276808 9779.1086761254
0.00000000026 4.16210340581 12569.6748183318
0.00000000036 2.74684637873 3738.761430108
0.00000000026 0.72824915320 1589.0728952838
0.00000000031 5.34906371821 143571.32428481648
0.00000000025 0.10240267494 22483.84857449259
0.00000000030 3.47110495524 14945.3161735544
0.00000000026 3.89359701125 5753.3848848968
0.00000000024 1.18744224678 4535.0594369244
0.00000000033 2.99317143244 3930.2096962196
0.00000000024 1.57253767584 6496.3749454294
0.00000000024 3.47434797542 4136.9104335162
0.00000000022 3.91230073719 6275.9623029906
0.00000000025 4.02978941287 3128.3887650958
0.00000000023 1.07724492065 12721.572099417
0.00000000021 1.89591807148 16730.4636895958
0.00000000025 2.42198937013 5729.506447149
0.00000000020 1.78163489101 17789.845619785
0.00000000021 0.49258939822 29088.811415985
0.00000000026 4.14947806747 2388.8940204492
0.00000000027 2.54785812264 3496.032826134
0.00000000020 4.29944129273 16858.4825329332
0.00000000021 5.97796936723 7.1135470008
0.00000000019 0.80292033311 16062.1845261168
0.00000000024 4.89894141052 17260.1546546904
0.00000000025 1.37003752175 6282.0955289232
0.00000000022 4.92663152168 18875.525869774
0.00000000023 5.68902059771 16460.33352952499
0.00000000023 3.03021283729 66567.48586525429
0.00000000016 3.89713736666 5331.3574437408
0.00000000016 5.68562539832 12559.038152982
0.00000000016 3.95085099736 3097.88382272579
0.00000000016 3.99041783945 6283.14316029419
0.00000000020 6.10643919100 167283.76158766549
0.00000000015 4.09775914607 11712.9553182308
0.00000000016 5.71769940700 17298.1823273262
0.00000000016 3.28894009404 5884.9268465832
0.00000000015 4.42564243680 13517.8701062334
0.00000000016 4.43452080930 6283.0085396886
0.00000000014 1.44384279999 4164.311989613
0.00000000014 4.47380919159 11790.6290886588
0.00000000014 4.77646531825 7342.4577801806
0.00000000011 2.56768522896 5481.2549188676
0.00000000011 1.51443332200 16200.7727245012
0.00000000011 0.88708889185 21228.3920235458
0.00000000014 4.50116508534 640.8776073822