1.00013988784 0.0 0.0
0.01670699632 3.09846350258 6283.0758499914
0.00013956024 3.05524609456 12566.1516999828
0.00003083720 5.19846674381 77713.7714681205
0.00001628463 1.17387558054 5753.3848848968
0.00001575572 2.84685214877 7860.4193924392
0.00000924799 5.45292236722 11506.7697697936
0.00000542439 4.56409151453 3930.2096962196
0.00000472110 3.66100022149 5884.9268465832
0.00000328780 5.89983686142 5223.6939198022
0.00000345969 0.96368627272 5507.5532386674
0.00000306784 0.29867139512 5573.1428014331
0.00000174844 3.01193636733 18849.2275499742
0.00000243181 4.27349530790 11790.6290886588
0.00000211836 5.84714461348 1577.3435424478
0.00000185740 5.02199710705 10977.078804699
0.00000109835 5.05510635860 5486.777843175
0.00000098316 0.88681311278 6069.7767545534
0.00000086500 5.68956418946 15720.8387848784
0.00000085831 1.27079125277 161000.6857376741
0.00000062917 0.92177053978 529.6909650946
0.00000057056 2.01374292245 83996.84731811189
0.00000064908 0.27251341435 17260.1546546904
0.00000049384 3.24501240359 2544.3144198834
0.00000055736 5.24159799170 71430.69561812909
0.00000042520 6.01110257982 6275.9623029906
0.00000046966 2.57799853213 775.522611324
0.00000038963 5.36063832897 4694.0029547076
0.00000044666 5.53715663816 9437.762934887
0.00000035661 1.67447135798 12036.4607348882
0.00000031922 0.18368299942 5088.6288397668
0.00000031846 1.77775642078 398.1490034082
0.00000033193 0.24370221704 7084.8967811152
0.00000038245 2.39255343973 8827.3902698748
0.00000028468 1.21344887533 6286.5989683404
0.00000037486 0.82961281844 19651.048481098
0.00000036957 4.90107587287 12139.5535091068
0.00000034537 1.84270693281 2942.4634232916
0.00000026275 4.58896863104 10447.3878396044
0.00000024596 3.78660838036 8429.2412664666
0.00000023587 0.26866098169 796.2980068164
0.00000027795 1.89934427832 6279.5527316424
0.00000023927 4.99598548145 5856.4776591154
0.00000020345 4.65282190725 2146.1654164752
0.00000023287 2.80783632869 14143.4952424306
0.00000022099 1.95002636847 3154.6870848956
0.00000019509 5.38233922479 2352.8661537718
0.00000017958 0.19871369960 6812.766815086
0.00000017178 4.43322156854 10213.285546211
0.00000016190 5.23159323213 17789.845619785
0.00000017315 6.15224075188 16730.4636895958
0.00000013814 5.18962074032 8031.0922630584
0.00000018834 0.67280058021 149854.40013480789
0.00000018330 2.25348717053 23581.2581773176
0.00000013639 3.68511810757 4705.7323075436
0.00000013142 0.65267698994 13367.9726311066
0.00000010414 4.33285688501 11769.8536931664
0.00000009978 4.20126336356 6309.3741697912
0.00000010170 1.59366684542 4690.4798363586
0.00000007564 2.62560597391 6256.7775301916
0.00000009654 3.67583728703 27511.4678735372
0.00000006743 0.56269927047 3340.6124266998
0.00000008743 6.06359123461 1748.016413067
0.00000007786 3.67371235367 12168.0026965746
0.00000006633 5.66149277789 11371.7046897582
0.00000007712 0.31242577788 7632.9432596502
0.00000006586 3.13580054586 801.8209311238
0.00000007460 5.64758066660 11926.2544136688
0.00000006933 2.92384586372 6681.2248533996
0.00000006805 1.42327153767 23013.5395395872
0.00000006118 5.13395999022 1194.4470102246
0.00000006477 2.64986648493 19804.8272915828
0.00000005233 4.62432817299 6438.4962494256
0.00000006147 3.02863936662 233141.31440436149
0.00000004608 1.72194702724 7234.794256242
0.00000004221 1.55697533726 7238.67559160
0.00000005310 2.40821524293 11499.6562227928
0.00000005128 5.32398965690 11513.8833167944
0.00000004770 0.25554311730 11856.2186514245
0.00000005519 2.09089153789 17298.1823273262
0.00000005625 4.34052903053 90955.5516944961
0.00000004578 4.46569641570 5746.271337896
0.00000003788 4.90728294810 4164.311989613
0.00000005337 5.09957905103 31441.6775697568
0.00000003967 1.20054555175 1349.8674096588
0.00000004005 3.02853885902 1059.3819301892
0.00000003480 0.76066308841 10973.55568635
0.00000004232 1.05485713117 5760.4984318976
0.00000004582 3.76570026763 6386.16862421
0.00000003335 3.13829943354 6836.6452528338
0.00000003420 3.00043974511 4292.3308329504
0.00000003595 5.70703236079 5643.1785636774
0.00000003236 4.16387400645 9917.6968745098
0.00000004154 2.59940749519 7058.5984613154
0.00000003362 4.54577164994 4732.0306273434
0.00000002978 1.30561268820 6283.14316029419
0.00000002765 0.51311975671 26.2983197998
0.00000002807 5.66230537649 8635.9420037632
0.00000002927 5.73787834080 16200.7727245012
0.00000003167 1.69181759900 11015.1064773348
0.00000002598 2.96244118358 25132.3033999656
0.00000003519 3.62639325753 244287.60000722769
0.00000002676 4.20727719487 18073.7049386502
0.00000002978 1.74971565805 6283.0085396886
0.00000002287 1.06976449088 14314.1681130498
0.00000002863 5.92838917309 14712.317116458
0.00000003071 0.23793217000 35371.8872659764
0.00000002656 0.89959301615 12352.8526045448
0.00000002415 2.79975176800 709.9330485583
0.00000002811 3.51513864541 21228.3920235458
0.00000001977 2.61358297551 951.7184062506
0.00000002548 2.47684686575 6208.2942514241
0.00000001999 0.56090396506 7079.3738568078
0.00000002305 1.05376463592 22483.84857449259
0.00000001855 2.86093570752 5216.5803728014
0.00000002157 1.31395211105 154717.60988768269
0.00000001970 4.36931551625 167283.76158766549
0.00000001754 2.14452400686 6290.1893969922
0.00000001628 5.85704450617 10984.1923516998
0.00000002154 6.03828353794 10873.9860304804
0.00000001714 3.70158195222 1592.5960136328
0.00000001541 6.21599512982 23543.23050468179
0.00000001602 1.99860679677 10969.9652576982
0.00000001712 1.34295218697 3128.3887650958
0.00000001647 5.54948299069 6496.3749454294
0.00000001495 5.43980459648 155.4203994342
0.00000001827 5.91227480351 3738.761430108
0.00000001726 2.16765465036 10575.4066829418
0.00000001532 5.35683107063 13521.7514415914
0.00000001824 1.66056145084 39302.096962196
0.00000001605 1.90930973224 6133.5126528568
0.00000001282 2.46013372544 13916.0191096416
0.00000001211 4.41360631550 3894.1818295422
0.00000001394 1.77801929250 9225.539273283
0.00000001571 4.95512957606 25158.6017197654
0.00000001205 1.19212756308 3.523118349
0.00000001132 2.69830084955 6040.3472460174
0.00000001504 5.77577388271 18209.33026366019
0.00000001393 1.62625077326 5120.6011455836
0.00000001081 2.93726744446 17256.6315363414
0.00000001232 0.71651766504 143571.32428481648
0.00000001087 0.99769687961 955.5997416086
0.00000001068 5.28472576591 65147.6197681377
0.00000001169 3.11663802316 14945.3161735544
0.00000000975 5.10887260780 6172.869528772
0.00000001202 4.02992510403 553.5694028424
0.00000000979 2.00000879106 15110.4661198662
0.00000000962 4.02380771400 6282.0955289232
0.00000000999 3.62643002790 6262.300454499
0.00000001030 5.84987815239 213.299095438
0.00000001014 2.84227679965 8662.240323563
0.00000001185 1.51330629149 17654.7805397496
0.00000000967 2.67081017562 5650.2921106782
0.00000001222 2.65423784904 88860.05707098669
0.00000000986 2.36212814824 6206.8097787158
0.00000001034 0.13634950642 11712.9553182308
0.00000001103 3.08477302937 43232.3066584156
0.00000000781 2.53374971725 16496.3613962024
0.00000001019 3.04569392376 6037.244203762
0.00000000795 5.80662989126 5230.807466803
0.00000000813 3.57702871938 10177.2576795336
0.00000000962 5.31470594766 6284.0561710596
0.00000000717 5.95797471837 12559.038152982
0.00000000967 2.74413738053 6244.9428143536
0.00000000921 0.10160160830 29088.811415985
0.00000000719 5.91788189939 4136.9104335162
0.00000000688 3.89489045092 1589.0728952838
0.00000000772 4.05505380285 6127.6554505572
0.00000000706 5.49323197725 22003.9146348698
0.00000000665 1.60002747134 11087.2851259184
0.00000000690 4.50539825729 426.598190876
0.00000000854 3.26104645060 20426.571092422
0.00000000656 4.32410182940 16858.4825329332
0.00000000840 2.59572585212 28766.924424484
0.00000000686 0.61944033771 11403.676995575
0.00000000700 3.40901412473 7.1135470008
0.00000000728 0.04050185963 5481.2549188676
0.00000000653 1.03869451230 6062.6632075526
0.00000000559 4.79221805695 20199.094959633
0.00000000633 5.70229959167 45892.73043315699
0.00000000591 6.10986487621 9623.6882766912
0.00000000520 3.62310356479 5333.9002410216
0.00000000602 5.58381898589 10344.2950653858
0.00000000496 2.21027756314 1990.745017041
0.00000000691 1.96733114988 12416.5885028482
0.00000000640 1.59062417043 18319.5365848796
0.00000000625 3.82358168221 13517.8701062334
0.00000000475 1.17025904180 12569.6748183318
0.00000000660 5.08498512995 283.8593188652
0.00000000664 4.50029469969 47162.5163546352
0.00000000569 0.16318535463 17267.26820169119
0.00000000568 3.86100969474 6076.8903015542
0.00000000462 0.26368763517 4590.910180489
0.00000000535 4.83225423196 18422.62935909819
0.00000000466 0.75873879417 7342.4577801806
0.00000000541 3.07212190556 226858.23855437008
0.00000000610 1.53597089605 33019.0211122046
0.00000000617 2.62356328726 11190.377900137
0.00000000548 4.55798855803 18875.525869774
0.00000000633 4.60110281228 66567.48586525429
0.00000000587 5.78087907808 632.7837393132
0.00000000603 5.38458554802 316428.22867391503
0.00000000525 5.01522072363 12132.439962106
0.00000000469 0.59975173763 21954.15760939799
0.00000000548 3.50627043672 17253.04110768959
0.00000000502 0.98804327589 11609.8625440122
0.00000000568 1.98497313089 7668.6374249425
0.00000000482 1.62460405687 12146.6670561076
0.00000000391 3.68718382972 18052.9295431578
0.00000000457 3.77214896610 156137.47598479928
0.00000000401 5.29221540240 15671.0817594066
0.00000000469 1.80963351735 12562.6285816338
0.00000000514 3.37031288919 20597.2439630412
0.00000000452 5.66811219778 10454.5013866052
0.00000000375 4.98528185039 9779.1086761254
0.00000000523 0.97215560834 155427.54293624099
0.00000000403 5.13948189770 1551.045222648
0.00000000372 3.69883738807 9388.0059094152
0.00000000367 4.43875659833 4535.0594369244
0.00000000406 4.20863156497 12592.4500197826
0.00000000362 2.55099560446 242.728603974
0.00000000471 4.61907324819 5436.9930152402
0.00000000388 4.96020928400 24356.7807886416
0.00000000441 5.83872966262 3496.032826134
0.00000000349 6.16307810648 19800.9459562248
0.00000000356 0.23819081240 5429.8794682394
0.00000000346 5.60809622572 2379.1644735716
0.00000000380 2.72105213132 11933.3679606696
0.00000000432 0.24215988572 17996.0311682222
0.00000000378 5.22516848076 7477.522860216
0.00000000337 5.10885555836 5849.3641121146
0.00000000315 0.57827745123 10557.5941608238
0.00000000318 4.49949007320 3634.6210245184
0.00000000323 1.55850824803 10440.2742926036
0.00000000314 5.77154773334 20.7753954924
0.00000000303 2.34615580398 4686.8894077068
0.00000000414 5.93237602310 51092.7260508548
0.00000000362 2.17561997119 28237.2334593894
0.00000000288 0.18377405421 13095.8426650774
0.00000000277 5.12952205030 13119.72110282519
0.00000000325 6.18608287927 6268.8487559898
0.00000000273 0.30522428863 23141.5583829246
0.00000000267 5.76152585786 5966.6839803348
0.00000000345 2.94246040875 36949.2308084242
0.00000000253 5.20994580359 24072.9214697764
0.00000000342 5.76212804329 16460.33352952499
0.00000000307 6.01039067183 22805.7355659936
0.00000000261 2.00304796059 6148.010769956
0.00000000238 5.08241964961 6915.8595893046
0.00000000249 2.94762789744 135.0650800354
0.00000000306 3.89765478921 10988.808157535
0.00000000308 0.05451027736 4701.1165017084
0.00000000319 2.95712862064 163096.18036118349
0.00000000272 2.07967681309 4804.209275927
0.00000000209 4.43768461442 6546.1597733642
0.00000000217 0.73691592312 6303.8512454838
0.00000000203 0.32033085531 25934.1243310894
0.00000000205 5.22936478995 20995.3929664494
0.00000000213 0.20671418919 28286.9904848612
0.00000000197 0.48286131290 16737.5772365966
0.00000000230 6.06567392849 6287.0080032545
0.00000000219 1.29194216300 5326.7866940208
0.00000000201 1.74700937253 22743.4093795164
0.00000000207 4.45440927276 6279.4854213396
0.00000000269 6.05640445030 64471.99124174489
0.00000000190 0.99261116842 29296.6153895786
0.00000000194 3.82656562755 419.4846438752
0.00000000262 5.26961924126 522.5774180938
0.00000000210 4.68618183158 6254.6266625236
0.00000000197 2.80624554186 4933.2084403326
0.00000000252 4.36220154620 40879.4405046438
0.00000000261 1.07241516738 55022.9357470744
0.00000000233 5.41751014958 39609.6545831656
0.00000000185 4.14324541379 5642.1982426092
0.00000000247 3.44855612987 6702.5604938666
0.00000000205 4.04424043226 536.8045120954
0.00000000191 3.15807087926 16723.350142595
0.00000000222 5.16259496507 23539.7073863328
0.00000000180 4.56214752149 6489.2613984286
0.00000000227 0.60156339452 5905.7022420756
0.00000000170 0.93185903228 16062.1845261168
0.00000000159 0.92751013112 23937.856389741
0.00000000157 4.69607868164 6805.6532680852
0.00000000218 0.85533373430 16627.3709153772
0.00000000169 0.94641052064 3097.88382272579
0.00000000207 4.88410451334 6286.6662786432
0.00000000160 4.95943826819 10021.8372800994
0.00000000175 6.12762824563 239424.39025435288
0.00000000173 3.13887234973 6179.9830757728
0.00000000157 3.62822057807 18451.07854656599
0.00000000206 5.74617821138 3646.3503773544
0.00000000157 4.67695912207 6709.6740408674
0.00000000146 3.09506069745 4907.3020501456
0.00000000165 2.27139128760 10660.6869350424
0.00000000144 3.96947747592 6019.9919266186
0.00000000171 5.91302216729 6058.7310542895
0.00000000144 2.13155655120 26084.0218062162
0.00000000151 0.67417383565 2388.8940204492
0.00000000196 1.67718461229 2107.0345075424
0.00000000146 5.10373877968 10770.8932562618
0.00000000187 1.23915444627 19402.7969528166
0.00000000137 1.26247412216 12566.2190102856
0.00000000191 5.03547476279 263.0839233728
0.00000000137 3.52825454595 639.897286314
0.00000000135 0.73840670927 5017.508371365
0.00000000164 2.39195095081 6357.8574485587
0.00000000168 0.05515907462 9380.9596727172
0.00000000161 1.15721259392 26735.9452622132
0.00000000144 1.76097645199 5888.4499649322
0.00000000131 2.51859277344 6599.467719648
0.00000000142 2.43802911123 5881.4037282342
0.00000000159 5.90325893762 6281.5913772831
0.00000000151 3.72338532519 12669.2444742014
0.00000000132 2.38417741883 6525.8044539654
0.00000000127 0.00254936441 10027.9031957292
0.00000000148 2.85102145528 6418.1409300268
0.00000000143 5.74460279560 26087.9031415742
0.00000000172 0.41289962240 174242.4659640497
0.00000000136 4.15497742275 6311.5250374592
0.00000000170 5.98194913129 327574.51427678125
0.00000000136 2.48430537541 13341.6743113068
0.00000000149 0.33002271275 245.8316462294
0.00000000165 2.49667924600 58953.145443294
0.00000000123 1.67328384813 32217.2001810808
0.00000000123 3.45660563754 6277.552925684
0.00000000117 0.86065134175 6245.0481773556
0.00000000149 5.61358281003 5729.506447149
0.00000000128 0.71204006448 103.0927742186
0.00000000159 2.43166592149 221995.02880149524
0.00000000137 1.70657709200 12566.08438968
0.00000000129 2.80667872683 6016.4688082696
0.00000000113 3.58302904101 25685.872802808
0.00000000109 3.26403795962 6819.8803620868
0.00000000122 0.34120688202 1162.4747044078
0.00000000106 1.59721172719 17782.7320727842
0.00000000144 2.28891651774 12489.8856287072
0.00000000137 5.82029768354 44809.6502008634
0.00000000134 1.26539983018 5331.3574437408
0.00000000103 5.96518130595 6321.1035226272
0.00000000109 0.33808549034 11300.5842213564
0.00000000129 5.89187277190 12029.3471878874
0.00000000122 5.77325634636 11919.140866668
0.00000000107 6.24998989350 77690.75950573849
0.00000000107 1.00535580713 77736.78343050249
0.00000000115 5.86963518266 12721.572099417
0.00000000102 5.66283467269 5540.0857894588
0.00000000143 0.24122178432 4214.0690150848
0.00000000143 0.88529649733 7576.560073574
0.00000000107 2.92124030351 31415.379249957
0.00000000100 5.99485644501 4061.2192153944
0.00000000103 2.41941934525 5547.1993364596
0.00000000104 4.44106051277 2118.7638603784
0.00000000110 0.37559635174 5863.5912061162
0.00000000124 2.55619029611 12539.853380183
0.00000000110 3.66952094465 238004.52415723629
0.00000000112 4.32512422724 97238.62754448749
0.00000000120 1.26895630075 12043.574281889
0.00000000097 5.42612959752 7834.1210726394
0.00000000094 2.56461130309 19004.6479494084
0.00000000105 5.68272475301 16522.6597160022
0.00000000117 3.65425622684 34520.3093093808
0.00000000108 1.24206843948 84672.47584450469
0.00000000098 0.13589994287 11080.1715789176
0.00000000097 2.46722096722 71980.63357473118
0.00000000095 5.36958330451 6288.5987742988
0.00000000096 0.20796618776 18139.2945014159
0.00000000111 5.01961920313 11823.1616394502
0.00000000090 2.72355843779 26880.3198130326
0.00000000099 0.90164266199 18635.9284545362
0.00000000126 4.78722177847 305281.94307104882
0.00000000124 5.00979495566 172146.97134054029
0.00000000090 4.50544881196 40077.61957352
0.00000000104 5.63679680710 2787.0430238574
0.00000000091 5.43564326147 6272.0301497275
0.00000000100 2.00639461597 12323.4230960088
0.00000000117 2.35555589778 83286.91426955358
0.00000000105 2.59824000109 30666.1549584328
0.00000000090 2.35779490026 12491.3701014155
0.00000000089 3.57152453732 11720.0688652316
0.00000000095 5.67015349858 14919.0178537546
0.00000000087 1.86043406047 27707.5424942948
0.00000000106 3.04150600352 22345.2603761082
0.00000000082 5.58298993353 10241.2022911672
0.00000000083 3.10607039533 36147.4098773004
0.00000000094 5.47749711149 9924.8104215106
0.00000000082 4.71988314145 15141.390794312
0.00000000096 3.89073946348 6379.0550772092
0.00000000110 4.92131611151 5621.8429232104
0.00000000110 4.89978492291 72140.62866668739
0.00000000097 5.20764563059 6303.4311693902
0.00000000085 1.61269222311 33326.5787331742
0.00000000093 1.32651591333 23020.65308658799
0.00000000090 0.57733016380 26482.1708096244
0.00000000078 3.99588630754 11293.4706743556
0.00000000106 3.92012705073 62883.3551395136
0.00000000098 2.94397773524 316.3918696566
0.00000000076 3.96310417608 29026.48522950779
0.00000000098 0.95914722366 48739.859897083
0.00000000078 1.97068528043 90279.92316810328
0.00000000076 0.23027966596 21424.4666443034
0.00000000079 1.46227790922 8982.810669309
0.00000000078 2.28840998832 266.6070417218
0.00000000071 1.51940765590 33794.5437235286
0.00000000076 0.22880641443 57375.8019008462
0.00000000097 0.39449562097 24279.10701821359
0.00000000075 2.77638584795 12964.300703391
0.00000000077 5.18846946344 11520.9968637952
0.00000000068 0.50006599129 4274.5183108324
0.00000000075 2.07323762803 15664.03552270859
0.00000000077 0.46665178780 16207.886271502
0.00000000081 4.10452219483 161710.61878623239
0.00000000071 3.91415328513 7875.6718636242
0.00000000081 0.91938383406 74.7815985673
0.00000000083 4.69916218791 23006.42599258639
0.00000000069 0.98999300277 6393.2821712108
0.00000000065 5.41938745446 28628.3362260996
0.00000000073 2.45564765251 15508.6151232744
0.00000000065 3.02336771694 5959.570433334
0.00000000064 0.18375587635 1066.49547719
0.00000000080 5.81239171612 12341.8069042809
0.00000000066 2.15105504851 38.0276726358
0.00000000067 5.14047250153 9814.6041002912
0.00000000062 2.43313614978 10138.1095169486
0.00000000068 2.24442548639 24383.0791084414
0.00000000078 1.39649333997 9411.4646150872
0.00000000059 4.95362151577 35707.7100829074
0.00000000073 1.35229143121 5327.4761083828
0.00000000057 3.16018882154 5490.300961524
0.00000000072 5.91833527334 10881.0995774812
0.00000000067 0.66414713064 29864.334027309
0.00000000065 0.30352816135 7018.9523635232
0.00000000059 5.36231868425 10239.5838660108
0.00000000056 3.22196331515 2636.725472637
0.00000000068 5.32086226658 3116.6594122598
0.00000000059 1.63156134967 61306.0115970658
0.00000000054 4.29491690425 21947.11137270
0.00000000070 0.29271565928 6528.9074962208
0.00000000057 5.89190132575 34513.2630726828
0.00000000054 2.51856815404 6279.1945146334
0.00000000074 1.38235845304 9967.4538999816
0.00000000054 0.92276712152 6286.9571853494
0.00000000070 5.00933012248 6453.7487206106
0.00000000053 3.86543309344 32370.9789915656
0.00000000055 4.51794544854 34911.412076091
0.00000000063 5.41479412056 11502.8376165305
0.00000000063 2.34416220742 11510.7019230567
0.00000000056 0.91310629913 9910.583327509
0.00000000067 4.03308763854 34596.3646546524
0.00000000060 5.57024703495 5756.9080032458
0.00000000072 2.80863088166 10866.8724834796
0.00000000066 6.12047940728 12074.488407524
0.00000000051 2.59519527563 11396.5634485742
0.00000000062 5.14746754396 25287.7237993998
0.00000000054 2.50994032776 5999.2165311262
0.00000000051 4.51195861837 29822.7832363242
0.00000000059 0.44167237876 250570.67585721909
0.00000000051 3.68849066760 6262.7205305926
0.00000000049 0.54704693048 22594.05489571199
0.00000000065 2.38423614501 52670.0695933026
0.00000000069 5.34363738671 66813.5648357332
0.00000000056 2.67216180349 17892.93839400359
0.00000000049 4.18361320516 18606.4989460002
0.00000000055 0.83886167974 20452.8694122218
0.00000000050 1.46327331958 37455.7264959744
0.00000000058 3.34847975377 33990.6183442862
0.00000000065 1.45522693982 76251.32777062019
0.00000000056 2.35650664200 37724.7534197482
0.00000000048 1.80689447612 206.1855484372
0.00000000056 3.84224878744 5483.254724826
0.00000000053 0.17334326094 77717.29458646949
0.00000000053 0.79879700631 77710.24834977149
0.00000000047 0.43240779709 735.8765135318
0.00000000053 4.58786566028 11616.976091013
0.00000000048 6.20230111054 4171.4255366138
0.00000000052 2.91719053030 6993.0088985497
0.00000000057 3.42008310383 50317.2034395308
0.00000000048 0.12356889012 13362.4497067992
0.00000000060 5.52056066934 949.1756089698
0.00000000045 3.37963782356 10763.779709261
0.00000000047 5.50958184902 12779.4507954208
0.00000000052 5.42770349015 310145.15282392364
0.00000000061 2.93237974631 5791.4125575326
0.00000000044 2.87440620802 8584.6616659008
0.00000000046 4.03141796560 10667.8004820432
0.00000000044 1.21579107625 6272.4391846416
0.00000000047 2.57670800912 11492.542675792
0.00000000044 3.62570223167 63658.8777508376
0.00000000051 0.84531181151 12345.739057544
0.00000000046 1.17584556517 149.5631971346
0.00000000043 0.01524970172 37853.8754993826
0.00000000043 0.79038834934 640.8776073822
0.00000000044 2.22554419931 6293.7125153412
0.00000000049 1.01528394907 149144.46708624958
0.00000000041 3.27146326065 8858.3149443206
0.00000000045 3.03765521215 65236.2212932854
0.00000000058 5.45843180927 1975.492545856
0.00000000041 1.32190847146 2547.8375382324
0.00000000047 3.67626039848 28313.288804661
0.00000000047 6.21438985953 10991.3058987006
0.00000000040 2.37237751212 8273.8208670324
0.00000000056 1.09773690181 77376.20102240759
0.00000000040 2.35698541041 2699.7348193176
0.00000000043 5.28030897946 17796.9591667858
0.00000000054 2.59175932091 22910.44676536859
0.00000000055 0.07988985505 83467.15635301729
0.00000000041 4.47510694062 5618.3198048614
0.00000000040 1.35670430524 27177.8515292002
0.00000000041 2.48011323946 6549.6828917132
0.00000000050 2.56387920528 82576.98122099529
0.00000000042 4.78798367468 7856.89627409019
0.00000000047 2.75482175292 18202.21671665939
0.00000000039 1.97008298629 24491.4257925834
0.00000000042 4.04346599946 7863.9425107882
0.00000000039 3.01033936420 853.196381752
0.00000000038 0.49178679251 38650.173506199
0.00000000044 1.35931241699 21393.5419698576
0.00000000036 4.86047906533 4157.1984426122
0.00000000043 5.64354880978 1062.9050485382
0.00000000039 3.92736779879 3903.9113764198
0.00000000040 5.39694918320 9498.2122306346
0.00000000043 2.40863861919 29424.634232916
0.00000000046 2.08022244271 12573.2652469836
0.00000000050 6.15760345261 78051.34191383338