1.51558976277 4.63212206588 3340.6124266998
0.07064550239 4.97051892902 6681.2248533996
0.08655481102 0.0 0.0
0.00493872848 5.30877806694 10021.8372800994
0.00040917422 5.64698263703 13362.4497067992
0.00021036784 0.23240270955 3337.0893083508
0.00021012921 5.89022773653 3344.1355450488
0.00011370034 3.26131408801 1059.3819301892
0.00013324177 5.34259389724 529.6909650946
0.00006764653 4.07671230062 3340.629680352
0.00006764700 2.04594066912 3340.5951730476
0.00008346220 3.42464704002 2281.2304965106
0.00005400042 5.81507793194 2942.4634232916
0.00004809528 0.27875310553 3738.761430108
0.00004849523 2.85190987550 5621.8429232104
0.00005263268 0.75811089992 6151.533888305
0.00003609527 4.53244488294 796.2980068164
0.00003724293 5.98516013322 16703.062133499
0.00003805073 5.94234296399 398.1490034082
0.00002394490 5.34678816191 3149.1641605882
0.00002251027 0.76938193892 3532.0606928114
0.00001975769 0.56949816579 6677.7017350506
0.00002226030 5.99867316288 3340.6797370026
0.00002226089 0.12398424247 3340.545116397
0.00002177591 0.12334436516 6283.0758499914
0.00001690439 1.58331163985 5884.9268465832
0.00002234121 3.24909113765 8962.4553499102
0.00001628395 4.95250906888 4136.9104335162
0.00001956411 6.23095843554 6684.7479717486
0.00001697214 0.81869636263 2544.3144198834
0.00001385946 3.73437191158 1751.539531416
0.00001439619 5.19505958438 2810.9214616052
0.00001281890 3.13035275682 1194.4470102246
0.00001469783 0.30415060688 3870.3033917944
0.00001571880 3.27679498650 1589.0728952838
0.00001575854 2.78266835243 5092.1519581158
0.00000955007 3.80044052913 426.598190876
0.00000819149 3.58786440540 4399.994356889
0.00000709907 4.50556127152 191.4482661116
0.00000719204 1.08354735050 9492.1463150048
0.00000630626 2.38434217274 6681.2075997474
0.00000630626 4.41511380423 6681.2421070518
0.00000699407 5.71737497910 213.299095438
0.00000592563 2.82214112368 5486.777843175
0.00000581408 2.38087976114 3185.1920272656
0.00000551361 3.73720813913 3496.032826134
0.00000491736 0.60462673907 7079.3738568078
0.00000403176 3.49532014869 8432.7643848156
0.00000532702 1.72629618682 1592.5960136328
0.00000417187 2.39288855164 3339.6321056316
0.00000417083 3.72975291794 3341.592747768
0.00000392731 1.39110771836 2146.1654164752
0.00000359894 0.04010740278 20043.6745601988
0.00000352248 2.32029465959 6254.6266625236
0.00000351559 3.59860692655 12303.06777661
0.00000321064 0.37146017150 3553.9115221378
0.00000313108 5.61766202779 3127.3133312618
0.00000266755 2.88006209994 4562.4609930212
0.00000281855 0.42150291554 7.1135470008
0.00000259253 0.32102915510 1990.745017041
0.00000313501 3.53468286874 4535.0594369244
0.00000265807 4.13657205734 5088.6288397668
0.00000271152 0.37550883198 6467.9257579616
0.00000223029 1.98134328602 3319.8370312074
0.00000221308 4.14094711258 3361.3878221922
0.00000233740 0.46548637345 9623.6882766912
0.00000212622 2.22578594563 1748.016413067
0.00000207526 0.46238962685 6681.1575430968
0.00000205079 0.28680735926 10025.3603984484
0.00000207717 0.90733952000 10018.3141617504
0.00000193140 3.36083067358 2118.7638603784
0.00000244575 2.80556071941 2914.0142358238
0.00000218542 5.68744233165 6489.776587288
0.00000207526 0.05389324000 6681.2921637024
0.00000178369 4.10543898205 1221.8485663214
0.00000156876 5.19786609301 2388.8940204492
0.00000146513 5.54868179527 4690.4798363586
0.00000176877 2.69854646339 2957.7158944766
0.00000147659 0.90344856519 7210.9158184942
0.00000164583 5.28781848597 7477.522860216
0.00000153824 2.87500720379 639.897286314
0.00000148488 3.34244341315 3723.508958923
0.00000146666 2.84397856099 3337.021998048
0.00000166545 1.59865996295 10213.285546211
0.00000146054 3.27515242640 3344.2028553516
0.00000123680 2.52811225465 7903.073419721
0.00000120116 3.09142091867 11773.3768115154
0.00000132007 3.42890155754 1349.8674096588
0.00000143810 3.78998571160 2787.0430238574
0.00000115489 1.95561523091 3333.498879699
0.00000111935 4.78148495483 3205.5473466644
0.00000118091 3.61471499659 4929.6853219836
0.00000106593 1.33768476661 3475.6775067352
0.00000120156 1.83813184657 9225.539273283
0.00000104155 0.75138682237 4292.3308329504
0.00000103341 0.82609816627 382.8965322232
0.00000095750 4.24181219758 3347.7259737006
0.00000088744 1.41592655082 12832.7587417046
0.00000110471 1.21942577303 155.4203994342
0.00000084990 5.11937799314 3097.88382272579
0.00000114691 2.26053594900 3894.1818295422
0.00000080587 0.97053595716 3583.3410306738
0.00000085293 2.11362771170 4933.2084403326
0.00000086745 4.75160801779 951.7184062506
0.00000084319 5.69047773316 6674.1113063988
0.00000072943 3.45974237107 1052.2683831884
0.00000074027 4.31857883803 3767.2106175758
0.00000068071 6.11774649834 553.5694028424
0.00000091809 2.68866263038 9595.2390892234
0.00000073606 3.91527582136 7740.6067835888
0.00000064894 3.02584743891 6041.3275670856
0.00000066066 0.03236682162 1066.49547719
0.00000066771 3.82875505983 2700.7151403858
0.00000054123 2.72119014356 6525.8044539654
0.00000066161 4.75332288251 10021.8545337516
0.00000049846 3.52262872498 3312.163239232
0.00000049143 2.60082752399 3369.0616141676
0.00000047251 3.94147277349 15643.6802033098
0.00000066161 2.72255125102 10021.8200264472
0.00000043247 0.37556254004 149.5631971346
0.00000053311 0.93765731929 10419.9862835076
0.00000046825 2.48327781591 8429.2412664666
0.00000038910 4.06810437323 6682.2051744678
0.00000038629 3.82156635464 8031.0922630584
0.00000043007 1.13946411806 3325.3599555148
0.00000049389 0.37266734023 2274.1169495098
0.00000042804 4.98193512793 3355.8648978848
0.00000045414 3.29703568928 2288.3440435114
0.00000036267 0.37822711569 23384.2869868986
0.00000039750 2.86822975445 4032.7700279266
0.00000040833 2.03724184335 536.8045120954
0.00000038416 5.50718482024 522.5774180938
0.00000044799 2.74299278394 3077.528503327
0.00000031454 2.64713766872 5628.9564702112
0.00000031440 0.69172824614 5331.3574437408
0.00000036126 0.70225541331 9808.5381846614
0.00000031627 3.54155757104 2648.454825473
0.00000032887 0.52877756255 242.728603974
0.00000029779 1.13126848611 7064.1213856228
0.00000039043 2.73213911386 6680.2445323314
0.00000032361 3.86902085523 7875.6718636242
0.00000030949 5.83140858910 3.523118349
0.00000038473 0.77890834630 6894.5239488376
0.00000040037 3.38427304732 3603.6963500726
0.00000027656 0.80781446139 12964.300703391
0.00000027767 2.59284816570 7373.3824546264
0.00000027615 6.03842471271 5614.7293762096
0.00000027209 3.09945915500 11243.6858464208
0.00000029756 3.84776340814 3178.1457905676
0.00000028657 2.32631705170 3503.079062832
0.00000023678 2.22043284741 3320.257107301
0.00000023510 3.90077126172 3360.96774609859
0.00000024414 0.04911627531 76.2660712756
0.00000022360 3.29132317156 15113.9892382152
0.00000022672 0.62541647411 13365.9728251482
0.00000029996 3.59488057957 103.0927742186
0.00000023118 2.67406939478 1692.1656695024
0.00000024697 4.51176067682 692.1576012268
0.00000021808 0.39209935673 10021.9045904022
0.00000021387 2.33304379441 6660.4494579072
0.00000020715 2.52216424761 1581.959348283
0.00000021808 0.80059574357 10021.7699697966
0.00000025137 5.06242825009 3335.0895023924
0.00000025085 1.05978392516 3346.1353510072
0.00000024344 5.15348656249 7632.9432596502
0.00000022802 6.02803412581 9830.3890139878
0.00000025142 4.04165606796 1648.4467571974
0.00000019246 5.68073325802 3329.97576135
0.00000019171 0.43949269085 3351.2490920496
0.00000018713 5.45372592751 6438.4962494256
0.00000017629 5.62148452536 6872.6731195112
0.00000023406 4.38193206835 1758.6530784168
0.00000019932 5.89893308094 2818.035008606
0.00000018896 0.12478161870 3863.1898447936
0.00000020614 1.58112721470 10713.9948813262
0.00000020199 3.63716191406 9381.9399937854
0.00000020392 1.69497220340 10404.7338123226
0.00000022995 1.24532174509 13358.9265884502
0.00000018341 4.17761073049 11371.7046897582
0.00000020656 4.47723827677 6702.000248892
0.00000017462 5.47626814223 3074.005384978
0.00000019538 5.36428737888 2707.8286873866
0.00000016274 1.33418754245 10551.528245194
0.00000016226 3.03590297335 6298.3283211764
0.00000017152 3.69045512260 6836.6452528338
0.00000017718 5.62526789753 10818.1352869158
0.00000016186 0.64022063667 3607.2194684216
0.00000015103 5.67174037306 10973.55568635
0.00000016513 0.57398291904 6158.6474353058
0.00000019594 1.94488622867 853.196381752
0.00000014987 3.20375305228 5099.2655051166
0.00000014941 5.74767895336 6531.661656265
0.00000013625 0.78468384069 419.4846438752
0.00000015679 2.89209321078 3333.5661900018
0.00000014418 0.21259774344 7234.794256242
0.00000013479 3.61192484167 6684.8152820514
0.00000016142 5.55386288400 5729.506447149
0.00000013923 3.03761491100 12935.8515159232
0.00000016080 4.06222327337 6144.4203413042
0.00000012795 0.72051055394 3336.7310913418
0.00000012778 5.40972437724 3344.4937620578
0.00000016730 0.87141658782 3973.396166013
0.00000017426 3.89104366040 74.7815985673
0.00000015187 3.70157240216 5459.3762870782
0.00000013731 3.68029494669 433.7117378768
0.00000013717 4.13705109844 6127.6554505572
0.00000012455 4.85280703682 2487.4160449478
0.00000012109 3.30084266721 3980.5097130138
0.00000012180 3.07347183013 3281.2385647862
0.00000013697 3.17688013290 6677.6344247478
0.00000011920 3.05684725811 3399.9862886134
0.00000012440 3.47218242490 4989.0591838972
0.00000011984 0.71488214373 1744.4259844152
0.00000013476 0.01515226059 1596.1864422846
0.00000013602 4.01636834736 3415.3940252671
0.00000013560 6.04193914571 5085.038411115
0.00000011119 3.94896791447 8270.2977486834
0.00000011044 1.24284218830 110.2063212194
0.00000011077 1.67963136830 6816.289933435
0.00000012942 3.09428514061 8969.568896911
0.00000010572 0.49111944928 2921.1277828246
0.00000012672 2.10673786116 3265.8308281325
0.00000013864 5.14485151295 6546.1597733642
0.00000013089 0.23087557907 8955.3418029094
0.00000013108 0.46269227053 3443.7052009184
0.00000010887 5.60860774504 3316.733988952
0.00000013658 3.07674640526 3347.6586633978
0.00000010779 0.52098721533 3364.4908644476
0.00000010586 3.70485484511 5828.0284716476
0.00000012245 1.07572499863 135.0650800354
0.00000010723 1.74814138432 16173.3711684044
0.00000013097 4.64132274437 6688.3384004004
0.00000011398 5.58264073154 3237.5196524812
0.00000009456 1.78215703758 11769.8536931664
0.00000009867 2.38731218242 14584.2982731206
0.00000009346 4.47625335129 3304.5845600224
0.00000009214 1.65436128537 3376.6402933772
0.00000008918 2.45020419452 8273.8208670324
0.00000012157 6.01959905524 10014.7237330986
0.00000011461 1.82889516132 3024.2205570432
0.00000008958 0.47938419982 3340.19235060619
0.00000008958 5.65082995747 3341.0325027934
0.00000008219 3.15133566986 8827.3902698748
0.00000009305 0.78791668509 10575.4066829418
0.00000010555 0.77207843626 12168.0026965746
0.00000010404 4.29473071484 3657.0042963564
0.00000007752 4.94195070566 162.4666361322
0.00000008284 6.07424265191 6604.958782124
0.00000007693 5.84469694248 1861.7458526354
0.00000007330 5.44972077375 3760.097070575
0.00000007360 5.09396940186 13362.4669604514
0.00000009027 3.31681299907 6784.3176276182
0.00000007581 2.57329415226 3134.4268782626
0.00000007340 3.06011730362 13362.432453147
0.00000006923 2.23261982586 3169.9395560806
0.00000007281 3.49687859929 3546.797975137
0.00000008392 1.78654425962 12566.1516999828
0.00000007558 1.86612263411 3209.0704650134
0.00000007302 4.88716898503 2178.137722292
0.00000007609 3.51290319043 3304.0070613956
0.00000006549 4.33945759933 1118.7557921028
0.00000007465 1.30260145767 6923.9534573736
0.00000006446 4.21304551726 3341.0423098265
0.00000006446 1.91072140138 3340.1825435731
0.00000007519 2.61412619102 3377.217792004
0.00000006453 3.89234671045 3511.285297319
0.00000006649 6.12912980173 1375.7737998458
0.00000006449 0.76654877575 1478.8665740644
0.00000006210 1.34955480867 13916.0191096416
0.00000007639 4.24282694614 11081.2192102886
0.00000006261 1.27002340476 956.2891559706
0.00000006940 4.25393907229 3472.1543883862
0.00000005874 5.41165981323 640.8776073822
0.00000006250 4.38016536772 1162.4747044078
0.00000005775 1.73266094244 10184.3039162316
0.00000005575 2.93082058921 949.1756089698
0.00000006003 1.27473547429 13760.5987102074
0.00000007296 5.67050147545 632.7837393132
0.00000006054 4.28573981877 18984.2926300096
0.00000005577 2.97071984834 6843.6914895318
0.00000005413 3.06854044437 206.1855484372
0.00000005393 4.75504693723 1228.9621133222
0.00000006299 6.14054511367 14314.1681130498
0.00000006835 2.30456930250 6606.4432548323
0.00000006855 0.22567806033 263.0839233728
0.00000005362 0.17026677933 2766.267628365
0.00000006934 3.87163883253 8329.671610597
0.00000005259 2.86146113485 224.3447957019
0.00000005178 1.81202672403 3274.1250177854
0.00000005616 3.05432126136 9866.4168806652
0.00000006375 4.15539245029 8439.8779318164
0.00000006110 5.44128420245 220.4126424388
0.00000006512 3.37621294675 4459.3682188026
0.00000005006 4.31127259045 3407.0998356142
0.00000006280 2.70715143719 2221.856634597
0.00000006493 3.80339809861 38.1330356378
0.00000006520 3.29969103437 3296.8935143948
0.00000004789 0.36397268503 4407.1079038898
0.00000006362 2.82772481424 3384.3313390048
0.00000005692 3.59213239655 4569.574540022
0.00000006474 4.73026165299 7107.8230442756
0.00000006259 0.59256971500 1964.838626854
0.00000005039 2.44093002341 6247.5131155228
0.00000004722 5.47235333233 6261.7402095244
0.00000004586 2.93638012393 6709.6740408674
0.00000006292 2.83360154696 26087.9031415742
0.00000004872 3.87415179950 4392.8808098882
0.00000004383 1.48980757344 6665.9723822146
0.00000004390 1.03231511278 13149.1506113612
0.00000004312 6.19144471077 2807.3983432562
0.00000004360 1.15230731273 10235.1363755374
0.00000004314 3.26868649565 3877.4169387952
0.00000004046 2.20583477320 14054.607308026
0.00000004008 3.35863378745 574.3447983348
0.00000004107 3.07058211212 10020.8569590312
0.00000004044 2.81163214967 13517.8701062334
0.00000003822 0.64521458656 3490.1756238344
0.00000004095 4.40659363743 10022.8176011676
0.00000003703 4.80251536531 6571.0185321802
0.00000004450 0.89168729077 13524.9163429314
0.00000004526 6.09427525593 3191.0492295652
0.00000004702 2.45248932708 2111.6503133776
0.00000003986 0.10375744687 6048.4411140864
0.00000003482 4.20107395689 11216.284290324
0.00000003592 6.26752744572 3873.8265101434
0.00000003903 5.74518224407 3914.9572250346
0.00000004495 2.48902481892 10177.2576795336
0.00000003444 0.47927514937 8425.6508378148
0.00000004220 0.00535283025 2699.7348193176
0.00000003954 3.83351128588 6652.7756659318
0.00000003984 5.84008311937 3981.490034082
0.00000003410 4.75624627275 13936.794505134
0.00000003767 0.71635417612 26724.8994135984
0.00000003387 3.58149706956 18454.601664915
0.00000003961 5.31040335152 2384.3232707292
0.00000003109 6.13038417362 4555.3474460204
0.00000004007 0.19405096418 266.6070417218
0.00000004019 5.32092159727 6696.4773245846
0.00000003264 1.14586868700 16304.9131300908
0.00000003093 6.28077187263 5305.4510535538
0.00000003019 5.35351440247 5202.3582793352
0.00000003273 1.65076758838 5518.7501489918
0.00000002877 4.90074910311 1332.0548875408
0.00000002905 3.25849505328 16858.4825329332
0.00000003297 1.02769227988 8671.9698704406
0.00000003680 2.91690167677 2906.900688823
0.00000002950 3.68236929509 6944.3087767724
0.00000003359 2.27893480688 2803.8079146044
0.00000002717 4.19241426109 6518.7582172674
0.00000002747 4.88163693950 5724.935697429
0.00000002645 3.89691136061 5989.0672521728
0.00000003227 2.76073562282 647.0108333148
0.00000002528 0.08271917291 13171.0014406876
0.00000002511 5.88222082993 533.2140834436
0.00000002483 2.30179531677 3313.210870603
0.00000002456 3.82204754724 3368.0139827966
0.00000002623 1.58355072138 16699.53901514999
0.00000003010 1.80622472085 2008.557539159
0.00000002405 4.84605046787 9168.6408983474
0.00000002398 2.56649522216 17924.9106998204
0.00000002423 3.17994958247 5732.0492444298
0.00000003339 5.12360857553 17277.4069318338
0.00000002435 4.41312658080 9485.032768004
0.00000002416 0.73041207552 13362.517017102
0.00000002405 0.20257003589 3561.0250691386
0.00000002532 3.29260787559 6475.0393049624
0.00000002392 4.34374406796 10596.1820784342
0.00000002432 2.40533150763 3171.0322435668
0.00000002274 1.39549918259 6686.747777707
0.00000002400 4.57758726706 4672.6673142406
0.00000002448 3.02028279202 6418.1409300268
0.00000002366 1.05045564841 15508.6151232744
0.00000002427 0.38892764633 6040.3472460174
0.00000002247 0.65129974134 3343.3639373108
0.00000002247 5.47246717730 3337.8609160888
0.00000002377 3.75701877252 3510.1926098328
0.00000002167 0.11767854689 2125.8774073792
0.00000002861 0.41825730841 3342.0968994081
0.00000002948 5.86605020349 6414.6178116778
0.00000002139 4.06717048102 7799.9806455024
0.00000002827 5.70543977377 3339.1279539915
0.00000002582 0.96409333017 16706.585251848
0.00000002546 3.54027578863 12722.5524204852
0.00000002160 4.92254263405 9779.1086761254
0.00000002155 3.68774197983 1795.258443721
0.00000002100 3.35707551610 3929.677253708
0.00000002903 4.69260400410 661.232926781
0.00000002222 1.26294843768 7314.0085927128
0.00000002127 5.81675710469 3120.199784261
0.00000002352 5.40138877221 6675.7019290922
0.00000002072 4.69329841596 16460.33352952499
0.00000002771 6.09091685365 9872.2740829648
0.00000001996 0.01333352875 792.7748884674
0.00000002523 2.01463124837 846.0828347512
0.00000001980 5.95709631826 14158.7477136156
0.00000002065 0.49388965272 12295.9542296092
0.00000002016 4.23253734433 6701.5801727984
0.00000002042 3.11100955297 1545.3539829788
0.00000001975 5.70749246997 8542.970706035
0.00000002040 1.07943023634 1214.7350193206
0.00000002428 1.78991515376 17256.6315363414
0.00000002221 2.56014240865 6660.8695340008
0.00000002648 2.51945261752 15110.4661198662
0.00000002185 4.81676561022 10042.6126755918
0.00000002357 0.65442854372 6460.8122109608
0.00000001933 2.11467335200 3230.4061054804
0.00000001855 0.40013387410 3416.8784979754
0.00000001878 2.82996512240 2751.5475996916
0.00000001838 3.38443937909 16276.463942623
0.00000002273 2.67716254538 10001.061884607
0.00000001861 1.26573645480 2945.9865416406
0.00000002216 0.91630812456 9499.2598620056
0.00000001805 0.77929673675 6691.8615187494
0.00000002360 2.94494997079 14712.317116458
0.00000002416 1.13890846236 13362.3823964964
0.00000002281 2.28712289600 6643.0918177618
0.00000002101 0.26512458923 14.2270940016
0.00000001770 5.39660970180 323.5054166574
0.00000001855 5.11046704890 13553.8979729108
0.00000001748 3.00019460001 5032.7780962022
0.00000001715 3.81102983458 4039.8835749274
0.00000001721 3.21935371748 6456.8800576977
0.00000001966 3.45968546817 12310.1813236108
0.00000002109 0.54415878969 7203.8022714934
0.00000001672 0.98005371506 6947.8318951214
0.00000002199 5.30054419513 28.4491874678
0.00000001702 0.53249868858 2675.8563815698
0.00000001669 0.92596345981 1435.1476617594
0.00000001651 4.33968588892 6756.0064519669
0.00000001660 3.37483790709 9638.9407478762
0.00000001892 5.79856399350 799.8211251654
0.00000002194 3.25078967175 20.7753954924
0.00000002096 4.33264269742 13119.72110282519
0.00000001589 2.00183365150 2494.5295919486
0.00000001547 3.73595833668 742.9900605326
0.00000001639 4.23392283443 2679.3794999188
0.00000001532 5.50075240690 4005.3684718298
0.00000001548 6.24678563405 6578.132079181
0.00000001844 4.01089057973 1039.0266107904
0.00000001555 4.98628025111 10028.9508271002
0.00000001553 2.32867697517 4193.8088084518
0.00000001869 5.29702557581 3113.1362939108
0.00000001547 0.07021288134 13355.3361597984
0.00000001463 4.98430780024 3318.7615973734
0.00000001463 1.13945911840 3362.4632560262
0.00000001867 1.75650236110 13892.1406718938
0.00000001484 4.23315329914 2604.735913168
0.00000001444 3.51978992540 10018.2468514476
0.00000001862 6.02925087361 6670.5881880498
0.00000001434 4.87139095958 2075.0449480734
0.00000001428 4.47987818809 9468.267877257
0.00000001440 2.33078495148 2641.3412784722
0.00000001516 2.83788149379 4922.5717749828
0.00000001429 1.03218970015 12995.2253778368
0.00000001637 5.89268196003 9070.1188738488
0.00000001434 4.16617594484 3283.7140517642
0.00000001552 5.46766076359 9886.772200064
0.00000001443 5.12250897854 19800.9459562248
0.00000001430 3.95481187554 10025.4277087512
0.00000001411 5.78666438291 7895.9598727202
0.00000001403 1.95715148848 3397.5108016354
0.00000001477 5.05923233039 664.75604513
0.00000001422 1.73849339140 17395.2197347258
0.00000001893 3.78808072052 7255.5696517344
0.00000001455 3.95724694508 2693.601593385
0.00000001700 0.82628421144 3568.0885594888
0.00000001599 3.45368152649 3212.5935833624
0.00000001492 2.02335847018 6155.057006654
0.00000001330 4.10649504401 5625.3660415594
0.00000001458 4.17345665885 1015.6630178842
0.00000001556 5.03343705939 699.2711482276
0.00000001329 1.62600812826 3347.2960905739
0.00000001329 4.49775879038 3333.9287628257
0.00000001502 4.97796968434 3378.7454623376
0.00000001522 2.67171739921 3468.6312700372
0.00000001395 4.73053455402 589.0648270082
0.00000001286 0.30379131125 3152.68727893721
0.00000001682 6.22849241635 4775.7600884592
0.00000001600 6.11925303848 1905.4647649404
0.00000001563 3.16953602104 6674.1786167016
0.00000001454 4.05003779520 8799.988713778
0.00000001260 1.69516681295 3742.284548457
0.00000001361 3.13054556500 6034.2140200848
0.00000001702 0.42639470325 8646.0634802536
0.00000001307 4.86294984681 1190.9238918756
0.00000001582 3.59667619676 3450.8187479192
0.00000001272 4.68635069953 6997.6167230562
0.00000001293 3.67069504345 10124.930054318
0.00000001157 2.59571504503 4885.9664096786
0.00000001193 5.74461193872 6685.1061887576
0.00000001175 1.89791109723 4076.4889402316
0.00000001273 5.05031878952 66.4874089144
0.00000001419 5.98233231598 3.9321532631
0.00000001127 4.03094666313 17654.7805397496
0.00000001325 5.10332504416 59.3738619136
0.00000001205 3.32707601504 6688.2710900976
0.00000001183 4.18544310209 11670.2840372968
0.00000001415 2.81550588094 9588.1255422226
0.00000001569 0.42718737380 1.4844727083
0.00000001112 4.50778167602 15.252471185
0.00000001136 0.27209358118 19402.7969528166
0.00000001102 2.41369298606 6364.832983743
0.00000001104 1.71931758367 6148.010769956
0.00000001171 3.63619587357 2771.7905526724
0.00000001128 3.40922804025 6621.850991486
0.00000001312 3.60055878901 3311.18291816379
0.00000001312 2.52320812963 3370.0419352358
0.00000001101 4.21878444844 3774.3241645766
0.00000001229 0.96680072191 3145.6410422392
0.00000001266 4.04475782677 6887.4104018368
0.00000001197 4.66589167515 2284.7536148596
0.00000001097 0.74070558229 13745.3462390224
0.00000001222 2.97118716033 3184.2117061974
0.00000001052 4.36133521546 1197.9701285736
0.00000001086 2.74984967665 2324.9494088156
0.00000001116 4.29110122176 11610.9101753832
0.00000001218 2.02574751453 10156.9023601348
0.00000001068 5.67373061677 12721.572099417
0.00000001106 2.77068073078 2597.6223661672
0.00000001093 4.53871388488 5618.3198048614
0.00000001024 0.06601478472 11766.2632645146
0.00000001193 1.05540356619 6677.3435180416
0.00000001102 3.69331514825 7321.1221397136
0.00000000990 4.38326935686 3181.6689089166
0.00000000992 6.20838604911 4140.4335518652
0.00000001146 3.15309955963 3497.0131472022
0.00000001269 3.62847699186 3188.7151456146
0.00000001009 4.15469691601 4142.976349146
0.00000001311 0.82653092367 3302.479391062
0.00000001268 3.68256833294 6740.5987153132
0.00000001371 0.13077559897 9945.5712088238
0.00000001109 1.53029152367 394.6258850592
0.00000000977 5.76688159627 3361.9480671668
0.00000000977 0.35688532238 3319.2767862328
0.00000000969 4.50338632333 1272.6810256272
0.00000001185 5.73396555500 9602.3526362242
0.00000001013 5.48278778939 2277.7073781616
0.00000001079 0.61021915360 9389.0535407862
0.00000001347 2.06223654324 19513.9835951042
0.00000000986 1.69206195363 20809.4676246452
0.00000001106 0.06094765066 3264.3463554242
0.00000000968 4.43227430163 931.3630868518
0.00000001187 4.34414977303 5835.1420186484
0.00000000957 4.82126145069 6645.1969867222
0.00000001198 5.16932600912 9065.5481241288
0.00000000943 5.33537557967 3344.152798701
0.00000000943 3.92998399256 3337.0720546986
0.00000000929 2.07677392189 4001.8453534808
0.00000000977 2.12311397363 2538.2485042536
0.00000000960 2.48503648557 3909.4343007272
0.00000000909 2.06833342083 3326.3853326982
0.00000001071 4.54619279368 5195.2447323344
0.00000000943 5.96075562405 3337.106562003
0.00000000943 3.30460394818 3344.11829139661
0.00000000902 5.15672426526 169.580183133
0.00000000888 1.43117252150 16865.5287696312
0.00000000919 2.04701224910 2067.9314010726
0.00000000884 5.16952206002 36.6053653042
0.00000000925 1.82707454475 1485.9801210652
0.00000000879 4.09361898695 3354.8395207014
0.00000001201 6.09845178677 16062.1845261168
0.00000000963 2.78734439237 11614.4332937322
0.00000000856 0.80926398517 6705.1032911474
0.00000000969 5.16633148001 8958.9322315612
0.00000001200 3.92847129115 2970.9126107594
0.00000001039 0.35365785785 4936.7988689844
0.00000000897 3.73527891349 11780.4903585162
0.00000000995 0.26138866358 16335.8378045366
0.00000000868 2.65649534956 9947.0556815321
0.00000000890 4.75712150390 6747.712262314
0.00000001141 0.97184844335 131.5419616864
0.00000000834 0.81428487363 6680.804777306
0.00000000884 1.87315288737 3232.9489027612
0.00000000818 5.38279925907 9380.9596727172
0.00000000818 4.78663456281 8013.2797409404
0.00000000814 3.39899123402 16703.0448798468
0.00000001043 2.49681718942 3492.509707785
0.00000000814 5.42976286552 16703.07938715119
0.00000000900 4.50924525053 8965.9784682592
0.00000000821 6.16771533756 3358.4249488178
0.00000000821 6.23923688826 3322.7999045818
0.00000000805 3.69471748733 1045.1548361876
0.00000000787 3.77976750586 735.8765135318
0.00000000967 1.92764202530 9654.612951137
0.00000000792 5.67450968586 7100.7094972748
0.00000000779 1.71729257907 3499.555944483
0.00000000841 4.23759405799 3448.2759506384
0.00000000788 4.57983605830 14421.8316369884
0.00000000836 1.41619053095 170.6728706192
0.00000000844 3.21239075987 4356.275444584
0.00000000989 3.67005329922 20199.094959633
0.00000000900 1.00211769457 401.6721217572
0.00000001013 4.38954237559 8859.3625756916
0.00000001009 5.94344429551 6657.3464156518
0.00000000819 4.90700253923 802.3639224462
0.00000001030 2.19496889171 3710.3122426402
0.00000000787 3.72966883127 3308.640120883
0.00000000787 2.39409808737 3372.5847325166
0.00000000725 4.63532264917 3229.4257844122
0.00000000812 1.13677065033 11.0457002639
0.00000000825 4.27026639346 3253.30422216
0.00000000838 3.66947874674 3116.2676309979
0.00000000864 1.98924766986 6717.252720077
0.00000000729 0.68449736491 22743.4093795164
0.00000000720 5.55705118503 20597.2439630412
0.00000000700 3.77746305049 3613.2853840514
0.00000000889 3.55978260808 7910.1869667218
0.00000000720 3.79227419390 1062.9050485382
0.00000000694 1.48841585184 3451.7990689874
0.00000000692 2.36882551276 3067.9394693482
0.00000000730 1.00727748667 6016.4688082696
0.00000000795 1.85354458694 3427.9206312396
0.00000000688 2.41477495597 20426.571092422
0.00000000876 5.35866130411 2391.43681773
0.00000000723 3.92475752469 3735.238311759
0.00000000722 2.23341954634 15906.7641266826
0.00000000661 3.51665460883 7270.2896804078
0.00000000651 0.78545063650 6357.7194367422
0.00000000790 1.64323479127 10264.5658840734
0.00000000694 0.87755088753 1265.5674786264
0.00000000652 1.55852371558 3212.6608936652
0.00000000711 1.63332630369 5642.1982426092
0.00000000634 1.60298193598 17101.2111369072
0.00000000652 4.45799464174 485.9720527896
0.00000000666 1.27481108934 15664.03552270859
0.00000000625 2.36814325199 5938.234792867
0.00000000639 1.93449381766 5408.5438277724
0.00000000621 1.42292756920 17468.8551979454
0.00000000684 2.60266690573 1437.1756141986
0.00000000631 3.77351547579 3329.5667264359
0.00000000631 2.35025144285 3351.6581269637
0.00000000631 4.86274156896 3343.1552239806
0.00000000834 5.98573063128 6681.6449294932
0.00000000619 4.56322346372 3468.5639597344
0.00000000779 4.63356167618 22324.9050567094
0.00000000683 4.49253838209 3336.6802734367
0.00000000683 1.63122853655 3344.5445799629
0.00000000637 5.57552696396 151.0476698429
0.00000000600 1.07842896250 3338.069629419
0.00000000834 2.11901816690 24150.080051345
0.00000000735 1.11347228352 2409.249339848
0.00000000621 5.11737417220 10448.4354709754
0.00000000649 4.60015667511 148.0787244263
0.00000000776 1.37472992157 6019.9919266186
0.00000000706 2.94874370922 6717.8302187038
0.00000000638 3.48875178863 3826.5844794894
0.00000000586 5.86003431075 3528.5375744624
0.00000000586 2.19200605264 22345.2603761082
0.00000000615 0.51970504765 1169.5882514086
0.00000000597 5.87197147428 2540.7913015344
0.00000000589 3.65950730930 7380.4960016272
0.00000000704 1.04297020980 3547.3131639964
0.00000000663 0.71782437194 2301.58581590939
0.00000000602 4.55116981040 6681.6547365263
0.00000000672 5.83404606009 6666.997759398
0.00000000691 5.87625321159 6679.7403806913
0.00000000644 0.37433972538 4289.7880356696
0.00000000559 2.62955480222 6314.0005244372
0.00000000613 2.81666478638 18451.07854656599
0.00000000584 0.31894691338 2171.0241752912
0.00000000648 1.07818407115 4133.3873151672
0.00000000610 5.23007688005 9911.63095888
0.00000000716 1.72986045966 19004.6479494084
0.00000000602 2.63805578157 2854.6403739102
0.00000000600 3.16504307436 6724.9437657046
0.00000000584 2.96924262775 8226.5788363784
0.00000000742 3.68753265144 2547.8375382324
0.00000000589 1.36560850845 20.3553193988
0.00000000613 2.32622469131 6549.6828917132
0.00000000634 2.56923863836 6510.5519827804
0.00000000602 2.24884569451 6680.7949702729
0.00000000527 3.82884166493 11140.5930722022
0.00000000522 2.26977914970 3341.7930693519
0.00000000522 3.85398776894 3339.4317840477
0.00000000625 5.85233423648 52175.8062831484
0.00000000546 3.96156394907 3193.8007401762
0.00000000533 0.72901836770 12323.4230960088
0.00000000553 2.12191066592 3487.4241132234
0.00000000513 5.35876783758 299.1263942692
0.00000000714 6.24453003731 4503.0871311076
0.00000000557 4.09014460295 316.3918696566
0.00000000584 4.99460272910 3133.9116894032
0.00000000649 0.91092905161 1641.3332101966
0.00000000511 1.27411646883 16489.763038061
0.00000000505 3.26910073568 1063.3140834523
0.00000000694 4.54072508194 43.718912305
0.00000000542 2.95211033167 1596.1191319818
0.00000000530 5.77886387642 1699.2792165032
0.00000000509 4.40726650224 6812.766815086
0.00000000489 1.49622890471 13575.7488022372
0.00000000535 3.39733194552 9072.6616711296
0.00000000536 4.94177551833 3198.4337996636
0.00000000478 4.20263049199 114.3991069134
0.00000000619 3.39724967275 13207.029307365
0.00000000474 0.14710048229 4246.0691233646
0.00000000527 4.43881694959 3289.33208883739
0.00000000527 1.68494996905 3391.89276456221
0.00000000491 6.12686543849 3288.352111787
0.00000000491 6.28008678733 3392.8727416126
0.00000000532 0.09481122914 1055.4497769261
0.00000000473 1.65549875820 4296.9015826704
0.00000000533 5.15285623089 3535.5838111604
0.00000000483 3.77260927689 3346.6783423296
0.00000000483 2.35115764175 3334.54651107
0.00000000460 2.87294253141 2281.2477501628
0.00000000460 0.84217089992 2281.2132428584
0.00000000604 5.04411661351 2373.6415492642
0.00000000455 2.71347773637 8962.4726035624
0.00000000455 0.68270610488 8962.438096258
0.00000000506 1.18178617794 3482.791053736
0.00000000520 4.81778266341 382.879278571
0.00000000453 2.02135344772 2957.7331481288
0.00000000633 5.05090698547 2963.238818784
0.00000000502 3.05307431011 5562.4690612968
0.00000000475 4.42459668952 23.8784377478
0.00000000604 2.76951680562 3370.1042450032
0.00000000604 3.35425011302 3311.1206083964
0.00000000448 3.40867489514 13361.469385731
0.00000000500 0.96736492114 4819.4790007642
0.00000000440 3.12274959821 3564.9572224017
0.00000000442 0.45808507261 227.476132789
0.00000000477 4.42611192431 4379.6390374902
0.00000000492 3.86744898089 11250.7993934216
0.00000000476 3.15928705457 2295.4575905122
0.00000000468 3.75342375537 4186.695261451
0.00000000430 0.16981325181 4716.3862265456
0.00000000505 5.41670810903 3495.9655158312
0.00000000450 0.92683652577 8116.372515159
0.00000000561 4.79003110975 4271.9755135516
0.00000000535 1.82320232215 860.3099287528
0.00000000422 1.90347011233 5753.3848848968
0.00000000427 2.36223136799 1574.8458012822
0.00000000456 1.82684055018 10006.5848089144
0.00000000422 4.38918966666 5223.6939198022
0.00000000539 0.59509723540 3185.2593375684
0.00000000425 6.16545314121 5888.4499649322
0.00000000436 1.02599155499 23539.7073863328
0.00000000478 4.03784097782 5095.6750764648
0.00000000443 5.24107173006 1854.6323056346
0.00000000475 4.30595945262 6850.8050365326
0.00000000433 2.49733426085 3376.1751611684
0.00000000433 3.62643265779 3305.0496922312
0.00000000410 5.02461670016 2480.302497947
0.00000000558 6.20652192769 4025.6564809258
0.00000000423 5.65906920843 10037.0897512844
0.00000000407 1.22583553247 18849.2275499742
0.00000000481 5.74335395262 6685.1570066627
0.00000000402 0.22199197504 6151.5511419572
0.00000000402 4.47440565072 6151.5166346528
0.00000000425 2.89229866320 21265.5231265202
0.00000000430 0.28354344501 2655.5683724738
0.00000000531 3.22678253563 6637.5059410946
0.00000000477 2.15054075988 6614.7374444852
0.00000000555 1.07136034497 3717.9860346156
0.00000000425 4.00058546704 7218.029365495
0.00000000402 2.74134740638 1685.0521225016
0.00000000456 3.63646339661 9374.8264467846
0.00000000392 4.13330005973 3723.4917052708
0.00000000430 4.01774033971 7696.8878712838
0.00000000486 3.27620484219 10050.2864675672
0.00000000413 4.62181012252 7483.5887758458
0.00000000403 3.03715170877 18606.4989460002
0.00000000388 4.53563064046 8564.306346502
0.00000000394 0.17224799893 4981.9456368964
0.00000000487 3.89276175312 1655.5603041982
0.00000000404 3.65562985264 6644.6194880954
0.00000000382 0.83080012585 3017.1070100424
0.00000000414 0.69798224448 7747.7203305896
0.00000000376 1.97925827985 20735.83216142559
0.00000000395 5.71525673304 515.463871093
0.00000000378 1.07650858210 9801.4246376606
0.00000000432 1.20025313626 905.4566966648
0.00000000448 3.40168164363 2277.2983432475
0.00000000366 3.33686353957 912.5702436656
0.00000000437 0.33111846337 2285.1626497737
0.00000000364 0.19370376341 15806.146839442
0.00000000509 4.47318747635 1765.7666254176
0.00000000424 0.31309571718 5881.4037282342
0.00000000475 2.97743590747 1329.51209026
0.00000000363 2.53252878777 25685.872802808
0.00000000379 5.77822316957 7366.2689076256
0.00000000355 2.42667156551 5636.070017212
0.00000000475 3.89107293655 21795.21409161479
0.00000000351 4.13578832624 6851.8977240188
0.00000000452 0.50803184514 6106.8800550648
0.00000000344 5.37144778531 16894.5103996106
0.00000000364 0.71572042055 6682.7093261079
0.00000000388 2.20834855471 20618.0193585336
0.00000000452 1.07313020826 4307.5833041354
0.00000000339 4.53065010744 1883.0814931024
0.00000000361 5.00906964184 27682.1407441564
0.00000000351 2.80463066915 5452.2627400774
0.00000000335 0.80197784093 15636.566656309
0.00000000434 0.32563509977 7214.4389368432
0.00000000395 4.16776570158 9993.3880926316
0.00000000352 2.61512238463 1250.8301963008
0.00000000394 3.54014449716 9797.4924843975
0.00000000327 4.04880436765 3353.85419909779
0.00000000327 2.07496255099 3327.3706543018
0.00000000351 0.12561529818 13212.8865096646
0.00000000328 6.15057253277 2435.155730035
0.00000000415 3.58472859131 21947.11137270
0.00000000447 4.74470130101 13363.4300278674
0.00000000336 2.93237714822 0.9803210682
0.00000000389 1.05447612688 30065.5118402982
0.00000000361 1.50116564732 5749.8617665478
0.00000000444 0.28150228175 8982.810669309
0.00000000395 1.75358681150 3337.1566186536
0.00000000327 4.40197406437 146.8116865236
0.00000000320 4.04485044014 25287.7237993998
0.00000000339 4.51129199209 14556.8967170238
0.00000000389 4.52937583175 18052.9295431578
0.00000000408 6.10449821431 11883.5831327348
0.00000000384 4.30166402202 7733.493236588
0.00000000333 1.83073454084 543.9180590962
0.00000000335 2.75369658972 3060.8259223474
0.00000000344 0.16236119441 568.8218740274
0.00000000314 2.59903777963 15265.8865193004
0.00000000355 6.17242188932 7322.1024607818
0.00000000316 5.59149424389 3440.1820825694
0.00000000316 0.53227267475 3241.0427708302
0.00000000354 0.64235154390 4606.1799053262
0.00000000310 5.64297192066 6453.7487206106
0.00000000317 2.40423598623 2973.3880977374
0.00000000300 2.21725287793 1987.221898692
0.00000000299 4.05930436366 10284.9212034722
0.00000000342 1.05396519831 14128.2427712456
0.00000000379 2.27965866856 1461.0540519464
0.00000000294 1.92173439518 20040.15144184979
0.00000000360 3.42990211925 16063.164847185
0.00000000313 1.30391208259 6286.5989683404
0.00000000307 6.22295802105 9755.2302383776
0.00000000306 4.47697327581 8756.269801473
0.00000000361 1.45253410618 685.044054226
0.00000000392 1.48127453453 19645.5255567906
0.00000000328 2.03910800196 3397.4156888696
0.00000000328 4.08465891668 3283.80916453
0.00000000316 2.32828995492 5621.8601768626
0.00000000397 5.55627760256 23141.5583829246
0.00000000294 1.44129558600 5483.254724826
0.00000000291 0.90595258507 11986.6759069534
0.00000000307 2.00013192821 8749.1562544722
0.00000000314 2.64774700056 9983.7042444616
0.00000000340 3.83856139387 12509.2533250472
0.00000000339 0.25931753019 3856.0762977928
0.00000000339 5.86444938845 2825.1485556068
0.00000000283 3.01099503487 5244.049239201
0.00000000383 3.28640230880 2921.6880277992
0.00000000282 3.52940833364 5106.3790521174
0.00000000302 4.91996410033 12825.6451947038
0.00000000287 2.38824152806 194.9713844606
0.00000000310 0.61972171326 2060.8178540718
0.00000000330 6.18492026237 1073.6090241908
0.00000000382 1.17991122952 3267.3153008408
0.00000000382 4.94385568912 3413.9095525588
0.00000000304 3.37219185052 3620.3989310522
0.00000000285 4.10904023674 279.7865043524
0.00000000316 0.29751832342 5621.8256695582
0.00000000325 5.36152471767 533.6231183577
0.00000000283 1.21247425709 12839.8722887054
0.00000000296 3.06136390749 187.9251477626
0.00000000283 4.53197273536 9859.3706439672
0.00000000281 3.88336320291 596.178374009
0.00000000271 0.22764063317 1368.660252845
0.00000000280 0.42006444847 16511.6138673874
0.00000000298 0.08485122631 11236.57229942
0.00000000285 0.56726195027 206.7007372966
0.00000000300 3.90419594378 5820.9149246468
0.00000000321 0.39004570182 2267.003402509
0.00000000261 1.23435301369 20206.141196331
0.00000000316 1.01160877914 5490.300961524
0.00000000269 2.88944214463 2744.4340526908
0.00000000316 2.18472195162 525.7588118315
0.00000000271 3.84708232270 3336.0416769798
0.00000000271 2.27668459594 3345.1831764198
0.00000000268 5.19560766387 2149.6885348242
0.00000000251 2.15515665308 3337.5093844444
0.00000000251 3.96861026556 3343.7154689552
0.00000000251 3.37137074296 9758.7533567266
0.00000000251 1.54323704062 1903.4368125012
0.00000000291 4.03266591834 367.2243289624
0.00000000250 0.13361485614 2142.6422981262
0.00000000267 0.96036007447 6830.7880505342
0.00000000306 1.35986909253 12012.5822971404
0.00000000255 3.17215031285 12928.7379689224
0.00000000286 4.90376441028 1898.3512179396
0.00000000290 1.30201044096 20047.1976785478
0.00000000268 1.47703232305 16702.9948231962
0.00000000250 0.95280868140 9698.331863442
0.00000000246 3.89830112418 15650.7937503106
0.00000000247 5.73950808020 10016.314355792
0.00000000257 3.56657939800 5430.3946570988
0.00000000255 4.87354006866 21548.9623692918
0.00000000269 1.11468463011 36.0278666774
0.00000000255 2.82393072524 26482.1708096244
0.00000000255 1.56711743342 1727.6610936682
0.00000000276 4.96569192497 6670.1791531357
0.00000000320 5.04391570277 11904.9187732018
0.00000000280 5.37126197378 5401.4302807716
0.00000000258 2.68846300150 9488.6231966558
0.00000000269 1.83867958993 3866.7802734454
0.00000000265 2.90618128587 3053.6500655792
0.00000000240 1.73397693635 10027.3602044068
0.00000000321 2.82885605337 3759.5368256004
0.00000000319 3.59122436698 9815.6517316622
0.00000000301 3.63843739254 95.9792272178
0.00000000251 0.12300198308 1279.794572628
0.00000000251 5.02021336588 2790.5661422064
0.00000000322 4.83706419059 17085.9586657222
0.00000000326 4.20517834971 3707.8367556622
0.00000000311 5.99598016839 3391.4448860056
0.00000000311 0.12778675025 3289.779967394
0.00000000272 4.72506446876 10706.8813343254
0.00000000230 1.62590974520 10654.6210194126
0.00000000292 5.65389851248 3050.1269472302
0.00000000235 2.10330649321 5945.3483398678
0.00000000301 2.35277176785 9495.6694333538
0.00000000227 5.71659702017 1868.8593996362
0.00000000233 3.39950183393 4996.172730898
0.00000000225 2.61344044624 2938.9403049426
0.00000000225 4.67024091816 24341.5283174566
0.00000000312 4.22328014540 4403.517475238
0.00000000224 4.82206915571 5.5229243074
0.00000000222 1.20460555062 1835.3246176068
0.00000000289 0.65812694051 6901.6374958384
0.00000000244 2.21530907924 5349.1699658588
0.00000000268 1.06853593620 16703.1294438018
0.00000000243 1.91517218823 1442.2612087602
0.00000000220 2.74511541811 6511.6446702666
0.00000000234 0.06116213374 17499.3601403154
0.00000000224 6.22254343881 3542.8658218739
0.00000000224 6.18440878701 3138.3590315257
0.00000000272 3.51708444353 2428.0421830342
0.00000000218 5.88781974409 6283.0931036436
0.00000000218 3.85704811260 6283.0585963392
0.00000000256 6.05446717792 151.8972810852
0.00000000220 3.19711314225 3987.6232600146
0.00000000219 1.56460932980 8584.6616659008
0.00000000215 5.15532893112 13383.2251022916
0.00000000215 5.16313544064 5511.636601991
0.00000000224 2.11540642784 77.7505439839
0.00000000215 2.86756714739 5617.9107699473
0.00000000244 5.85362027072 2814.4445799542
0.00000000211 0.74742043486 19676.4502312364
0.00000000227 2.59606896980 9278.8472195668
0.00000000211 5.04144285274 12199.9750023914
0.00000000212 0.14538044968 2392.4171387982
0.00000000237 3.21759075914 3627.57478782039
0.00000000287 1.05955224588 12465.5344127422
0.00000000220 0.54828486823 6530.1771835567
0.00000000263 5.32330172342 4531.5363185754
0.00000000249 2.58328462618 3084.6420503278
0.00000000252 3.03997100024 3382.1632176846
0.00000000252 3.08379591840 3299.061635715
0.00000000267 5.74809850023 5415.6573747732
0.00000000239 1.63889533266 3344.068234746
0.00000000262 0.46948508418 3631.0979061694
0.00000000206 1.80117058552 7082.8969751568
0.00000000210 5.81059147043 6678.4733427886
0.00000000255 1.55350830983 1994.26813539
0.00000000210 6.25153793027 1484.9324896942
0.00000000274 4.79336564976 12306.590894959
0.00000000204 0.76733899172 6382.0984591304
0.00000000223 3.13516948674 3336.25039031
0.00000000223 2.98859743190 3344.9744630896
0.00000000255 5.28908452900 2942.4806769438
0.00000000224 1.52427347828 6533.1461289733
0.00000000233 5.90676932856 19146.7592661418
0.00000000201 5.35533176059 9360.6043533184
0.00000000211 1.15148869397 3890.65871119319
0.00000000227 6.03580433993 5625.7750764735
0.00000000200 6.26289082650 7586.6815500644
0.00000000199 3.26137019616 3029.7716278314
0.00000000243 4.23643794604 9329.6796788726
0.00000000199 3.94721644624 2089.782230399
0.00000000250 5.43333163998 24889.5747959916
0.00000000197 1.15409232210 3436.5916539176
0.00000000197 4.96967459654 3244.633199482
0.00000000223 0.34944239276 3.5904286518
0.00000000197 0.20677207241 15106.8756912144
0.00000000231 2.63984097637 6653.8232973028
0.00000000198 3.92131152950 3094.36070437679
0.00000000223 3.01290266414 13341.6743113068
0.00000000198 4.43881610804 18208.349942592
0.00000000191 5.50522939133 3752.9835235742
0.00000000191 0.61853752731 2928.2413298254
0.00000000192 3.48407799837 15121.102785216
0.00000000221 0.94687593506 3649.8907493556
0.00000000212 4.83879513966 4538.5825552734
0.00000000192 2.00799170950 3315.7536678838
0.00000000192 4.11577520914 3365.4711855158
0.00000000226 3.54050854737 3596.5828030718
0.00000000191 1.07856532421 117.3198682202
0.00000000255 3.25831289751 2942.4461696394
0.00000000191 0.88273497404 10544.4146981932
0.00000000205 0.67759896423 1059.364676537
0.00000000188 0.18939361921 3363.3809233092
0.00000000188 5.93437329943 3317.8439300904
0.00000000231 2.52066042702 9093.9973115966
0.00000000228 2.13919737338 369.6998159404
0.00000000182 1.33127974270 5960.0856221934
0.00000000183 1.25274653764 4878.8528626778
0.00000000193 2.43223658328 7417.1013669314
0.00000000188 0.40235506847 2735.762685995
0.00000000189 5.13510234469 11353.8921676402
0.00000000180 5.03093948829 1755.062649765
0.00000000222 6.00721433544 3070.4149563262
0.00000000233 3.17507790219 5351.7127631396
0.00000000177 2.86226760448 3651.4532255682
0.00000000232 3.46445207879 3163.918696566
0.00000000232 2.65931483985 3517.3061568336
0.00000000176 3.48010790145 6342.9821544166
0.00000000180 5.30008115245 3332.5185586308
0.00000000180 0.82368576619 3348.7062947688
0.00000000179 2.20235361692 3586.8641490228
0.00000000185 5.05060067762 4061.751657906
0.00000000205 2.70837059572 1059.3991838414
0.00000000187 1.04746838799 2619.4731954936
0.00000000176 3.90353461991 13465.5424810178
0.00000000208 2.66589443408 4253.1826703654
0.00000000174 4.55814413103 10096.6188786667
0.00000000188 3.92958586943 2574.8193622534
0.00000000175 5.69635587487 12299.544658261
0.00000000240 2.78491358774 5085.1057214178
0.00000000208 1.23374873483 10721.108428327
0.00000000242 2.13161585563 11925.2740926006
0.00000000173 5.89789471349 28230.18722269139
0.00000000177 5.31666142975 2572.7636073512
0.00000000225 1.90849387608 23958.6317852334
0.00000000231 5.40468485650 31022.7531708562
0.00000000210 0.98942403448 6683.9763640106
0.00000000175 4.13281638704 6708.6264094964
0.00000000174 4.83665165671 3155.7625187296
0.00000000169 3.90681440181 4694.0029547076
0.00000000169 3.54733614920 6684.73071809641
0.00000000169 5.57810778070 6684.7652254008
0.00000000191 3.61332015676 11567.1912630782
0.00000000207 2.89825036062 10001.48196070061
0.00000000185 3.07114551783 3936.7908007088
0.00000000189 5.77291316706 2783.5199055084
0.00000000197 5.75026594358 8166.1573430938
0.00000000203 3.16676623170 4466.4817658034
0.00000000167 5.13944886262 158.9435177832
0.00000000165 1.89458907755 6566.8257464862
0.00000000219 4.30567311434 3070.482266629
0.00000000177 3.00242387112 2978.491289969
0.00000000179 2.14367659492 17232.7530985936
0.00000000169 0.26354444683 11456.9849418588
0.00000000184 6.11553659620 12942.965062924
0.00000000214 5.24745003905 604.8497407048
0.00000000168 1.24832202487 1111.642245102
0.00000000162 0.40163918127 16695.94858649819
0.00000000167 0.42456512338 24491.4257925834
0.00000000200 0.11649489032 3610.8098970734
0.00000000188 0.87790891193 2385.3709021002
0.00000000185 0.38071563992 4452.2546718018
0.00000000170 4.45477263786 28628.3362260996
0.00000000168 0.43144821098 6165.7609823066
0.00000000201 3.99164016173 3738.7441764558
0.00000000188 1.10311001587 1744.493294718
0.00000000159 3.67101894096 14481.205498902
0.00000000162 5.14005106474 272.6729573516
0.00000000156 5.01784452685 8436.2875031646
0.00000000170 5.97804289682 4825.544916394
0.00000000163 0.14934835314 3345.8116178656
0.00000000163 5.97441856550 3335.413235534
0.00000000165 0.42827361678 10.6366653498
0.00000000174 0.55658276896 10787.6303445458
0.00000000175 5.91625467468 2757.6135153214
0.00000000153 0.22099888781 7447.017917846
0.00000000184 3.91518117795 5220.1708014532
0.00000000214 2.37690992241 1385.8952763362
0.00000000171 0.07657131354 10011.2006147496
0.00000000163 0.47065867853 13286.1836355236
0.00000000152 2.34971090866 2011.1003364398
0.00000000154 3.98395343557 8771.0070837986
0.00000000151 4.45990869608 15010.8964639966
0.00000000153 5.74866858603 9153.9036160218
0.00000000171 4.58339007555 21393.5419698576
0.00000000169 4.62232700739 7064.1041319706
0.00000000166 5.48604111479 6719.3578890374
0.00000000151 4.33106068620 10228.0228285366
0.00000000151 1.25876714050 3525.46233467
0.00000000149 0.32471999674 3664.1178433572
0.00000000196 1.82164041147 3610.7425867706
0.00000000166 0.46106393944 5466.489834079
0.00000000167 1.32101864186 10288.4443218212
0.00000000167 5.49820703705 5813.291189322
0.00000000147 0.61292233753 1898.3339642874
0.00000000166 1.16464294435 6908.7009861886
0.00000000172 3.82515637777 19617.07636932279
0.00000000182 4.81327110244 8535.8571590342
0.00000000154 2.09016136698 1346.3442913098
0.00000000145 5.82715197678 14577.1847261198
0.00000000201 6.02241179322 3738.7786837602
0.00000000146 5.33364778234 13369.56325380
0.00000000170 4.17129374991 6677.6844813984
0.00000000147 0.30529245684 9918.7445058808
0.00000000159 1.38117514790 3346.4696289994
0.00000000159 4.74259177074 3334.7552244002
0.00000000144 1.48919516907 8322.5580635962
0.00000000143 5.81404981785 13227.3846267638
0.00000000189 4.57066567683 10042.1925994982
0.00000000153 3.12132749782 3702.7335634306
0.00000000170 6.22747964368 5607.6158292088
0.00000000168 1.11741682536 10032.4739454492
0.00000000151 0.91764249974 1859.2030553546
0.00000000163 6.13290323794 2964.8466951296
0.00000000149 5.64340451890 12406.1605508286
0.00000000168 5.38234820743 27490.6924780448
0.00000000179 5.09214529715 2714.9422343874
0.00000000179 1.03162162149 3966.2826190122
0.00000000155 4.37389063339 4686.95671800959
0.00000000140 3.29233960935 18461.71521191579
0.00000000183 5.08915245987 6791.431174619
0.00000000150 3.63195159063 2922.1081038928
0.00000000146 0.34180400613 2714.9872905026
0.00000000165 5.85179950459 7345.9808985296
0.00000000191 0.62441184949 3202.0242283154
0.00000000191 5.49935506915 3479.2006250842
0.00000000160 3.89847950064 3287.304480416
0.00000000160 2.22528741800 3393.9203729836
0.00000000143 4.66819102175 5298.337506553
0.00000000193 4.93382263995 3031.334104044
0.00000000137 1.10831878106 1538.240435978
0.00000000189 0.82918253553 27832.0382192832
0.00000000161 0.41487404103 3897.7049478912
0.00000000136 4.94904122324 4665.5537672398
0.00000000146 4.58946121962 29424.634232916
0.00000000144 5.67407580544 3945.4621674046
0.00000000155 4.11300986064 25135.8265183146
0.00000000170 6.20206538140 6677.71898870279
0.00000000141 2.26693908625 6279.5527316424
0.00000000136 5.68923166061 4288.8077146014
0.00000000167 3.71126958427 8336.7851575978
0.00000000151 4.63496418774 8962.522660213
0.00000000151 4.79490046168 2281.2978068134
0.00000000159 3.23471035128 8958.5231966471
0.00000000151 5.20339684853 2281.1631862078
0.00000000137 1.47758341153 6703.075682726
0.00000000151 5.04346057458 8962.3880396074
0.00000000133 5.72069663156 4295.8539512994
0.00000000159 0.16407854844 8966.3875031733
0.00000000137 0.73335617283 12729.665967486
0.00000000132 4.69707830142 12171.5258149236
0.00000000136 4.02213961750 8695.8483081884
0.00000000132 4.38025942738 10824.2012025456
0.00000000130 2.78423915943 529.6737114424
0.00000000132 5.86985041939 2472.6787626222
0.00000000133 4.50452650479 6624.326478464
0.00000000164 4.60687101666 1155.361157407
0.00000000148 2.40612364993 7050.92466934
0.00000000130 3.08795138602 7593.7950970652
0.00000000160 3.35966837618 10081.211142013
0.00000000130 4.81501079092 529.7082187468
0.00000000143 3.29046013826 10014.7910434014
0.00000000158 3.17182640229 6092.1600263914
0.00000000133 6.23099356596 21150.8133658836
0.00000000148 2.44769901406 1505.28780909299
0.00000000137 1.98411709382 34554.8138636676
0.00000000134 4.61132825315 2954.1927761276
0.00000000129 3.37544159152 11527.1250891924
0.00000000145 3.33531716268 8373.390522902
0.00000000172 1.36733410756 1086.783486286
0.00000000141 1.22591570561 3041.4860324306
0.00000000137 4.29535110956 6137.3067943034
0.00000000166 3.85823242782 107.6635239386
0.00000000127 3.67470240475 10294.510237451
0.00000000137 3.89019601730 14580.7751547716
0.00000000130 0.80714408434 4108.4612460484
0.00000000141 2.61333516815 5088.2198048527
0.00000000165 3.99987517019 8006.1661939396
0.00000000144 5.56354727307 1802.3719907218
0.00000000124 4.81729498841 10177.1903692308
0.00000000126 0.28235988406 18447.48811791419
0.00000000141 6.27649569910 3716.37815827
0.00000000124 1.96413242139 6687.9085172737
0.00000000121 4.72300940105 3090.7079659576
0.00000000121 1.40075751759 3590.516887442
0.00000000141 5.98008002738 5096.0841113789
0.00000000122 5.79431680023 2257.3520587628
0.00000000123 2.86133242277 6710.6543619356
0.00000000166 3.56556372747 6553.2060100622
0.00000000123 2.97984792859 14591.4118201214
0.00000000128 5.37813947668 3600.1732317236
0.00000000128 0.74562744196 3081.051621676
0.00000000122 4.85419345520 1236.075660323
0.00000000138 4.02406657968 7167.1969061892
0.00000000127 2.49182650403 3759.1167495068
0.00000000143 5.81188741430 2228.9701815978
0.00000000152 3.52185876402 3340.6469340042
0.00000000152 5.74350080821 3340.5779193954
0.00000000140 6.07921710613 2233.473621015
0.00000000118 2.67439157216 7534.4212351516
0.00000000137 3.22022096656 14587.8213914696
0.00000000124 2.27970099563 9124.9219860424
0.00000000161 3.75731973309 4576.6880870228
0.00000000116 5.02262371793 10338.229149756
0.00000000126 4.15150267519 4083.6024872324
0.00000000133 0.20063412038 3923.6113380782
0.00000000139 1.28995256706 4782.87363546
0.00000000122 6.02851032493 6836.577942531
0.00000000121 2.88286714942 4179.5817144502
0.00000000162 5.96659239053 8852.2490286908
0.00000000153 3.50724335550 49225.5801891408
0.00000000137 1.59056057693 8219.4652893776
0.00000000134 5.30662276999 6659.3740240732
0.00000000133 0.75283219591 6147.6017350419
0.00000000113 5.67984864041 4782.8908891122
0.00000000119 0.88310894308 1471.7530270636
0.00000000112 1.64583106043 4106.4054911462
0.00000000116 1.51226089331 3727.032077272
0.00000000115 2.23873164969 27433.88921587499
0.00000000111 3.49092955755 6837.625573902
0.00000000122 4.66180533919 4953.5637597314
0.00000000110 4.24429487321 2980.5016447382
0.00000000130 5.53821276618 14267.906403464
0.00000000114 5.78198829675 3966.237562897
0.00000000129 3.09576574234 3101.4069410748
0.00000000129 3.02800117630 3579.8179123248
0.00000000133 2.29548900012 6738.1232283352
0.00000000109 3.91214172233 6953.8978107512
0.00000000114 4.23798377032 13517.8027959306
0.00000000146 1.72637612424 3282.733730696
0.00000000146 4.39739079440 3398.4911227036
0.00000000142 2.28691321864 1879.5583747534
0.00000000115 3.13902228769 2501.6431389494
0.00000000130 3.94430245099 6155.4660415681
0.00000000123 4.36600516245 2185.2512692928
0.00000000112 1.26819666087 27.4015560968
0.00000000116 2.98356645564 8976.6824439118
0.00000000105 3.84139235085 17821.81792560179
0.00000000144 4.28618515178 8446.9914788172
0.00000000103 5.03658750394 1059.3146198864
0.00000000107 2.17771924213 7075.8507384588
0.00000000105 3.92288350713 6961.011357752
0.00000000129 2.19437663723 3719.98584057399
0.00000000129 3.92939028141 2961.2390128256
0.00000000103 4.84437874080 550.0462844934
0.00000000140 4.00106611918 14867.73751589219
0.00000000121 1.12112792863 27676.617819849
0.00000000136 5.86999649219 765.7930644464
0.00000000115 4.67040651182 2631.6226244232
0.00000000104 4.68807983986 31449.8270427518
0.00000000127 4.38747549084 2655.501062171
0.00000000101 3.19137230221 21791.69097326579
0.00000000103 6.01933155949 18617.0683010472
0.00000000138 3.24007735232 3480.3105662226
0.00000000138 2.88368956632 3200.914287177
0.00000000099 6.15309320274 4555.4147563232
0.00000000106 0.15103316185 32367.0976562076
0.00000000100 0.79624016231 2651.977943822
0.00000000100 5.44381740844 3340.6969906548
0.00000000100 3.82154216379 3340.52786274481
0.00000000108 4.12360777653 249.9044607422
0.00000000099 5.78300785457 5312.5646005546
0.00000000115 4.25203314320 21000.9158907568
0.00000000097 1.57959120195 31214.2014369678
0.00000000103 5.89679813880 2125.8100970764
0.00000000095 3.12474282092 3370.49447031
0.00000000095 2.99902409772 3310.7303830896
0.00000000100 5.85231379528 3340.5623700492
0.00000000100 3.41304577695 3340.6624833504
0.00000000130 1.10368790224 26084.0218062162
0.00000000102 2.99188532210 34115.1140692746
0.00000000098 0.97971049082 1784.0442797444
0.00000000101 0.76366487468 987.746272928
0.00000000129 2.93910550678 4591.4426230006
0.00000000099 0.66802090434 1755.4716846791
0.00000000124 0.43401574548 3532.0779464636
0.00000000098 5.40084312405 24768.6021893522
0.00000000104 0.45494263259 25827.9841195414
0.00000000125 1.84276822733 30227.9784764304
0.00000000102 3.13389184379 2214.7430875962
0.00000000092 1.71227607177 1382.8873468466
0.00000000095 3.71389775515 16975.7350908506
0.00000000118 5.39174563560 3343.5813721164
0.00000000118 0.73202128304 3337.6434812832
0.00000000095 0.21486058971 11506.7697697936
0.00000000105 3.93832329439 42388.934936307
0.00000000092 1.91807045515 155.3530891314
0.00000000118 5.04524690579 2523.9591004846
0.00000000124 4.68642942116 3532.0434391592
0.00000000092 1.46728426349 31172.650645983
0.00000000102 3.49211510967 27946.7479799198
0.00000000103 2.64209634100 20235.1228263104
0.00000000120 4.14012588910 4845.9002357928
0.00000000091 5.12604154487 14469.588512484
0.00000000118 4.07684778770 3396.995612776
0.00000000118 2.04691913094 3284.2292406236
0.00000000112 1.33743249046 20995.3929664494
0.00000000113 3.43964396126 948.1952879016
0.00000000104 4.79113313233 3149.1814142404
0.00000000121 2.63871762078 30774.5016425748
0.00000000094 3.66066776842 10610.9021071076
0.00000000112 3.12304973052 24606.13555322
0.00000000091 2.73155116325 78263.70942472259
0.00000000094 2.34382286871 3346.7456526324
0.00000000094 3.77994404993 3334.4792007672
0.00000000090 5.67779575724 15746.7729775284
0.00000000091 1.14441655193 50818.1762027736
0.00000000091 1.77732756353 24093.2767891752
0.00000000092 1.72406156484 12892.1326036182
0.00000000092 4.79118378192 1957.7250798532
0.00000000104 3.56887817242 440.8252848776
0.00000000111 2.46277729789 27417.0570148252
0.00000000098 0.78906971914 24532.9765835682
0.00000000089 0.64518470975 3368.08129309939
0.00000000089 5.47858220889 3313.1435603002
0.00000000103 4.62809111709 1059.449240492
0.00000000092 0.19061509302 32509.208972941
0.00000000086 5.37692725135 11375.2278081072
0.00000000095 0.84451353118 529.6236547918
0.00000000120 6.10556233132 3202.0949298291
0.00000000120 0.01820458732 3479.1299235705
0.00000000086 5.35131508131 3762.6398678558
0.00000000086 0.77245183733 2918.5849855438
0.00000000090 1.59914115894 23546.7536230308
0.00000000099 4.06854104969 3222.7996238078
0.00000000099 2.05522586895 3458.4252295918
0.00000000089 1.74434664412 22531.09060514659
0.00000000107 2.43223672203 3369.5940566792
0.00000000107 3.69153019661 3311.6307967204
0.00000000095 1.39752616185 11560.0777160774
0.00000000095 2.86255032254 8186.5126624926
0.00000000091 4.99433536381 11876.469585734
0.00000000090 3.38202540962 4670.1245169598
0.00000000106 0.31966498575 44535.1003527822
0.00000000094 1.95436076350 796.2807531642
0.00000000085 5.95986051189 809.477469447
0.00000000089 1.64580481078 6534.413166876
0.00000000084 3.00387278181 4777.7880408984
0.00000000104 2.76036150084 3149.146906936
0.00000000116 5.49068681139 14694.50459434
0.00000000087 6.08931791750 12410.7313005486
0.00000000089 6.17341366104 3332.9386347244
0.00000000089 6.23353856478 3348.2862186752
0.00000000087 0.07344243508 13105.4316990562
0.00000000083 3.79093953875 1107.1388056848
0.00000000115 3.71714517813 1971.9521738548
0.00000000084 0.92785811250 2942.5307335944
0.00000000082 5.47710092100 3330.0430716528
0.00000000082 0.64666599764 3351.1817817468
0.00000000112 1.67391351043 14900.6901427772
0.00000000082 0.58327444061 22317.79150970859
0.00000000084 2.91538822338 3083.5944189568
0.00000000084 3.20837869526 3597.6304344428
0.00000000095 0.43601714434 529.7582753974
0.00000000085 4.86833452232 1055.8588118402
0.00000000114 1.28659258054 3063.5774329584
0.00000000114 4.83717433810 3617.6474204412
0.00000000085 2.68073374708 54789.936689978
0.00000000086 3.41488083723 23009.94911093539
0.00000000112 3.74867220051 5295.3295770634
0.00000000083 2.23224723099 20103.0484221124
0.00000000081 2.93799035242 1552.4675299796
0.00000000081 5.44968688605 3190.714951573
0.00000000081 0.67408003259 3490.5099018266
0.00000000094 3.98513239500 796.3152604686
0.00000000096 1.55756600347 4049.6022289764
0.00000000099 5.83523223269 309.2783226558
0.00000000097 5.98857826070 45494.58142974879
0.00000000106 2.45927282558 10191.4174632324
0.00000000086 4.76571809299 2544.2971662312
0.00000000089 4.15046971529 6311.5250374592
0.00000000099 1.41761453417 19683.5637782372
0.00000000085 4.83661771107 14715.840234807
0.00000000079 5.53486573340 31979.5180078464
0.00000000102 1.61863937790 3524.48201360179
0.00000000102 4.50512754074 3156.7428397978
0.00000000084 1.33635449934 2942.3961129888
0.00000000084 2.73273226011 4801.6664786462
0.00000000079 0.32952937845 4423.8727946368
0.00000000108 5.38483133748 52168.0436124324
0.00000000081 4.34146156368 3347.7432273528
0.00000000081 1.78230535496 3333.4816260468
0.00000000088 3.92710525226 7277.4032274086
0.00000000085 4.58541459533 2810.9387152574
0.00000000096 6.24098010472 3357.44462774959
0.00000000096 6.16597212110 3323.78022565
0.00000000106 4.55137556149 8692.3251898394
0.00000000081 1.10617868654 1353.3905280078
0.00000000082 4.35697165540 12988.111830836
0.00000000099 2.09862978450 3305.004636116
0.00000000099 4.02513713414 3376.2202172836
0.00000000086 3.61229605629 3385.26625994
0.00000000086 2.51147086235 3295.9585934596
0.00000000085 1.07447319780 3193.8179938284
0.00000000085 5.04929372084 3487.4068595712
0.00000000090 4.06898880743 18028.00347403899
0.00000000088 0.27514934792 2751.01515718
0.00000000097 1.73632170713 4025.7237912286
0.00000000093 5.35390246552 6474.524116103
0.00000000079 1.18833525802 50973.59660220779
0.00000000099 2.66906203023 1481.4093713452
0.00000000077 0.70689947434 430.5303441391
0.00000000079 3.73801262005 1593.0050485469
0.00000000078 1.40210015770 26887.3660497306
0.00000000078 4.43940167712 8830.9133882238
0.00000000077 0.22206990977 45088.6697556246
0.00000000098 3.09177354933 3930.2096962196
0.00000000076 5.38805653575 4029.2469095776
0.00000000103 3.41208170979 6777.2040806174
0.00000000080 3.38163988195 1954.7171503636
0.00000000076 5.18112770840 9090.4741932476
0.00000000086 0.51330441730 2544.3316735356
0.00000000075 0.45110684632 14797.5973685586
0.00000000078 0.59621100214 1324.94134054
0.00000000076 4.03831555772 30376.3526391666
0.00000000081 5.17054650880 3404.3483250032
0.00000000081 0.95322040984 3276.8765283964
0.00000000084 5.75075232210 45331.3983595986
0.00000000076 0.82488746308 26357.675084636
0.00000000085 2.55464296384 2810.904207953
0.00000000089 3.18335652264 1747.6073781529
0.00000000076 4.43291941041 1125.8693391036
0.00000000094 4.04056491567 9175.7544453482
0.00000000073 4.21658059964 7476.475228845
0.00000000087 4.26062486606 15117.5123565642
0.00000000095 0.27332852104 41592.6369294906
0.00000000083 5.84013662886 4447.7512323846
0.00000000081 0.96354720612 2917.5373541728
0.00000000081 1.65905428280 2910.4911174748
0.00000000072 3.99322730607 9384.8410080752
0.00000000072 4.77598503185 4822.021798045
0.00000000078 2.91014980690 12715.4388734844
0.00000000073 3.00898976422 6809.243696737
0.00000000076 0.92136957038 1008.5494708834
0.00000000076 0.09408730171 81604.32185142238
0.00000000078 0.78353401757 7768.0083396856
0.00000000097 1.67274419323 13002.3389248376
0.00000000080 2.13855823313 6151.6011986078
0.00000000072 4.24635867271 927.8399685028
0.00000000074 4.00818928999 6603.4743094157
0.00000000073 3.74531354996 13635.1226641508
0.00000000071 4.21907550981 5621.9102335132
0.00000000071 4.30769103159 23539.64007603
0.00000000081 1.38154115877 19573.3574570178
0.00000000083 2.17147557718 32522.5180556418
0.00000000071 4.38622964414 12140.6011404778
0.00000000092 6.00108691734 51371.74560561599
0.00000000087 0.00040074144 24336.0053931492
0.00000000074 3.37129667806 14061.7208550268
0.00000000072 3.85658396360 3.5403720012
0.00000000070 3.54219776569 5784.3095593426
0.00000000087 3.04532728173 19403.7772738848
0.00000000078 1.21083630287 36105.8590863156
0.00000000073 0.64702279583 6493.29970563701
0.00000000074 5.24335831663 5209.471826336
0.00000000074 3.42555900934 1214.8023296234
0.00000000069 0.17833800470 51769.8946090242
0.00000000095 2.31307632185 2104.5367663768
0.00000000076 1.79020883454 3412.6681600546
0.00000000076 4.33355808410 3268.556693345
0.00000000069 2.65375644259 21272.63667352099
0.00000000071 0.24644595466 58857.03113654799
0.00000000080 2.54705461998 6151.4665780022
0.00000000069 3.00854983951 942.062061969
0.00000000089 3.32856757738 30639.856638633
0.00000000093 5.84360510867 17810.2009391838
0.00000000072 1.82581233210 3.5058646968
0.00000000068 5.53841894464 8550.0842530358
0.00000000078 3.75570725284 422.6660376129
0.00000000070 5.89803541335 2332.0629558164
0.00000000071 0.58121523893 3371.6044114484
0.00000000071 5.54255167971 3309.6204419512
0.00000000090 5.52634430161 68241.87214462319
0.00000000080 3.39848386880 9705.4454104428
0.00000000072 4.79564183453 7899.550301372
0.00000000068 0.73828510395 8948.2282559086
0.00000000067 3.43458904912 398.131749756
0.00000000070 0.92757117435 7843.6995578074
0.00000000081 2.34208554485 94329.77528619739
0.00000000077 3.41420973216 10507.809332889
0.00000000067 4.00518542359 6112.4029793722
0.00000000075 0.08956980412 1585.1407420207
0.00000000083 4.29774312697 11776.8999298644
0.00000000067 5.46536068061 398.1662570604
0.00000000069 1.03119962025 23553.8671700316
0.00000000072 0.53306813481 3414.2478899194
0.00000000072 5.59069878383 3266.9769634802
0.00000000069 0.16208433765 3186.6871931754
0.00000000069 5.96168258099 3494.5376602242
0.00000000067 6.25396245813 26239.44220565039
0.00000000068 5.50719753243 21957.680727747
0.00000000066 4.30536092690 11247.2089647698
0.00000000077 2.39444593371 24076.4445881254
0.00000000076 1.01053497246 13532.0298899322
0.00000000084 5.20101914018 16858.41522263039
0.00000000067 2.23270360930 38813.3565763492
0.00000000077 0.08344942418 11368.1815714092
0.00000000085 1.07856400767 4157.26575291499
0.00000000089 3.34177814481 10817.0876555448
0.00000000092 5.18283466364 1826.3211299833
0.00000000066 4.17657583502 290.4854794696
0.00000000070 4.20909283675 19669.33668423559
0.00000000066 1.79193621921 225.8292684102
0.00000000066 2.30726767440 16056.05130018419
0.00000000068 5.14021990728 4897.1805736552
0.00000000065 3.86492506381 3357.3773174468
0.00000000065 2.25884185483 3323.8475359528
0.00000000066 2.06968124023 3738.6941198052
0.00000000066 5.64719418861 415.5524906121
0.00000000066 3.64570463979 176.6937301338
0.00000000069 2.89405612412 1442.2784624124
0.00000000090 0.09722302162 2885.7030601725
0.00000000090 6.02654389702 3795.5217932271
0.00000000067 3.85822640732 13358.8592781474
0.00000000064 1.18618912997 27579.5236509574
0.00000000064 3.92685739724 16328.72425753579
0.00000000064 0.63002697211 17412.0519357756
0.00000000064 6.13628411805 12082.6551341712
0.00000000081 4.01871554294 5135.8708704208
0.00000000076 4.53170041047 6677.2927001365
0.00000000064 5.04465453700 6563.9049851794
0.00000000070 3.08875495537 12192.8614553906
0.00000000086 3.10176252564 5355.2358814886
0.00000000066 2.24942817672 19247.3765533824
0.00000000067 5.44247958738 4396.47123854
0.00000000066 3.60520160489 12725.453434775
0.00000000066 4.17490589025 3348.7805632822
0.00000000066 1.94886102839 3332.4442901174
0.00000000066 2.82536431302 3377.6080173108
0.00000000066 3.29840260562 3303.6168360888
0.00000000062 5.68273338954 423.075072527
0.00000000073 6.20381465446 7250.046727427
0.00000000063 2.65135900114 15003.7829169958
0.00000000066 1.66118485339 3738.8287404108
0.00000000065 3.73508000020 3226.8829871314
0.00000000065 2.38868691844 3454.3418662682
0.00000000069 1.02583344251 5884.94410023539
0.00000000074 2.34087857776 34363.365597556
0.00000000082 2.24915344259 6573.561329461
0.00000000070 1.13818844355 18977.1790830088
0.00000000078 3.71449046077 12979.553174576
0.00000000062 5.79908679635 7056.9905849698
0.00000000063 5.86259871722 379.3734138742
0.00000000078 4.78076869333 17078.8278650692
0.00000000064 5.94075179050 21258.40957951939
0.00000000066 4.07415031049 1083.260367937
0.00000000061 4.25199542760 3870.2861381422
0.00000000069 0.74102855275 6757.4909246752
0.00000000061 6.28276705909 3870.3206454466
0.00000000072 6.22961111336 3343.5134409896
0.00000000072 6.17734111246 3337.71141241
0.00000000080 2.74969157442 58513.445648901
0.00000000061 4.70971444185 111.1866422876
0.00000000081 3.28784248765 17498.31250894439
0.00000000083 0.44139928271 15276.4558743474
0.00000000062 2.20405994372 628.8515860501
0.00000000074 3.49171238880 23937.856389741
0.00000000069 2.20872117455 1612.9513330316
0.00000000071 4.62757189666 5621.7756129076
0.00000000069 5.05915612890 4558.9378746722
0.00000000079 4.44340905126 33716.9650658664
0.00000000059 5.27626474644 11964.825077627
0.00000000065 2.28717244651 955.2415245996
0.00000000073 4.45773042596 6695.4519474012
0.00000000060 5.88543199039 11663.170490296
0.00000000066 3.15140979990 2899.7871418222
0.00000000068 4.39166177600 16066.0658614748
0.00000000069 5.27824711820 5884.909592931
0.00000000061 4.50028976319 2711.7608406497
0.00000000082 5.82155435799 2636.9792420824
0.00000000059 3.94027260088 9661.7264981378
0.00000000058 4.37436027757 4565.9841113702
0.00000000064 1.28296566956 48273.8617828902
0.00000000061 2.21724913476 17013.9029323674
0.00000000058 3.58812622576 14319.6910373572
0.00000000061 5.23380071753 9161.5273513466
0.00000000058 3.67174690995 27035.7402124668
0.00000000080 1.66405985109 3377.2609896293
0.00000000080 4.45970706755 3303.9638637703
0.00000000063 1.06524234771 9722.7108858302
0.00000000058 5.44375722328 16070.2783941858
0.00000000070 2.49172817408 11787.603905517
0.00000000058 2.63104479377 37703.9780242558
0.00000000057 2.38086104702 8294.1761864312
0.00000000071 1.30058846825 6486.253468939
0.00000000062 5.09860243429 437.6438911399
0.00000000058 0.02736564724 4712.0241901558
0.00000000058 6.09640127140 1969.2006632438
0.00000000065 1.66267988598 5525.8636959926
0.00000000062 4.76740419366 37057.5774925662
0.00000000056 4.38558900981 1619.9975697296
0.00000000073 2.03298379782 3192.5337022735
0.00000000059 2.44348231635 22854.596021804
0.00000000067 6.18127021051 41748.0573289248
0.00000000060 3.70695466613 3348.1911059094
0.00000000060 2.41681225251 3333.03374749019
0.00000000056 4.86250840352 127.9515330346
0.00000000056 4.54875701369 669.3891046174
0.00000000070 6.23515306355 418.504322807
0.00000000073 1.03020384035 3189.5647568569
0.00000000055 1.77445448768 3325.8751443742
0.00000000055 4.34931243097 3355.3497090254
0.00000000057 4.00512521652 1022.776564885
0.00000000065 5.63019442143 41236.0387170672
0.00000000057 1.32005258528 15842.7522047462
0.00000000062 3.76071367297 222.8603229936
0.00000000058 4.55616432881 26637.59120905859
0.00000000063 4.40389547553 4136.9276871684
0.00000000055 5.67519189985 13738.2154383694
0.00000000055 5.08574798354 25665.5174834092
0.00000000057 5.20075468392 41427.4869831788
0.00000000061 0.88840285577 7630.4004623694
0.00000000055 1.23041444279 838.9692877504
0.00000000062 0.84993046181 11030.3867509828
0.00000000054 3.91709923051 8528.7436120334
0.00000000059 3.56862936961 16342.9513515374
0.00000000067 4.29317097897 13366.040135451
0.00000000057 5.77490231900 33163.395663024