0.00002747165 5.24567337999 26087.9031415742
0.00002047257 0.0 0.0
0.00000516030 0.49321133154 52175.8062831484
0.00000407309 4.32215500849 78263.70942472259
0.00000266936 1.42744634495 104351.61256629678
0.00000133544 4.61055165903 130439.51570787099
0.00000056956 1.44017544018 156527.41884944518
0.00000022049 4.52127237069 182615.32199101939
0.00000008008 1.30182043008 208703.22513259358
0.00000002781 4.35468456951 234791.12827416777
0.00000001304 2.02991901716 27197.2816936676
0.00000000934 1.11727595126 260879.03141574195
0.00000000511 4.80027921181 24978.5245894808
0.00000000433 5.13987059401 53285.1848352418
0.00000000413 1.75599872832 51066.427731055
0.00000000306 4.15800645361 286966.93455731616
0.00000000236 4.88575156209 77154.33087262919
0.00000000123 3.39712849299 51116.4243529592
0.00000000113 1.69721095056 103242.23401420339
0.00000000109 4.54767694492 31749.2351907264
0.00000000108 5.93327424680 21535.9496445154
0.00000000078 5.68234392096 27043.5028831828
0.00000000098 0.91744844557 313054.83769889036
0.00000000065 1.90438129465 79373.08797681599
0.00000000049 4.78044793954 129330.13715577759
0.00000000053 2.39315457975 50586.73338786459
0.00000000041 1.89540481457 28306.66024576099
0.00000000042 1.13215562166 20426.571092422
0.00000000040 5.86412789562 47623.8527860896
0.00000000036 2.38000382517 53131.406024757
0.00000000040 0.82891454094 37410.5672398786
0.00000000034 1.74213345173 25132.3033999656
0.00000000036 4.80372288439 46514.4742339962
0.00000000030 5.75393949543 22645.32819660879
0.00000000035 5.51811815210 529.6909650946
0.00000000029 5.15973032252 23869.1460373874
0.00000000029 2.04610351418 72602.37737557039
0.00000000027 5.07400464228 1109.3785520934
0.00000000031 3.94180796281 339142.74084046457
0.00000000024 4.46907480172 51220.20654153979
0.00000000027 4.50770662559 32858.61374281979
0.00000000023 5.00540243174 54394.56338733519
0.00000000025 6.03143676776 25028.521211385
0.00000000022 4.97381466604 26107.57290247399
0.00000000021 2.35286083421 26617.5941066688
0.00000000023 3.65155458684 25558.2121764796
0.00000000019 1.56301436637 155418.04029735178
0.00000000023 0.21718413372 51646.11531805379
0.00000000018 1.62952557958 26084.0218062162
0.00000000017 1.10257903328 57837.1383323006
0.00000000018 5.97011387153 52705.49724824299
0.00000000022 5.72062354443 77204.32749453338
0.00000000016 3.15376195838 53235.18821333759
0.00000000016 1.95864204506 49957.0491789616
0.00000000016 3.95804080297 63498.47038145279
0.00000000019 5.27215888569 98690.28051714458
0.00000000017 5.49404503835 14765.2390432698
0.00000000019 3.33825173375 43071.8992890308
0.00000000015 6.15675923639 4551.9534970588
0.00000000020 6.08858427909 26068.2333806744
0.00000000014 5.89923942766 25874.6040461362
0.00000000018 4.82964144481 1589.0728952838
0.00000000014 1.07537737789 77308.10968311399
0.00000000017 3.14783569710 26091.7844769322
0.00000000014 3.32356467619 25661.3049506982
0.00000000016 5.27195291262 76674.63652943878
0.00000000014 1.10462125133 39609.6545831656
0.00000000014 4.25602450030 51535.90899683439
0.00000000017 1.33800696335 58946.51688439399
0.00000000016 2.52350108526 19317.1925403286
0.00000000012 2.79038116103 40853.142184844
0.00000000012 1.85567065198 103292.23063610759
0.00000000014 4.37656794787 56727.7597802072
0.00000000015 5.47646255736 25973.46385288896
0.00000000011 5.96971832495 27147.28507176339
0.00000000012 2.70038843071 41962.5207369374
0.00000000013 1.60466136746 26202.34243025941
0.00000000010 3.38206384741 24498.8302462904
0.00000000011 5.82335799292 48733.23133818299
0.00000000013 2.82164927320 78793.40038981718
0.00000000011 0.07458891736 79323.09135491178
0.00000000009 2.11663162533 26095.016688575
0.00000000009 1.32867484444 29530.4780865396
0.00000000009 0.82317919987 365230.64398203876
0.00000000011 2.51982070610 213.299095438
0.00000000009 5.61255100580 45405.0956819028
0.00000000008 0.51052335690 110012.94461544899
0.00000000008 3.57838242313 9103.9069941176
0.00000000011 3.16612623037 10213.285546211
0.00000000009 1.17806980890 82815.66292178139
0.00000000007 4.44614528188 55618.3812281138
0.00000000010 1.64021877585 30639.856638633
0.00000000007 3.01288118296 33326.5787331742
0.00000000010 6.01140407134 36301.18868778519
0.00000000007 2.76299517138 83925.04147387479
0.00000000009 1.93819742025 124778.18365871879
0.00000000007 5.86071538076 26301.2022370122
0.00000000009 2.91823648304 26080.78959457339
0.00000000008 1.31267725201 3442.5749449654
0.00000000007 3.27939983168 16983.9961474566
0.00000000007 2.72030070524 51749.20809227239
0.00000000009 1.66808932215 50057.04242277
0.00000000007 5.03188425899 76044.9523205358
0.00000000006 5.00360500512 79219.30916633119
0.00000000007 6.07818216662 7.1135470008
0.00000000007 5.25223733427 129380.13377768178
0.00000000006 0.66028465921 38519.945791972
0.00000000008 1.46897620912 27676.976036858
0.00000000006 3.89297153700 136100.84775702319
0.00000000006 1.42686898116 1059.3819301892
0.00000000007 4.44152723528 15874.6175953632
0.00000000006 4.59565794787 181505.94343892598
0.00000000007 6.07267965515 66941.04532641819
0.00000000006 3.24607855066 52389.1053785864
0.00000000005 4.06197322543 103396.01282468818
0.00000000005 0.20766621493 69159.80243060499
0.00000000007 5.63268204588 104881.30353139139
0.00000000006 4.70546255833 52290.24557183361
0.00000000005 5.48898995924 5661.3320491522
0.00000000006 2.60268608066 639.897286314
0.00000000005 3.75395808867 1066.49547719
0.00000000005 2.27447016547 52061.36699446317
0.00000000006 5.59309697114 23754.70674870219
0.00000000006 3.30437999047 51962.5071877104
0.00000000005 2.83333016549 77734.01845962799
0.00000000004 4.18886248495 2218.7571041868
0.00000000004 5.44996443878 25448.00585526019
0.00000000004 2.49467694933 6283.0758499914
0.00000000005 5.70870935931 2118.7638603784
0.00000000005 3.22395783989 105410.99449648599
0.00000000004 0.09916856221 13655.8604911764
0.00000000005 0.59973221538 955.5997416086
0.00000000004 1.80254747407 80482.46652890938
0.00000000003 5.23309315292 64741.95798313119
0.00000000003 2.39330094298 38654.05484155699
0.00000000003 2.57458433543 155468.03691925599
0.00000000004 5.07115322045 78267.59076008058
0.00000000004 5.77967325372 26514.5013324502
0.00000000003 2.30148151750 73711.75592766379
0.00000000004 4.21727708992 1052.2683831884
0.00000000003 2.46345351544 426.598190876
0.00000000003 4.25457558968 108903.56606335558
0.00000000003 5.13279896483 150866.08680029298
0.00000000003 4.72421832023 18849.2275499742
0.00000000003 6.11593310720 59414.4818747484
0.00000000003 2.48879559400 71492.99882347698
0.00000000003 4.47643302630 53764.8791784322
0.00000000004 6.14344706234 78477.00852016058
0.00000000003 1.51533003761 28421.0995344462
0.00000000003 0.71956036719 11322.6640983044
0.00000000003 2.67348379860 74821.13447975718
0.00000000003 0.79945669251 162188.75089859738
0.00000000003 2.14815045285 78244.0396638228
0.00000000003 2.82222191238 62389.09182935939
0.00000000003 2.76748201992 52602.4044740244
0.00000000003 1.96898352930 102762.53967101299
0.00000000002 1.16780835398 78283.37918562238
0.00000000002 4.47449945171 12566.1516999828
0.00000000003 2.88047183180 93028.94846799239
0.00000000002 3.80780256116 64607.84893354619
0.00000000002 1.27798847041 81706.28436968799
0.00000000002 1.54584958809 28206.6670019526
0.00000000003 1.17857208902 77623.81213840858
0.00000000002 4.88982108835 68050.42387851159
0.00000000002 2.64659209004 130969.20667296558
0.00000000002 0.77279881726 129483.91596626239
0.00000000002 4.19328099887 78259.82808936459
0.00000000002 1.80053876257 853.196381752
0.00000000002 2.85455305411 7994.5284420242
0.00000000002 4.55116089785 52156.1365222486
0.00000000002 4.39479757391 85034.42002596818
0.00000000002 0.20942265156 88476.99497093359
0.00000000002 1.26254478035 79852.78232000639
0.00000000002 3.89150722320 391318.54712361297
0.00000000002 2.04228268324 13521.7514415914
0.00000000002 1.63162182525 52179.6876185064
0.00000000002 0.06540438917 131498.89763806018
0.00000000002 2.37116664144 94138.32702008578
0.00000000002 5.93228693986 52168.69273614759
0.00000000002 3.72472287325 65697.55772473979
0.00000000002 3.93660707629 99799.65906923798
0.00000000002 4.86329180578 131548.89425996438
0.00000000002 3.49584320658 52195.47604404819
0.00000000002 4.53167102336 76144.94556434419
0.00000000002 0.10881384247 6770.7106012456
0.00000000002 1.48407007502 105307.21230790539
0.00000000002 1.81828652056 102132.85546210999
0.00000000002 3.75274548640 105460.99111839019
0.00000000002 5.33436795308 104331.94280539699
0.00000000001 0.16054262075 52171.9249477904
0.00000000002 5.19574633584 51322.60990139639
0.00000000002 5.79451235679 103821.92160120218
0.00000000001 4.31275936318 104371.28232719658
0.00000000002 5.87361011941 181555.94006083018
0.00000000001 0.84208500803 51123.53789995999
0.00000000001 5.83424113870 120226.23016165999
0.00000000001 1.49109031037 78378.14871340781
0.00000000001 2.29392399306 104355.49390165479
0.00000000001 1.63896473054 125887.56221081219
0.00000000001 3.95295093204 188276.65404017158
0.00000000001 0.96789367427 44937.1306915484
0.00000000002 1.30685997283 51109.31080595839
0.00000000002 0.18671610339 25021.4076643842
0.00000000001 0.95826401920 104347.73123093879
0.00000000001 5.52121474401 97580.90196505119
0.00000000002 0.59513540388 35191.8101356918
0.00000000001 5.15925373621 19804.8272915828
0.00000000001 0.65006628215 78050.41032928458
0.00000000002 1.90450740831 23969.1392811958
0.00000000001 4.32826013352 77837.11123384659
0.00000000001 4.65423180642 78256.59587772179
0.00000000001 4.01765755434 45892.73043315699
0.00000000001 1.06205727030 134991.46920492979
0.00000000001 5.91135191152 26727.8004278882
0.00000000001 5.33774808422 78149.27013603736
0.00000000001 5.78198423150 91785.46086631398
0.00000000001 2.96773065217 129909.82474277639
0.00000000001 3.30975819180 39743.7636327506
0.00000000001 6.10771078765 25035.6347583858
0.00000000001 5.67221349248 52182.9198301492
0.00000000001 2.48518819686 90829.86112470538
0.00000000001 4.24431178719 78270.82297172339
0.00000000001 3.23031265434 7238.67559160
0.00000000001 3.34535840387 114564.89811250778
0.00000000001 3.87498999181 71025.03383312259
0.00000000001 0.37439113949 78690.30761559859
0.00000000001 3.33731181959 104564.91166173479
0.00000000001 5.11692827664 151975.46535238638
0.00000000001 2.03914564106 176953.98994186718
0.00000000001 6.15951882831 70269.18098269838
0.00000000001 1.26757694099 104358.72611329758