0.00003117867 3.08231840294 26087.9031415742
0.00001245397 6.15183316810 52175.8062831484
0.00000424822 2.92583350003 78263.70942472259
0.00000136130 5.97983927257 104351.61256629678
0.00000042176 2.74936984182 130439.51570787099
-0.00000021759 0.0 0.0
0.00000012794 5.80143158303 156527.41884944518
0.00000003825 2.56993470104 182615.32199101939
0.00000001042 3.14646747795 24978.5245894808
0.00000001131 5.62140894157 208703.22513259358
0.00000000483 6.14311665486 27197.2816936676
0.00000000332 2.38990569407 234791.12827416777
0.00000000320 6.20678671907 51066.427731055
0.00000000120 0.56753278081 20426.571092422
0.00000000113 3.28087063421 24498.8302462904
0.00000000105 4.36644825356 25028.521211385
0.00000000097 5.44142060651 260879.03141574195
0.00000000095 1.70261963549 1059.3819301892
0.00000000103 2.98025866325 77154.33087262919
0.00000000074 1.28624418497 26617.5941066688
0.00000000057 2.96811822826 1109.3785520934
0.00000000066 5.68227129537 25132.3033999656
0.00000000053 3.63665664342 46514.4742339962
0.00000000059 3.10957221200 27043.5028831828
0.00000000053 0.66664633754 21535.9496445154
0.00000000043 4.69265718173 27147.28507176339
0.00000000042 2.77425162061 1589.0728952838
0.00000000036 4.39785847487 14765.2390432698
0.00000000035 1.80414409714 11322.6640983044
0.00000000043 6.07298394731 28306.66024576099
0.00000000033 5.34403985744 25448.00585526019
0.00000000031 5.66726050432 30639.856638633
0.00000000031 2.36583154631 32858.61374281979
0.00000000031 4.27240840519 16983.9961474566
0.00000000033 3.23005237683 23869.1460373874
0.00000000031 0.49978982972 22645.32819660879
0.00000000028 2.21272342124 286966.93455731616
0.00000000033 6.03641747595 103242.23401420339
0.00000000025 4.24265705908 52705.49724824299
0.00000000023 2.59657279752 23969.1392811958
0.00000000027 2.10611676289 25558.2121764796
0.00000000021 0.41168883239 72602.37737557039
0.00000000025 5.69956303861 5661.3320491522
0.00000000022 4.86511394552 26301.2022370122
0.00000000024 0.66328767410 19317.1925403286
0.00000000021 2.30174192487 51220.20654153979
0.00000000020 5.62040366872 4551.9534970588
0.00000000018 0.49330577083 26068.2333806744
0.00000000016 6.08123098154 50586.73338786459
0.00000000016 1.48825706159 53235.18821333759
0.00000000017 2.94317208111 53285.1848352418
0.00000000015 2.39611761878 83925.04147387479
0.00000000015 3.85588323044 26091.7844769322
0.00000000014 4.13824962282 12566.1516999828
0.00000000015 5.51224761330 6770.7106012456
0.00000000014 5.68202466008 57837.1383323006
0.00000000014 5.73541534358 27676.976036858
0.00000000016 5.69568023163 26107.57290247399
0.00000000015 5.72321197499 29530.4780865396
0.00000000014 5.00810046723 37410.5672398786
0.00000000012 1.18950088434 40853.142184844
0.00000000013 2.34556111896 26084.0218062162
0.00000000012 2.43751302567 56727.7597802072
0.00000000012 1.11729686867 43071.8992890308
0.00000000012 4.91255816577 36301.18868778519
0.00000000011 1.87794158603 9103.9069941176
0.00000000010 2.33246324171 426.598190876
0.00000000011 2.79095158447 129330.13715577759
0.00000000010 5.86523749031 26202.34243025941
0.00000000009 0.03195500104 25234.70675982219
0.00000000011 0.92603695080 639.897286314
0.00000000010 3.94422779390 25661.3049506982
0.00000000008 5.42470507867 110012.94461544899
0.00000000008 6.27857478248 49957.0491789616
0.00000000008 3.40746854679 25973.46385288896
0.00000000009 4.83419682076 38519.945791972
0.00000000008 5.64863461479 53131.406024757
0.00000000009 5.74323028796 51116.4243529592
0.00000000008 1.97671803181 13521.7514415914
0.00000000008 3.52143325301 52156.1365222486
0.00000000008 0.94287580197 78793.40038981718
0.00000000008 5.25159704872 313054.83769889036
0.00000000007 3.57055320328 48733.23133818299
0.00000000008 5.33870577078 51646.11531805379
0.00000000008 4.34685532674 31749.2351907264
0.00000000010 5.07112035424 25874.6040461362
0.00000000007 3.44200114221 26080.78959457339
0.00000000008 3.46506333076 98690.28051714458
0.00000000007 5.27632613466 77308.10968311399
0.00000000007 1.97132570364 10213.285546211
0.00000000007 3.47394709299 2118.7638603784
0.00000000007 1.19332181936 103292.23063610759
0.00000000007 0.88225421550 38654.05484155699
0.00000000007 4.28963258668 955.5997416086
0.00000000009 2.12066223909 18849.2275499742
0.00000000008 2.74524992169 26095.016688575
0.00000000007 4.98611088801 529.6909650946
0.00000000007 0.21206642896 33326.5787331742
0.00000000006 1.24554634942 41962.5207369374
0.00000000006 0.58325989516 52179.6876185064
0.00000000006 4.54627482504 79323.09135491178
0.00000000006 1.74421492528 62389.09182935939
0.00000000005 2.14134003331 51535.90899683439
0.00000000007 4.18624565491 77204.32749453338
0.00000000006 4.90636348078 26514.5013324502
0.00000000005 4.28760477114 68050.42387851159
0.00000000007 1.68768205340 12432.0426503978
0.00000000006 1.67734378339 52389.1053785864
0.00000000005 2.62192976400 79373.08797681599
0.00000000006 3.72321362480 45405.0956819028
0.00000000005 2.80648643213 54394.56338733519
0.00000000004 6.27711808251 52168.69273614759
0.00000000005 4.49206719344 13655.8604911764
0.00000000006 2.42054247740 52195.47604404819
0.00000000005 5.36726437404 52171.9249477904
0.00000000004 2.39080386734 53764.8791784322
0.00000000004 5.45239063221 82815.66292178139
0.00000000004 2.45845698665 55618.3812281138
0.00000000004 5.46064307091 50057.04242277
0.00000000004 4.24543775680 129380.13377768178
0.00000000004 2.16475111801 136100.84775702319
0.00000000004 3.27367961735 7238.67559160
0.00000000004 4.23033954187 66941.04532641819
0.00000000004 5.86077781318 155418.04029735178
0.00000000004 2.91823301912 2218.7571041868
0.00000000004 2.22132272424 33967.99229491319
0.00000000004 4.13443053346 32370.9789915656
0.00000000004 0.97401599373 44181.27784112419
0.00000000005 5.73865924281 52182.9198301492
0.00000000003 5.77600031262 28421.0995344462
0.00000000003 3.60566098017 99799.65906923798
0.00000000003 4.89516568247 47623.8527860896
0.00000000003 2.65837542043 76674.63652943878
0.00000000004 3.97575019999 26727.8004278882
0.00000000004 1.58883137896 77734.01845962799
0.00000000003 4.05377923220 18093.37469954999
0.00000000003 0.32164436845 78244.0396638228
0.00000000003 4.55918659193 1066.49547719
0.00000000003 1.04073203752 94138.32702008578
0.00000000003 5.11379070475 1052.2683831884
0.00000000004 0.00289656740 7.1135470008
0.00000000003 6.00211964373 29416.03879785439
0.00000000003 0.83769822705 73711.75592766379
0.00000000003 6.24558724290 853.196381752
0.00000000003 1.04516366216 51123.53789995999
0.00000000003 1.58718103357 51109.31080595839
0.00000000003 1.95786741975 103396.01282468818
0.00000000002 1.84359601235 52602.4044740244
0.00000000003 0.20363902961 124778.18365871879
0.00000000003 3.92029951121 104881.30353139139
0.00000000002 3.86834138575 64741.95798313119
0.00000000002 4.78277672679 88476.99497093359
0.00000000002 3.02197674612 76044.9523205358
0.00000000002 2.56056246046 51962.5071877104
0.00000000002 0.39257053002 23754.70674870219
0.00000000002 1.93806690975 117873.36400788819
0.00000000003 4.94947672066 44937.1306915484
0.00000000002 5.16794137847 91785.46086631398
0.00000000002 3.69784569438 78267.59076008058
0.00000000002 0.12898246901 28206.6670019526
0.00000000002 2.71494330191 52290.24557183361
0.00000000002 1.01643765523 155468.03691925599
0.00000000002 1.94864163639 7994.5284420242
0.00000000002 0.34644075002 125887.56221081219
0.00000000002 2.07439531255 339142.74084046457
0.00000000002 0.47977325476 74821.13447975718
0.00000000002 2.16320557771 65697.55772473979
0.00000000002 5.55432178842 78283.37918562238
0.00000000002 1.29900775156 105410.99449648599
0.00000000002 2.53975890096 78270.82297172339
0.00000000002 3.05127595992 78256.59587772179
0.00000000002 0.74524218739 18207.81398823521
0.00000000002 2.52077863728 45892.73043315699
0.00000000002 4.40145815211 103821.92160120218
0.00000000002 0.48596602676 71492.99882347698
0.00000000002 5.20647406504 162188.75089859738
0.00000000002 4.82705668292 35191.8101356918
0.00000000002 2.53400006045 181505.94343892598
0.00000000002 5.01222373888 3442.5749449654
0.00000000002 4.77472325123 78477.00852016058
0.00000000002 4.04794032959 120226.23016165999
0.00000000002 4.91210946644 129483.91596626239
0.00000000002 4.13616693949 77211.44104153418
0.00000000002 5.55063812006 71980.63357473118
0.00000000002 1.87550379173 23439.44831610119
0.00000000002 4.79089230864 15874.6175953632
0.00000000002 4.07209162893 77837.11123384659
0.00000000002 3.28278777867 51322.60990139639
0.00000000001 3.34910054328 151975.46535238638
0.00000000001 2.46216864998 98068.53671630539
0.00000000002 2.55245277940 39609.6545831656
0.00000000002 2.20615341805 78259.82808936459
0.00000000001 1.85625086925 27140.17152476259
0.00000000001 4.90356608602 78690.30761559859
0.00000000002 2.05592477737 433.7117378768
0.00000000001 0.57135579166 58458.88213313979
0.00000000001 6.02187954635 102132.85546210999
0.00000000002 3.23303486183 150866.08680029298
0.00000000001 4.60285163809 77197.21394753258
0.00000000001 3.29652393557 104331.94280539699
0.00000000002 0.37358476984 52061.36699446317
0.00000000002 6.05813345839 78050.41032928458
0.00000000001 5.03719934254 105460.99111839019
0.00000000001 5.61325235757 81706.28436968799
0.00000000001 4.16559096091 51742.09454527159
0.00000000001 2.18291711529 104371.28232719658
0.00000000001 1.56268200733 114564.89811250778
0.00000000001 2.97801937910 26941.0995233262
0.00000000002 0.60670302239 130969.20667296558
0.00000000001 1.28661284202 27154.3986187642
0.00000000001 0.32656599185 6283.0758499914
0.00000000002 0.98900298585 129909.82474277639
0.00000000002 0.34266376084 104355.49390165479
0.00000000001 1.70449480453 71025.03383312259
0.00000000001 0.69109808707 103925.01437542078
0.00000000001 5.99111938887 104344.49901929598
0.00000000001 1.29444105614 26241.681952059
0.00000000001 1.52348055432 104564.91166173479
0.00000000001 1.02840142284 93028.94846799239
0.00000000001 2.70610275891 59414.4818747484
0.00000000001 3.38720596578 24864.08530079559
0.00000000001 4.01905758539 181555.94006083018
0.00000000001 0.19437065391 131548.89425996438
0.00000000001 2.33926236379 108903.56606335558
0.00000000001 3.48554697151 97580.90196505119
0.00000000001 2.21845432691 107794.18751126219
0.00000000001 5.21032711478 134991.46920492979
0.00000000001 3.36974859678 22759.76748529401
0.00000000001 3.69704620260 51749.20809227239
0.00000000001 5.50712708044 104358.72611329758
0.00000000001 3.54339432961 84546.78527471398
0.00000000001 1.85236380912 76144.94556434419
0.00000000001 1.35457977308 103285.11708910679
0.00000000001 5.41788745559 79852.78232000639
0.00000000001 2.71021284118 419.4846438752
0.00000000001 5.20690925178 58946.51688439399
0.00000000001 2.58243930041 79219.30916633119
0.00000000001 4.14551403325 2648.454825473
0.00000000001 0.80546617242 52815.7035694624
0.00000000001 4.35263828880 131498.89763806018
0.00000000001 2.96821079393 63498.47038145279
0.00000000001 1.67750729252 64607.84893354619
0.00000000001 1.27183275592 39743.7636327506
0.00000000001 4.96647288061 365230.64398203876
0.00000000001 0.99406518960 50579.61984086379
0.00000000001 5.18049622713 1596.1864422846
0.00000000001 3.02654575849 54294.57014352679
0.00000000001 5.63350272797 78378.14871340781
0.00000000001 4.40490970421 25021.4076643842
0.00000000001 3.63610465805 51756.3216392732
0.00000000001 4.26629771518 26724.8994135984
0.00000000001 2.79177248963 157636.79740153858
0.00000000001 4.56988133520 19804.8272915828
0.00000000001 2.63303478623 5327.4761083828
0.00000000001 5.14973525909 104347.73123093879
0.00000000001 3.74530927136 44295.7171298094
0.00000000001 0.68414890944 90829.86112470538
0.00000000001 0.49165582856 69159.80243060499
0.00000000001 1.49658721659 61279.713277266
0.00000000001 5.27847149725 25934.1243310894
0.00000000001 5.17229158556 149.5631971346
0.00000000001 3.18169864614 78149.27013603736
0.00000000001 0.76788482924 146314.13330323418
0.00000000001 5.29528480250 26137.8997634784
0.00000000001 3.51389080283 49842.60989027639
0.00000000001 0.80519817567 103299.34418310839
0.00000000001 1.91164708185 105940.68546158058
0.00000000001 0.84584454465 77829.99768684579
0.00000000001 4.68188188415 90695.75207512038
0.00000000001 0.65295847908 26037.90651966999
0.00000000001 0.23063503545 105307.21230790539
0.00000000001 3.82320581190 25619.9381512198
0.00000000001 4.40595033152 70269.18098269838
0.00000000001 5.83543698290 27311.72098235281
0.00000000001 4.93010556318 143961.26714946238
0.00000000001 0.69055367085 10021.8372800994
0.00000000001 4.04373064295 25565.3257234804
0.00000000001 2.76360990402 55503.94193942859
0.00000000001 5.27048505986 52643.7712735028
0.00000000001 5.30671272193 77623.81213840858
0.00000000001 3.59001485540 130012.91751699499
0.00000000001 6.20174437935 3328.13565628019
0.00000000001 4.37843587271 52329.58509363319
0.00000000001 5.35804254604 7880.08915333899
0.00000000001 0.37001213364 29428.515568274
0.00000000001 2.09823688356 26610.48055966799
0.00000000001 1.90742269266 188276.65404017158
0.00000000001 2.07583539066 26555.8681319286
0.00000000001 2.74928843672 54509.0026760204
0.00000000001 4.78361926570 25450.90686955
0.00000000001 4.66282101332 1581.959348283
0.00000000001 1.93180863256 85034.42002596818
0.00000000001 1.39574142846 50593.84693486539
0.00000000001 4.28383546403 53242.3017603384
0.00000000001 0.36440946351 89586.37352302698
0.00000000001 3.84510723447 119116.85160956658
0.00000000001 0.98328228963 536.8045120954
0.00000000001 6.21114511135 25668.418497699
0.00000000001 3.66409514672 26624.70765366959
0.00000000001 4.38823198457 12546.481939083
0.00000000000 3.66005454502 95247.70557217918
0.00000000001 3.25481552100 46848.3301747656
0.00000000000 6.18816289886 213.299095438
0.00000000000 5.42382537447 124156.43985787958
0.00000000000 3.08747000862 104138.31347085879
0.00000000000 4.37059865637 80482.46652890938
0.00000000000 4.90249116112 26521.614879451
0.00000000000 4.11303810429 65831.6667743248
0.00000000000 3.42919047371 116917.76426627958
0.00000000001 4.86353089367 51639.00177105299
0.00000000000 0.20560781967 77844.22478084739
0.00000000000 6.23379339496 48847.6706268682
0.00000000000 4.71445024355 76.2660712756
0.00000000001 2.25536112069 25551.09862947879
0.00000000000 6.00692447908 26507.38778544939
0.00000000000 0.02652054523 6681.2248533996
0.00000000000 1.97940011643 86143.79857806159
0.00000000000 4.41963004243 114.43928868521