19.17370730359 5.48133416489 74.7815985673
1.32272523872 0.0 0.0
0.44402496796 1.65967519586 149.5631971346
0.14668209481 3.42395862804 73.297125859
0.14130269479 4.39572927934 76.2660712756
0.06201106178 5.14043574125 1.4844727083
0.01542951343 4.12121838072 224.3447957019
0.01444216660 2.65117115201 148.0787244263
0.00944995563 1.65869338757 11.0457002639
0.00657524815 0.57595170636 151.0476698429
0.00621624676 3.05882246638 77.7505439839
0.00585182542 4.79934779678 71.8126531507
0.00634000270 4.09556589724 63.7358983034
0.00547699056 3.63127725056 85.8272988312
0.00458219984 3.90788284112 2.9689454166
0.00496087649 0.59947400861 529.6909650946
0.00383625535 6.18762010576 138.5174968707
0.00267938156 0.96885660137 213.299095438
0.00215368005 5.30877641428 38.1330356378
0.00145505389 2.31759757085 70.8494453042
0.00135340032 5.51062460816 78.7137518304
0.00119593859 4.10138544267 39.6175083461
0.00125105686 2.51455273063 111.4301614968
0.00111260244 5.12252784325 222.8603229936
0.00104619827 3.90538916334 146.594251718
0.00110125387 4.45473528724 35.1640902212
0.00063584588 0.29966233158 299.1263942692
0.00053904041 3.92590422507 3.9321532631
0.00065066905 3.73008452906 109.9456887885
0.00039181662 2.68841280769 4.4534181249
0.00034341683 3.03781661928 225.8292684102
0.00033134636 2.54201591218 65.2203710117
0.00034555652 1.84699329257 79.2350166922
0.00033867050 5.98418436103 70.3281804424
0.00028371614 2.58026657123 127.4717966068
0.00035943348 4.08754543016 202.2533951741
0.00025208833 5.30272144657 9.5612275556
0.00023467802 4.09729860322 145.6310438715
0.00022963939 5.51475073655 84.3428261229
0.00031823951 5.53948583244 152.5321425512
0.00028384953 6.01785430306 184.7272873558
0.00026657176 6.11027939727 160.6088973985
0.00019676762 5.53431398332 74.6697239827
0.00019653873 2.28660913421 74.8934731519
0.00019954280 0.57450958037 12.5301729722
0.00018565067 0.62225019017 52.6901980395
0.00020084756 4.47297488471 22.0914005278
0.00019926329 1.39878194708 112.9146342051
0.00018575632 5.70217475790 33.6796175129
0.00016587870 4.86920309163 108.4612160802
0.00015171194 2.88415453399 41.1019810544
0.00011245800 6.11597016146 71.6002048296
0.00013948521 6.27545694160 221.3758502853
0.00010798350 1.70031857078 77.962992305
0.00013593955 2.55407820633 87.3117715395
0.00011997848 0.94875212305 1059.3819301892
0.00012884351 5.08737999470 145.1097790097
0.00012394786 6.21892878850 72.3339180125
0.00012253318 0.19452856525 36.6485629295
0.00011538642 1.77241794539 77.2292791221
0.00008738409 4.96956808452 186.2117600641
0.00007095608 1.30384750044 297.6419215609
0.00006262602 1.71385983783 153.4953503977
0.00007487302 0.11408470667 426.598190876
0.00007798974 5.82410372587 340.7708920448
0.00006669249 5.08626589612 62.2514255951
0.00005505358 3.31282108025 140.001969579
0.00005372927 4.12498282863 75.3028634291
0.00005354242 3.69263973447 74.2603337055
0.00004478123 1.11838191479 66.70484372
0.00004233075 3.94913608184 265.9892934775
0.00005038353 4.68664376918 18.1592472647
0.00004570470 0.97536665751 183.2428146475
0.00004751325 4.95762395337 73.8183907208
0.00004448651 0.29436142982 114.3991069134
0.00003312340 0.52418923788 82.8583534146
0.00004515952 2.88576303120 75.7448064138
0.00003559276 1.47627607503 5.9378908332
0.00003268117 0.51827231333 220.4126424388
0.00003578235 1.11528903208 137.0330241624
0.00003004737 5.12122132051 7.1135470008
0.00002882392 2.76136583899 373.9079928365
0.00002579454 3.84784330333 277.0349937414
0.00002597765 0.22409539936 96.8729990951
0.00002560744 4.44236223450 80.1982245387
0.00002722745 6.09456175016 106.9767433719
0.00002528025 0.89508396542 68.8437077341
0.00002631138 0.04831552531 305.3461693927
0.00002541716 0.64495056482 32.1951448046
0.00002241129 5.22377697501 3.1813937377
0.00001965145 0.09207526632 20.6069278195
0.00002232022 0.63571664756 80.7194894005
0.00001933814 5.75490033864 74.7334144575
0.00001933817 2.06557585395 74.8297826771
0.00002138391 4.20897429922 74.5209661364
0.00002126427 3.61171465436 75.0422309982
0.00002215516 2.18613112875 259.5088859231
0.00001891213 5.49941424248 300.6108669775
0.00001927679 1.29228021932 159.1244246902
0.00001796558 5.73271543335 74.6215398729
0.00001792522 2.08789166984 74.9416572617
0.00001873542 4.23391867169 206.1855484372
0.00002182901 1.23755478345 479.2883889155
0.00001860591 1.67536711716 42.5864537627
0.00002075591 3.15586933464 131.4039498699
0.00001912582 5.83091918696 14.977853527
0.00001529180 2.05204104820 191.2076949102
0.00002064173 3.60208606410 835.0371344873
0.00001768763 1.19254481620 219.891377577
0.00001892359 4.32128621847 154.0166152595
0.00001797047 1.73417465594 227.3137411185
0.00001558489 6.16891070489 59.8037450403
0.00001672893 0.01232646186 143.6253063014
0.00001467268 2.10975578758 2.4476805548
0.00001677659 0.42525121334 8.0767548473
0.00001347303 5.46763140224 288.0806940053
0.00001744555 0.82022450313 56.6223513026
0.00001427180 0.38786175669 92.940845832
0.00001263032 5.63689596853 404.5067903482
0.00001221506 5.20012455894 54.1746707478
0.00001574905 5.72297800263 39.3568759152
0.00001269686 2.66330104031 142.4496501338
0.00001438869 0.72633739717 522.5774180938
0.00001408997 3.61751904356 536.8045120954
0.00001418300 2.29718712012 235.3904959658
0.00001040948 2.74644165501 5.4166259714
0.00001256867 5.61684736425 67.6680515665
0.00001164218 2.08302637541 81.8951455681
0.00001009252 2.02320517037 74.0308390419
0.00001077810 1.05685900920 128.9562693151
0.00000995392 5.79703441041 75.5323580927
0.00001212025 3.41577832660 211.8146227297
0.00001223648 3.84373514640 187.6962327724
0.00001334371 2.17621743689 380.12776796
0.00001144565 2.42148845239 296.1574488526
0.00001241589 1.81282962357 134.5853436076
0.00001192274 5.58661990233 50.4025761791
0.00001093678 3.94451812233 230.5645708254
0.00000866728 3.65638980673 125.9873238985
0.00000858603 6.06095240605 68.1893164283
0.00000913477 1.69392733805 149.45132255
0.00001077916 5.01417740021 181.7583419392
0.00001166898 2.02955848543 110.2063212194
0.00000858335 1.50454807667 89.7594520943
0.00001056848 5.53440854164 14.0146456805
0.00000964091 2.66151436132 35.4247226521
0.00000909790 4.72919543782 149.6750717192
0.00000987956 6.20259453944 203.7378678824
0.00000704557 1.78667248384 81.3738807063
0.00000727979 1.68450966248 51.2057253312
0.00000895034 3.38678219821 23.5758732361
0.00000862050 5.03077008764 162.0933701068
0.00000870204 5.37263296164 81.0013736908
0.00000811437 5.17638099206 200.7689224658
0.00000598538 5.04735819055 24.3790223882
0.00000766812 2.46431370490 68.5618234438
0.00000620509 3.32340073105 69.3649725959
0.00000743561 1.22664998599 760.25553592
0.00000643798 1.27173146057 88.7962442478
0.00000696351 0.45928521046 116.4260963429
0.00000528197 2.28043920518 146.3818033969
0.00000699542 2.93566905569 617.8058857862
0.00000674539 3.06005508910 6.2197751235
0.00000587451 3.90803174254 152.0108776894
0.00000578643 2.55597699269 28.5718080822
0.00000504865 2.53585718344 157.6399519819
0.00000551887 1.14420383033 260.9933586314
0.00000476325 4.08179949822 415.5524906121
0.00000580796 6.18692743051 258.0244132148
0.00000597694 5.21701637296 218.4069048687
0.00000524337 2.29605835514 351.8165923087
0.00000445140 5.84184650462 120.358249606
0.00000442835 3.75400855881 329.7251917809
0.00000449040 1.03508146650 543.0242872189
0.00000484827 0.33092998607 73.4090004436
0.00000438492 1.29953105341 1589.0728952838
0.00000444042 4.74854436122 41.6444977756
0.00000542001 1.04883718038 195.1398481733
0.00000435208 3.76518154062 372.4235201282
0.00000419163 1.97405677459 95.3885263868
0.00000514155 5.40820017990 115.8835796217
0.00000387375 5.96869839758 152.7445908723
0.00000408499 3.42756156092 0.9632078465
0.00000374730 5.67831880744 144.1465711632
0.00000433546 4.11248357579 209.3669421749
0.00000384413 5.21546597177 114.1384744825
0.00000427408 2.47035624732 141.4864422873
0.00000371413 3.47157274946 73.1852512744
0.00000371243 1.03748816404 105.4922706636
0.00000318357 0.22505788913 33.1371007917
0.00000326002 4.18918332052 228.276948965
0.00000416253 4.17578438146 490.3340891794
0.00000327618 0.75068049756 46.2097904851
0.00000351601 6.23854037301 214.7835681463
0.00000404322 2.13001764328 99.1606209555
0.00000295859 2.62881674222 103.0927742186
0.00000326652 0.26933343606 7.4223635415
0.00000314386 3.82461196975 45.5766510387
0.00000323118 1.86185830328 30.7106720963
0.00000300220 2.12651918134 6.592282139
0.00000312412 3.02884222738 419.4846438752
0.00000311772 2.38235128420 147.1155165798
0.00000368105 5.45799824106 255.0554677982
0.00000346148 4.51747810137 454.9093665273
0.00000321808 0.08789094066 180.2738692309
0.00000337319 5.17833136955 150.5264049811
0.00000308588 5.63599850744 639.897286314
0.00000251931 1.50053452494 19.1224551112
0.00000252403 0.29915395892 150.0844619964
0.00000278704 1.17271973925 29.2049475286
0.00000266863 5.73005045142 28.3111756513
0.00000238805 5.52577063741 554.0699874828
0.00000305829 1.75242813997 6283.0758499914
0.00000299247 1.99799825842 984.6003316219
0.00000226271 5.35719329331 120.9913890524
0.00000215050 2.10000017027 67.3592350258
0.00000198057 4.76361127500 69.6737891366
0.00000220399 0.46944876871 44.070926471
0.00000219523 5.01086928137 47.6942631934
0.00000213140 4.90437681706 0.5212648618
0.00000258423 5.01692232937 1289.9465010146
0.00000185610 4.14658641505 55.6591434561
0.00000216839 2.64528788158 316.3918696566
0.00000241311 4.64092150995 756.3233826569
0.00000222625 1.63499247598 155.7829722581
0.00000204428 1.23043556439 142.1408335931
0.00000231243 4.34962187207 46.470422916
0.00000231117 0.59598761086 339.2864193365
0.00000214402 2.75106858640 189.1807054807
0.00000240160 1.57472247802 342.2553647531
0.00000173507 3.07143937754 79.889407998
0.00000175735 3.10617729573 57.255490749
0.00000166885 0.92704904427 30.0562807905
0.00000173052 2.71901382868 681.5417840896
0.00000212210 2.48249922098 135.5485514541
0.00000164032 5.42438913166 468.2426886516
0.00000203487 1.11695843604 148.5999892881
0.00000156930 4.49200656712 92.3077063856
0.00000165255 0.65702015844 154.979823106
0.00000185802 5.56639953504 73.88782669
0.00000185802 2.25459555455 75.6753704446
0.00000174776 0.64896858671 103.3534066495
0.00000187624 6.19491337250 149.0419322728
0.00000193532 6.21234933839 60.7669528868
0.00000160061 5.01823584858 264.5048207692
0.00000185820 1.04769695695 76.154196691
0.00000197311 1.21765365835 256.5399405065
0.00000175478 2.83270040396 333.657345044
0.00000157905 5.70734466920 82.2039621088
0.00000182625 0.27259358854 216.9224321604
0.00000147918 1.82282570469 17.5261078183
0.00000177450 5.10372503690 685.4739373527
0.00000137789 5.22295277421 448.6895914038
0.00000189430 5.63043055528 291.7040307277
0.00000152602 3.60417761486 233.9060232575
0.00000141512 6.28314137970 130.4407420234
0.00000134010 3.97075396565 156.1554792736
0.00000136823 2.06403429379 16.6747745564
0.00000129045 6.13432221167 76.4785195967
0.00000146031 6.21320130613 294.6729761443
0.00000146362 4.63496106478 334.2904844904
0.00000177477 3.17856650199 10213.285546211
0.00000153385 5.73024384991 347.8844390456
0.00000127869 1.20450690573 61.448276443
0.00000150311 6.16854891408 173.9422195228
0.00000138900 6.09258539376 286.596221297
0.00000141169 3.15247546979 24.1183899573
0.00000115436 3.64215841031 13.3333221243
0.00000111293 0.10667309735 88.1149206916
0.00000121087 0.17422963984 79.4474650133
0.00000108657 0.23419995878 66.9172920411
0.00000109513 1.37565056754 44.7253177768
0.00000128511 1.87873176315 254.9435932136
0.00000115349 0.88899033684 692.5874843535
0.00000135117 2.72548252468 171.6545976624
0.00000125714 5.43040501453 98.3574718034
0.00000104433 1.66540127359 54.3347294422
0.00000128791 3.10899630296 155.5010879678
0.00000105829 1.67999980378 375.3924655448
0.00000109272 3.18774824824 273.1028404783
0.00000100410 1.92606761482 362.8622925726
0.00000127008 5.83706831293 628.8515860501
0.00000102158 1.42491352478 0.1118745846
0.00000115884 5.55755283511 632.7837393132
0.00000095969 0.95437290534 258.8757464767
0.00000106157 4.21108144267 302.0953396858
0.00000115494 2.79386838622 604.4725636619
0.00000097686 3.08538131581 76.7873361374
0.00000092952 3.37459370406 93.9040536785
0.00000093122 3.05386776621 43.2890291783
0.00000099120 0.38719985960 149.3025647037
0.00000089934 4.52722147760 149.6113812444
0.00000094924 1.22382250585 267.4737661858
0.00000089643 4.70046777417 217.2312487011
0.00000109946 1.23547347355 100.3844612329
0.00000111791 3.59906622192 19.643719973
0.00000088765 4.68268569184 27.0873353739
0.00000089563 2.61565675484 295.1942410061
0.00000089934 1.93336144673 149.5150130248
0.00000104717 0.00910187496 433.7117378768
0.00000108044 0.47218816752 253.5709950899
0.00000097420 6.17817068899 1052.2683831884
0.00000087921 5.89750281232 74.1484591209
0.00000087921 1.92349227727 75.4147380137
0.00000086241 6.10142938790 76.42612997
0.00000115664 2.63306868216 1215.1649024473
0.00000112324 0.51418380423 228.7982138268
0.00000106858 3.13973175313 81.682697247
0.00000083195 3.64480716244 5.1078094307
0.00000082020 1.12030294482 82.6459050935
0.00000083480 4.54952756372 149.723255829
0.00000096333 2.43138031905 98.8999885246
0.00000108382 0.01637987560 1162.4747044078
0.00000080076 2.03790828937 73.1370671646
0.00000099120 6.07338306473 149.8238295655
0.00000088716 4.77601772186 275.5505210331
0.00000076677 1.12697999111 73.5577582899
0.00000076021 1.38978865049 218.9281697305
0.00000083480 1.91105536061 149.4031384402
0.00000083936 4.85628717843 370.9390474199
0.00000078478 1.13478868865 6.9010986797
0.00000100821 4.69066192585 210.3301500214
0.00000077269 1.59133790131 26.0235537909
0.00000072762 6.17791614729 95.2284676924
0.00000099273 5.79876917993 328.3525936572
0.00000083725 3.19473451570 175.1660598002
0.00000090852 6.17909689432 17.2654753874
0.00000069179 3.11951980820 189.7232222019
0.00000087997 0.07064517287 894.8408795276
0.00000091016 4.20728010672 82.4858463991
0.00000070434 5.00824373874 117.9105690512
0.00000078847 0.01322041001 262.4778313397
0.00000070212 4.41304710948 820.0592809603
0.00000067841 0.82180485113 606.7601855223
0.00000077380 4.76492032598 310.1720945331
0.00000067827 3.41010408816 16.04163511
0.00000065829 1.93018071058 73.9784494152
0.00000065829 5.89081437901 75.5847477194
0.00000072397 4.31806917473 61.2882177486
0.00000078311 5.41215578557 50.66320861
0.00000069882 3.96768603633 1066.49547719
0.00000080708 4.69137061335 16.4623262353
0.00000066793 4.81099593544 106.2741679563
0.00000077424 1.46638584169 70.0462961521
0.00000063890 0.78467782617 119.5069163441
0.00000088791 1.36813139013 293.188503436
0.00000086043 4.58346857263 173.6815870919
0.00000079594 6.19357054917 192.6921676185
0.00000078342 5.90294859657 58.1068240109
0.00000060317 5.85931117087 123.5396433437
0.00000070498 4.37183238608 76.3779458602
0.00000078119 2.28098562045 477.8039162072
0.00000080964 0.34694152649 331.3215390738
0.00000081902 3.23474305820 480.7728616238
0.00000079911 2.41727074003 332.8060117821
0.00000075512 3.63824702540 67.0773507355
0.00000068354 0.08038703786 79.5169009825
0.00000076488 0.73635514691 237.6781178262
0.00000070060 2.85493198706 167.7224443993
0.00000077986 3.27368512650 70.1157321213
0.00000056604 4.48745575937 949.1756089698
0.00000077640 3.06328765206 71.1582618449
0.00000066500 1.53365564126 125.1841747464
0.00000075093 4.73904922026 78.4049352897
0.00000064912 4.53988533411 472.1748419147
0.00000058628 0.40805425491 403.0223176399
0.00000054636 1.47333499230 71.8608372605
0.00000053838 0.93176659976 269.9214467406
0.00000072381 4.25223277801 15.4991183888
0.00000052189 3.65429708039 48.7580447764
0.00000053865 5.83782773067 90.8232336773
0.00000072807 5.95313969312 7.8643065262
0.00000053991 4.58226336725 148.8124376092
0.00000051866 0.06447470425 77.7023598741
0.00000056128 4.11138805649 65.3804297061
0.00000049942 4.89879835209 124.5028511902
0.00000054088 2.02562065658 13.4933808187
0.00000053830 2.54062357724 831.1049812242
0.00000057136 2.07135660474 31.6526280834
0.00000048357 5.44952727770 162.8965192589
0.00000055249 0.27729925019 74.4090915518
0.00000055249 1.26051053222 75.1541055828
0.00000049301 0.68505345474 76.0054388447
0.00000057521 1.59317631675 142.9709149956
0.00000055685 2.94302170889 43.1289704839
0.00000059455 0.63514957816 290.2195580194
0.00000063900 2.18112319933 92.0470739547
0.00000055444 1.36286779313 178.7893965226
0.00000051624 4.72218953206 184.9879197867
0.00000048683 2.61213928649 48.9181034708
0.00000052985 2.22171821346 104.0077979553
0.00000059399 1.13646884872 486.4019359163
0.00000050137 1.48506070888 25.6028626656
0.00000047590 4.15725769893 224.2329211173
0.00000063430 3.44179229325 846.0828347512
0.00000047899 2.26914506777 91.4563731237
0.00000057214 1.13849444877 303.8616966844
0.00000048855 2.68360202842 101.8689339412
0.00000054468 1.20360366787 236.8749686741
0.00000054466 3.74899735584 74.1272072615
0.00000054466 4.07199773375 75.4359898731
0.00000050910 0.91148399106 58.319272332
0.00000044633 5.10559995376 57.5161231799
0.00000047699 0.83638374581 177.8743727859
0.00000048819 0.49665135549 122.4758617607
0.00000045108 1.90469222942 31.492569389
0.00000047736 3.70992038267 84.1827674285
0.00000052405 1.63380029621 58.7399634573
0.00000059366 4.21455208670 117.36805233
0.00000042464 1.91841049036 150.31395666
0.00000046177 4.39915578083 14.2270940016
0.00000056885 2.10911106828 25.0603459444
0.00000046007 2.96485484521 49.7212526229
0.00000056472 1.96585169960 7.7042478318
0.00000044203 6.07483181407 70.5888128733
0.00000047746 1.96668828064 55.7710180407
0.00000039643 5.20792456163 69.1525242748
0.00000044855 1.92750497570 278.5194664497
0.00000039626 3.19265632224 72.4939767069
0.00000039721 3.77197555779 88.274979386
0.00000042243 4.84138065267 232.4215505492
0.00000041872 2.23021803037 306.830642101
0.00000043297 3.08650429793 284.1485407422
0.00000047398 0.90624036754 75.6329318292
0.00000047398 0.63156941487 73.9302653054
0.00000052967 5.96991904375 365.0011565867
0.00000041020 1.74616309945 78.9743842613
0.00000037774 2.65860578213 397.3932433474
0.00000045419 3.54780469477 393.4610900843
0.00000042747 4.43768599991 22.633917249
0.00000050051 1.56642196700 329.8370663655
0.00000037780 4.54908192680 77.0692204277
0.00000047477 0.90974768312 224.4566702865
0.00000040362 3.07087573985 29.226199388
0.00000047665 5.63221017988 73.0846775379
0.00000040108 4.02631792351 164.5410506616
0.00000037773 0.38995132314 91.2439248026
0.00000049928 4.53119467931 51.8870488874
0.00000043014 0.99655679002 198.321241911
0.00000041910 1.65589142441 141.6988906084
0.00000049025 6.22082931509 3340.6124266998
0.00000041401 1.59219235396 25.8634950965
0.00000046580 5.66779233323 836.5216071956
0.00000037167 6.06382385676 226.7924762567
0.00000041073 5.01411798286 411.620337349
0.00000041143 4.02823090738 1364.7280995819
0.00000034855 5.31109602436 184.0941479094
0.00000039925 4.80143653382 205.2223405907
0.00000033489 1.71873789163 227.5261894396
0.00000037356 3.07320573780 0.8031491521
0.00000043663 4.70679058518 833.552661779
0.00000043619 0.18982086815 199.2844497575
0.00000033000 1.08181996374 248.7238180901
0.00000034130 0.02490696585 35.685355083
0.00000037505 5.59177300768 94.4253185403
0.00000041560 3.77042855528 163.5778428151
0.00000034189 3.60118447896 335.7749571987
0.00000033848 0.13377240364 132.8884225782
0.00000031365 0.09634401362 32.2433289144
0.00000033282 3.17341780978 0.7507595254
0.00000030713 2.52388675397 745.277682393
0.00000030162 5.92221199518 31.5407534988
0.00000034238 4.41376588408 20.4468691251
0.00000030462 5.36718556691 154.6710065653
0.00000029782 2.66340469665 43.2408450685
0.00000031103 1.65433821047 5.6290742925
0.00000035171 3.56835481210 97.4155158163
0.00000029774 3.47143447278 167.0893049529
0.00000034498 6.22826740240 180.1619946463
0.00000036881 4.37161776762 75.3722993983
0.00000036881 3.44937732197 74.1908977363
0.00000039561 1.15355175157 58.6280888727
0.00000032428 2.26557707921 80.4106728598
0.00000040057 0.14187991318 1744.8558675419
0.00000029395 0.57842927094 530.6541729411
0.00000034894 4.92668814244 143.3434220111
0.00000029628 6.11127530723 958.576777831
0.00000029382 0.16680358431 136.0698163159
0.00000038451 2.94085167994 133.1008708993
0.00000032922 1.54640324936 215.4379594521
0.00000030833 5.34525997176 8.9068362498
0.00000032377 2.27298665245 8.5980197091
0.00000031149 2.40599502782 140.6563608848
0.00000028333 3.75879212712 528.7277572481
0.00000038175 1.51759937027 114.9416236346
0.00000029983 0.03280380782 90.2807169561
0.00000035108 1.21482551913 767.3690829208
0.00000034210 0.77552752107 326.8681209489
0.00000032854 1.80185340982 1033.3583763983
0.00000031995 5.07221890976 216.2680408546
0.00000027036 3.03122786083 27.7204748203
0.00000027412 4.74407471114 221.1634019642
0.00000032772 5.85879342901 42.5382696529
0.00000028766 5.99039327077 93.7921790939
0.00000033552 5.03954377007 229.0800981171
0.00000034037 0.77937092280 142.6620984549
0.00000034980 4.19796683573 4.7353024152
0.00000026441 4.88885611145 151.260118164
0.00000026014 6.23229383455 447.2051186955
0.00000025836 5.11135193547 68.3011910129
0.00000033053 0.27134750984 1140.38330388
0.00000026778 1.28950862567 2.2876218604
0.00000034236 0.18746853265 54.2865453324
0.00000026054 4.42308630147 11.1575748485
0.00000030776 3.56610123946 66.1835788582
0.00000024027 4.78275838142 328.2407190726
0.00000025791 3.30165903006 65.8747623175
0.00000026209 5.82811768517 40.1600250673
0.00000025701 2.19731633217 75.8935642601
0.00000025701 5.62367875742 73.6696328745
0.00000025237 2.58308165954 81.2620061217
0.00000025534 5.23319959774 3.6233367224
0.00000032460 3.40226553572 1439.5096981492
0.00000022931 1.37523968497 117.3198682202
0.00000022917 1.69064646797 118.0224436358
0.00000030625 0.38543308891 90.9351082619
0.00000024336 4.23223779782 969.6224780949
0.00000024514 5.83282809414 414.0680179038
0.00000022571 3.73767113299 70.6369969831
0.00000026189 1.37714071031 10.9338256793
0.00000026863 4.46513557360 25.2727942655
0.00000024777 3.82558545550 134.0640787458
0.00000022242 0.31041708817 85.9391734158
0.00000027006 5.66339011829 104.8378793578
0.00000030312 4.91657918154 619.2903584945
0.00000029499 1.89955716827 565.1156877467
0.00000021818 5.43668115613 34.62157350
0.00000029506 0.51511362512 367.9701020033
0.00000023404 2.08578309566 541.5398145106
0.00000023718 5.53660822153 45.5553991793
0.00000021550 0.38029070385 140.9651774255
0.00000024081 4.27910869955 170.1701249541
0.00000023248 1.69953849620 166.828672522
0.00000028495 3.98299051940 616.3214130779
0.00000029686 6.13498719207 401.6497195162
0.00000022285 2.36595950759 107.918699359
0.00000022853 3.29726108048 103.9865460959
0.00000024493 0.22829425196 49.1787359017
0.00000021208 1.65163762659 188.9200730498
0.00000026911 2.55176488247 405.9912630565
0.00000024843 5.68013157679 57.1436161644
0.00000020957 4.08352831368 78.9262001515
0.00000025450 5.85899081364 100.6450936638
0.00000025078 2.20068349108 92.4195809702
0.00000027346 1.72847573029 366.485629295
0.00000020414 5.00632227650 221.8971151471
0.00000019766 0.95451045485 9.4011688612
0.00000022784 0.28900298014 64.4866578288
0.00000020289 1.41637307438 143.9341228421
0.00000022092 5.52239110854 107.4980082337
0.00000027052 2.23986874740 67.9286839974
0.00000020822 5.23087049171 77.489911553
0.00000020822 2.59012459788 72.0732855816
0.00000021660 1.70573151068 55.1378785943
0.00000023236 4.27186225116 52.1476813183
0.00000024236 2.27410241019 758.7710632117
0.00000019238 3.43567324357 144.8973306886
0.00000026390 2.53868436083 369.4545747116
0.00000019012 6.23987372040 165.6048322446
0.00000018856 2.80925108504 289.5651667136
0.00000018734 2.24124585820 312.4597163935
0.00000026008 4.64004097317 40.8413486235
0.00000018884 6.27294547517 22.8945496799
0.00000021610 1.24753853837 31.2319369581
0.00000021305 3.56429538359 37.8724032069
0.00000018454 5.32515403804 381.0909758065
0.00000024738 5.59448379294 81.6345131372
0.00000018468 2.20982131564 379.1645601135
0.00000021107 1.69240112719 252.0865223816
0.00000020493 2.67164929770 147.9668498417
0.00000020131 4.43054318113 156.6767441354
0.00000021567 1.12409329716 225.3080035484
0.00000017391 4.43132202586 72.7758609972
0.00000017559 0.35908279202 303.0585475323
0.00000017692 1.96141224662 47.061123747
0.00000022852 2.89096727559 624.919432787
0.00000016980 5.08939294950 75.2391729543
0.00000016980 2.73160214009 74.3240241803
0.00000016467 1.61925057838 2118.7638603784
0.00000021062 1.57933011690 331.2096644892
0.00000022471 0.58316987607 248.4631856592
0.00000019612 5.21011193916 531.978586955
0.00000018741 1.24596689149 85.0765393058
0.00000018599 5.83146457459 148.1905990109
0.00000016059 2.12824166984 610.6923387854
0.00000019657 0.45310853850 408.4389436113
0.00000020916 0.97601965892 10.0824924174
0.00000015997 0.65650708975 118.8737768977
0.00000016082 2.10586039679 742.9900605326
0.00000018297 3.57190587419 19.0105805266
0.00000021297 1.30859463816 95.2766518022
0.00000018354 4.92321966101 14.5571624017
0.00000021477 4.05503641492 1670.0742689746
0.00000018715 2.00072701140 107.0249274817
0.00000018450 3.24530527857 135.336103133
0.00000018685 4.76756860051 64.6991061499
0.00000019467 0.47075581635 550.1378342197
0.00000017882 1.66188161698 190.665178189
0.00000016009 2.30252486366 75.6116799698
0.00000016009 5.51847022593 73.9515171648
0.00000016129 5.70914730386 735.8765135318
0.00000019328 0.95373832886 363.5166838784
0.00000016801 3.30389996644 196.6243208816
0.00000017995 3.15857292717 378.6432952517
0.00000014946 0.01933631594 73.3453099688
0.00000014946 4.66006612006 76.2178871658
0.00000014777 4.06474308403 79.7775334134
0.00000019634 2.43284555545 376.1956146969
0.00000015651 1.14451886246 552.5855147745
0.00000014573 0.98064774203 76.3142553854
0.00000014573 3.69875469397 73.2489417492
0.00000015358 0.75466203125 63.847772888
0.00000018123 0.22904578695 118.0706277456
0.00000019109 5.46363197829 60.5545045657
0.00000014137 0.58479900612 17.6379824029
0.00000014481 1.45090213380 1097.0942747017
0.00000014249 3.86670568389 909.8187330546
0.00000014623 3.60649391630 280.9671470045
0.00000016592 0.96055193273 285.1117485887
0.00000013647 6.10917059910 842.1506814881
0.00000013776 1.24049151018 63.6240237188
0.00000014396 4.20664636136 121.8427223143
0.00000013418 3.63644963778 69.7856637212
0.00000015352 0.80879086995 515.463871093
0.00000016062 2.15259310684 73.0364934281
0.00000016062 2.52680932916 76.5267037065
0.00000018191 4.17431360807 381.6122406683
0.00000013441 4.64743942354 535.9107402181
0.00000013362 4.22579107073 883.7951792637
0.00000013242 4.64847854184 105.380396079
0.00000013053 4.16130064427 12.0089081104
0.00000013153 2.76878972668 224.8660605637
0.00000016919 3.45612873180 703.6331846174
0.00000015264 3.70218217589 109.3125493421
0.00000014158 0.89623255371 147.5574595645
0.00000016005 0.81396049172 176.6505325085
0.00000012475 3.47993027626 195.7729876197
0.00000013527 0.03173550378 73.4571845534
0.00000013527 4.64766693222 76.1060125812
0.00000012777 1.95759097830 749.2098356561
0.00000015707 0.55008100514 106.0135355254
0.00000013959 6.05672603790 60.112561581
0.00000012459 0.64812677658 322.6116447801
0.00000016441 4.32023721096 83.3796182764
0.00000012986 2.70817696012 194.2885149114
0.00000016646 2.86315414412 336.8387387817
0.00000014831 2.47765698308 115.3623147599
0.00000016221 4.38221842826 129.9194771616
0.00000013549 5.95860980996 172.1971143836
0.00000014395 2.82450237931 232.0490435337
0.00000011794 1.77599774058 34.5309507748
0.00000014677 5.99138198153 208.8456773131
0.00000012330 4.49348353960 83.6884348171
0.00000015868 5.04310300275 853.196381752
0.00000011579 2.24791104882 65.3322455963
0.00000012045 4.83431406522 44.0921783304
0.00000012793 2.24093998376 62.7726904569
0.00000013012 2.69693854531 905.8865797915
0.00000014381 5.21992705202 207.8824694666
0.00000011100 6.25287419269 417.0369633204
0.00000012912 1.88014975039 288.7350853111
0.00000011090 3.73543127320 55.8715917772
0.00000011922 4.45761281158 501.3797894433
0.00000012011 5.86269323857 210.8514148832
0.00000015032 1.87104290296 403.1341922245
0.00000012512 3.54733200878 1171.875873269
0.00000010863 3.14224264687 229.7614216733
0.00000010576 5.06922756941 11.848849416
0.00000011670 5.99338710443 308.6876218248
0.00000014227 3.18331697186 84.8640909847
0.00000014378 2.15578224139 193.655375465
0.00000013092 6.16506375042 323.5054166574
0.00000010353 0.14713330527 466.7582159433
0.00000010969 3.80039920878 680.0573113813
0.00000012242 3.77918880252 827.9235874865
0.00000011480 1.70581546221 318.679491517
0.00000013223 3.20469849858 97.6761482472
0.00000013031 0.40010415472 757.8078553652
0.00000011539 0.56262925906 74.2121495957
0.00000011539 0.97518052335 75.3510475389
0.00000011683 5.01402128604 679.2541622292
0.00000013475 6.25032260448 438.2982824457
0.00000012599 2.05716339618 113.8778420516
0.00000011550 5.90402341878 256.4280659219
0.00000010715 5.95633473988 1108.1399749656
0.00000010811 2.03451109527 89.0086925689
0.00000011079 3.59854256411 525.7588118315
0.00000010894 2.60919922031 177.3049238143
0.00000010858 3.65797726694 63.9965307343
0.00000009781 5.57308312756 84.2309515383
0.00000011509 4.35301138657 353.301065017
0.00000010655 5.22089129487 263.962304048
0.00000010262 2.37561039493 361.3778198643
0.00000012663 2.78008051966 406.1031376411
0.00000011319 1.06015629901 43.5496616092
0.00000010733 1.76426685552 89.4506355536
0.00000010593 4.05752516876 71.7007785661
0.00000011184 4.54016329366 150.3663462867
0.00000009502 1.55679754929 350.3321196004
0.00000009202 1.64799177482 555.5544601911
0.00000009236 4.12418910644 422.6660376129
0.00000011426 3.32782449621 124.2904028691
0.00000009406 1.01182317286 69.3125829692
0.00000009406 0.52598660955 80.2506141654
0.00000010265 3.49514713683 543.9180590962
0.00000012276 1.87738186166 337.8019466282
0.00000009056 0.11525943257 230.9370778409
0.00000009524 3.91872886636 212.3358875915
0.00000008894 4.53764717877 210.1177017003
0.00000010681 5.41426794763 1819.6374661092
0.00000009273 6.23870082502 263.0203480609
0.00000010129 1.27631196928 443.8636662634
0.00000009954 0.40697067708 79.6075237077
0.00000009338 2.76311888794 217.4436970222
0.00000008643 1.19803400302 86.6304479833
0.00000010377 2.71674179936 30.5987975117
0.00000009828 1.09342495140 69.9556734269
0.00000011715 4.15216104346 544.5087599272
0.00000010279 2.14278644635 546.956440482
0.00000008512 3.03492456162 532.8723588323
0.00000011622 4.25766350370 39.0962434843
0.00000010704 1.12167677007 400.1652468079
0.00000010253 0.01695148000 30.6894202369
0.00000011241 5.75986380235 754.8389099486
0.00000010566 0.53106664555 533.6231183577
0.00000009226 0.99071863539 75.696622304
0.00000009226 0.54709114702 73.8665748306
0.00000008052 6.17336789892 674.4282370888
0.00000009330 1.56227394083 52.8020726241
0.00000009982 3.21457462706 175.4266922311
0.00000009204 3.60245144803 223.3815878554
0.00000009571 0.10725282156 292.0128472684
0.00000008044 2.40245968826 77.1174045375
0.00000008044 5.41853540133 72.4457925971
0.00000007954 5.69169782621 1022.3126761344
0.00000008193 5.37748789450 59.2824801785
0.00000011131 4.60858554715 763.4369296577
0.00000010522 2.55229928724 154.2984995498
0.00000009032 0.95177465042 89.338760969
0.00000007893 4.08556010372 93.6916053574
0.00000009501 5.55196701361 156.4642958143
0.00000009420 3.18504090065 112.6540017742
0.00000009347 1.91675074687 156.9855606761
0.00000008617 4.16810264439 85.5666664003
0.00000009410 0.01602955020 298.2326223919
0.00000007942 3.63978160188 108.982480942
0.00000008607 6.26788808564 62.9327491513
0.00000009481 4.67209385843 36.9091953604
0.00000009891 0.62867977206 404.6186649328
0.00000007952 1.86804354686 34.2008823747
0.00000007543 4.71193192925 77.016830801
0.00000007543 6.25065581393 72.5463663336
0.00000008486 4.73310682076 77.8624185685
0.00000009006 0.59784568320 670.4960838257
0.00000007976 5.62905756989 1478.8665740644
0.00000007488 3.66691685281 89.9719004154
0.00000007543 3.74071360489 74.0478853844
0.00000007543 0.93868883111 75.5153117502
0.00000008714 6.11380091266 683.9894646444
0.00000007753 3.89251894809 192.8040422031
0.00000008055 4.51541804140 59.5912967192
0.00000008473 4.68984634698 71.0095039986
0.00000008473 3.13114874261 78.553693136
0.00000008189 2.89161988893 253.4591205053
0.00000008070 5.10239813363 37.1698277913
0.00000008122 5.93117685976 274.0660483248
0.00000007335 1.41963811973 526.5095713569
0.00000009184 3.56690567030 100.8051523582
0.00000007863 4.41120869700 437.6438911399
0.00000008782 5.21522198514 488.8496164711
0.00000008166 2.05529799644 325.3836482406
0.00000008125 4.10724946912 115.6229471908
0.00000007771 4.29027035291 199.0720014364
0.00000007086 2.56698840150 95.9792272178
0.00000008905 3.41134329058 59.9638037347
0.00000007578 1.04398344607 214.2623032845
0.00000007594 2.80403622692 213.9534867438
0.00000006996 0.89646725407 144.4553877039
0.00000009581 5.19830082333 241.8709035202
0.00000006890 1.28122854187 164.1203595363
0.00000007953 5.63301442789 86.7905066777
0.00000006970 3.53189631991 130.552616608
0.00000007608 0.76491107529 409.0720830577
0.00000008498 5.43986459432 20.4950532349
0.00000008495 5.62996070710 249.9476583675
0.00000007031 4.11339759505 41.7563723602
0.00000007286 5.61565476776 241.6102710893
0.00000008429 0.69056403771 153.186533857
0.00000006801 1.01412347718 301.4140161296
0.00000007107 4.41250045520 33.0252262071
0.00000006539 3.95099517204 129.1163280095
0.00000006645 2.66725386831 691.1030116452
0.00000007084 3.44059419900 102.523325247
0.00000008617 4.71598219531 150.4569690119
0.00000007721 2.81365717816 180.7951340927
0.00000006468 1.37143971940 44.6134431922
0.00000007676 0.12205330938 60.2244361656
0.00000007616 0.19823929024 343.7398374614
0.00000008883 1.60499381544 749.5823426716
0.00000007176 0.91191120786 445.7206459872
0.00000006334 3.29105739915 1375.7737998458
0.00000007576 1.63976998398 148.6694252573
0.00000007153 0.97472079949 44.9859502077
0.00000007107 5.68687193631 6456.8800576977
0.00000007343 0.40893171081 1692.1656695024
0.00000006977 0.80654770180 1265.5674786264
0.00000006257 3.43472193500 119.3950417595
0.00000007314 6.02029115164 188.6594406189
0.00000006219 5.05640701071 95.931043108
0.00000007640 1.15145978039 21.9795259432
0.00000006226 1.42012111738 14.8177948326
0.00000006334 0.41446504672 491.8185618877
0.00000006172 1.64082544093 358.4088744477
0.00000007113 1.81225163838 731.9443602687
0.00000006404 5.37183717126 1310.3933701397
0.00000006542 5.62829080881 21.1494445407
0.00000007490 0.83410715646 1291.4309737229
0.00000007443 1.82999961281 396.5419100855
0.00000005799 3.38417427072 694.0719570618
0.00000006501 0.47551640281 386.0656587932
0.00000008032 2.40925890235 223.8235308401
0.00000005745 3.19567125444 20202.22629672009
0.00000006979 1.46529506093 197.7999770492
0.00000007333 4.15029279297 497.4476361802
0.00000005643 2.97445175627 116.5379709275
0.00000007207 3.86366874667 267.2131337549
0.00000006659 0.62431567185 49.5088043018
0.00000007612 0.68976665906 139.4807047172
0.00000007515 3.99352933456 514.7131115676
0.00000005915 5.38925556106 87.0511391086
0.00000005915 2.43173952854 62.512058026
0.00000005591 3.33946751463 1235.6117715724
0.00000006326 4.56486319559 178.1350052168
0.00000005697 1.92398898451 809.0135806964
0.00000006663 1.30321671145 893.3564068193
0.00000006780 5.62733816868 647.0108333148
0.00000006712 2.34121862543 304.1223291153
0.00000006670 1.35551468688 436.8138097374
0.00000005623 2.57084176932 42.0651889009
0.00000005492 3.62415542738 293.7097682978
0.00000005496 2.40094729126 158.9643659958
0.00000005598 4.42020772430 188.2387494936
0.00000006865 4.85354232653 407.5876103494
0.00000005577 5.67561254291 168.6856522458
0.00000007667 2.26561874174 688.6553310904
0.00000006329 5.73450522569 956.2891559706
0.00000006411 6.25968556874 1581.959348283
0.00000006288 3.75451099606 314.9073969483
0.00000006275 6.25871609198 96.7611245105
0.00000005396 1.55557394648 817.7716590999
0.00000006354 5.36308075526 369.9758395734
0.00000006932 1.14877684957 483.2205421786
0.00000005489 3.66616236592 136.2298750103
0.00000005980 2.26259334707 362.0322111701
0.00000006735 1.57580167444 5994.9951559861
0.00000007154 0.38367300877 259.769518354
0.00000006012 3.76327673441 476.3194434989
0.00000006717 0.10184664713 474.9468453752
0.00000006569 1.45283712289 349.3689117539
0.00000005212 5.81704085223 561.1835344836
0.00000005251 0.77102401214 305.6068018236
0.00000006333 3.04339045762 151.850818995
0.00000005922 2.22626179675 896.3253522359
0.00000006369 3.21678234700 457.1969883877
0.00000007006 5.48369013299 237.4174853953
0.00000006494 3.00088317220 9925.2048522057
0.00000005421 0.58125835319 229.340730548
0.00000005440 1.54861465044 401.5378449316
0.00000006012 6.01637588426 695.0351649083
0.00000006713 2.53300554864 358.9301393095
0.00000004937 3.50473085964 778.4147831847
0.00000006282 2.70326102686 711.4493070338
0.00000004956 4.14479114010 450.1740641121
0.00000005873 1.54540557953 347.9326231554
0.00000006652 1.87662994202 236.1936451179
0.00000006111 0.57632522173 346.3999663373
0.00000005219 4.29113850675 27.7417266797
0.00000005752 4.25326612876 838.0060799039
0.00000005911 4.36010712190 561.8861098992
0.00000005407 3.68956638902 147.9186657319
0.00000006307 3.36363443595 300.8927512678
0.00000004830 5.68923513122 818.574808252
0.00000005465 5.75477672933 49.6518166537
0.00000004962 3.25178378949 40.2506477925
0.00000004862 3.98443206848 156.043604689
0.00000004763 2.45119683765 101.6083015103
0.00000004831 3.31832104988 621.7380390493
0.00000004773 5.87209787138 123.0183784819
0.00000006080 5.38005534998 369.0820676961
0.00000004712 0.72241704208 240.3864308119
0.00000005759 0.11226046429 215.7467759928
0.00000004866 4.15001957737 271.61836777
0.00000005247 3.99273309023 89.5993933999
0.00000004798 1.99760114613 257.3912737684
0.00000005871 4.92536650443 524.2743391232
0.00000006355 2.91875544444 425.1137181677
0.00000006233 1.68063570142 1595.2926704073
0.00000005518 1.72808265472 85.7154242466
0.00000006174 6.20195291439 1288.4620283063
0.00000005474 2.88264855465 118.8525250383
0.00000005268 3.23575329194 164.3809919672
0.00000004598 3.62412165981 155.1922714271
0.00000004562 4.84497063338 355.7487455718
0.00000006030 4.60083877410 3191.0492295652
0.00000004619 4.56283368598 194.1766403268
0.00000004787 2.45717311995 461.1291416508
0.00000005963 3.78210055675 37.611770776
0.00000005537 4.69446621919 475.3562356524
0.00000004705 3.18358647312 239.1625905345
0.00000005254 4.89804499710 335.1418177523
0.00000004508 3.96143616095 106.4342266507
0.00000004992 1.91379124627 53.653405886
0.00000005229 2.37453148939 1514.2912967165
0.00000004545 3.99007594196 138.4056222861
0.00000005919 4.46032751712 26087.9031415742
0.00000005801 5.60942548145 453.424893819
0.00000004598 2.84824896257 224.084163271
0.00000004442 2.55719441632 1578.0271950199
0.00000004529 0.42105215119 529.851023789
0.00000005086 3.02781327890 1031.87390369
0.00000004518 3.91961032516 529.5309064002
0.00000004527 0.18440066668 100.0543928328
0.00000005251 3.17128548460 469.7271613599
0.00000005605 2.76934913754 25938.3399444396
0.00000004316 5.46795424616 132.5796060375
0.00000005868 4.23210669739 1065.6017053127
0.00000005247 1.70237501787 2199.7652340692
0.00000005793 4.75395160520 1894.4190646765
0.00000004350 0.58138936558 21.1976286505
0.00000004501 1.13668862821 523.4711899711
0.00000005387 0.36739665703 193.9160078959
0.00000004637 1.23008862142 178.677521938
0.00000005789 6.28230577403 131.9252147317
0.00000004725 5.50921508396 1222.2784494481
0.00000005643 2.44509347920 315.1680293792
0.00000004301 3.66662949536 137.5542890242
0.00000005743 5.13195739925 246.4361962297
0.00000004316 3.62023586731 310.9752436852
0.00000004346 2.53786810357 319.5732633943
0.00000004279 1.39897629930 383.3091616977
0.00000005449 2.52988969603 29.7474642498
0.00000005197 3.92618185605 223.4510238246
0.00000004770 5.04550182969 823.9914342234
0.00000004166 0.08492730501 627.3671133418
0.00000004371 1.61761667675 1072.7152523135
0.00000004183 5.74021676862 997.9336537462
0.00000004817 2.88466542669 3041.4860324306
0.00000004598 5.14313919761 158.7519176747
0.00000005388 3.47215286830 636.6677084665
0.00000004119 3.70589946554 2120.2483330867
0.00000004756 1.48001282657 1360.7959463188
0.00000005241 4.99807675817 444.2361732789
0.00000004624 3.36725532914 887.7273325268
0.00000004742 1.08531509632 25788.776747305
0.00000004150 4.29707458546 181.6464673546
0.00000005700 4.42021373130 772.5887669361
0.00000004604 3.23730533014 52177.29075585669
0.00000004518 0.12021315429 227.5956254088
0.00000004801 1.91657173650 763.2244813366
0.00000004302 4.07488146098 99.8419445117
0.00000004832 1.83839787801 439.782755154
0.00000004731 4.58220741156 598.5346728287
0.00000005139 0.05224584019 170.0100662597
0.00000005340 3.74844424776 332.1728723357
0.00000003961 5.01930587167 216.4804891757
0.00000003942 0.90741814441 1020.025054274
0.00000004265 3.62938010955 139.1718881765
0.00000005538 0.97968779982 296.7481496836
0.00000004471 3.67508159105 33.9402499438
0.00000003959 5.50934383834 150.9357952583
0.00000004752 5.13310717346 230.8252032563
0.00000004546 2.33235152672 44.1828010556
0.00000004199 6.00132942631 305.4580439773
0.00000004748 4.72352640183 551.2129166508
0.00000004410 3.94433837247 1034.8428491066
0.00000003907 3.18697718640 36.1754821775
0.00000003892 1.69273861503 1246.6574718363
0.00000004621 1.60315185681 104.5290628171
0.00000004010 0.96832089300 957.0923051227
0.00000003999 0.67919742508 55.8192021505
0.00000003999 0.85861235733 93.7439949841
0.00000005220 2.73849324439 66.3960271793
0.00000004058 4.17182793283 1044.4040766622
0.00000004292 4.26391012839 908.3342603463
0.00000005151 0.05080208802 901.9544265284
0.00000004067 1.30593331214 528.2064923863
0.00000004398 3.05010000369 1019.7644218431
0.00000004054 3.93008682239 1147.4968508808
0.00000004089 4.88671627275 770.3380283374
0.00000004979 5.72556882350 683.0262567979
0.00000004410 5.46838417109 460.5384408198
0.00000004536 5.18012223444 387.2413149608
0.00000004307 3.93578836401 302.637856407
0.00000004828 0.61933574564 262.0571402144
0.00000003807 5.26788824520 170.7608257851
0.00000004776 5.01230725530 379.0158022672
0.00000003768 5.36076741746 1755.9015678058
0.00000004703 0.18391535840 473.659314623
0.00000003914 5.05534607924 525.4981794006
0.00000004727 4.19123757571 686.958410061
0.00000004710 2.26465786650 484.917463208
0.00000004815 3.65417851763 673.316271396
0.00000004601 0.56848721506 204.7010757289
0.00000003833 4.50882706137 464.4705940829
0.00000003921 2.31238727110 367.8582274187
0.00000004584 3.59482425537 30.1681553751
0.00000004458 0.31703385792 127.5836711914
0.00000004432 4.29795903962 781.5961769224
0.00000004364 2.10393899022 196.8367692027
0.00000003790 0.89714826480 138.6293714553
0.00000003668 4.04509712972 829.6205085159
0.00000003739 2.49930590383 909.9306076392
0.00000003762 2.60655174903 294.3004691288
0.00000005077 1.77462786076 786.2309056011
0.00000003969 2.97347811680 250.6020496733
0.00000003631 0.71340218954 1336.4169239306
0.00000004628 0.34854671150 324.7292569348
0.00000003876 5.90510178691 990.2294059144
0.00000003603 1.59469951538 386.720050099
0.00000003764 5.50610875494 68.631259413
0.00000003764 5.45647898824 80.9319377216
0.00000003603 3.55211452968 586.377006872
0.00000003741 0.33398234764 813.8395058368
0.00000004245 0.02485941311 291.1190753911
0.00000004700 2.63332393497 292.8159964205
0.00000003576 4.10345975514 168.5737776612
0.00000004645 0.80030005818 441.2672278623
0.00000004649 6.16884000839 700.7761137854
0.00000004954 4.52779163462 16.6110840816
0.00000004002 1.60087230027 395.0574373772
0.00000004185 2.96597437308 305.2342948081
0.00000004462 0.93157251490 161.4120465506
0.00000004102 4.59093836137 1169.3276189777
0.00000003588 0.27873050602 1340.3490771937
0.00000004185 6.23485375931 1574.8458012822
0.00000003578 5.08118538256 154.5591319807
0.00000003758 0.14294735321 1041.2226829245
0.00000003568 0.85509496232 1016.0929010109
0.00000004172 2.93211623273 581.1573228567
0.00000003780 3.65614433020 90.5626012464
0.00000004564 2.97361651836 112.3933693433
0.00000003717 5.61326911538 1471.7530270636
0.00000003535 0.10988485689 872.9095376942
0.00000004336 1.59644351231 548.6533615114
0.00000003439 1.46598704716 812.9457339595
0.00000004841 1.95552773911 822.8794685306
0.00000003830 3.44323535772 423.4167971383
0.00000004454 3.42579762098 374.7111419886
0.00000003716 4.71360653827 527.2432845398
0.00000004434 0.71080738069 1685.0521225016
0.00000003664 6.12918648460 320.1639642253
0.00000003860 4.17371507398 48.2367799146
0.00000004508 3.07386548950 983.1158589136
0.00000004102 2.99945701352 808.2104315443
0.00000003995 2.74810269783 632.0329797878
0.00000003917 3.69870848484 608.2446582306
0.00000003412 4.77079031354 832.5894539325
0.00000003961 3.33250778247 185.5786206177
0.00000003623 4.64985456293 454.7974919427
0.00000004124 3.37976754896 252.6559713532
0.00000003919 0.26952670688 6137.4448061199
0.00000003372 0.45014900270 406.954470903
0.00000003314 2.84122766862 280.2163874791
0.00000004206 2.08946908078 435.1962105851
0.00000003372 0.84534442532 213.2509113282
0.00000003369 4.04211478849 213.3472795478
0.00000004058 1.50736855443 432.2272651685
0.00000004630 3.53027863494 6170.1612157863
0.00000003904 0.24163677359 458.090760265
0.00000003335 3.30445833614 771.3012361839
0.00000003318 5.45360392276 1450.5553984131
0.00000003544 1.33379125488 188.0263011725
0.00000003557 4.95484715865 1254.5217783625
0.00000003312 0.89488112289 517.1607921224
0.00000004587 4.60594057122 25483.43057791229
0.00000004069 1.27659765222 274.6354972964
0.00000003826 3.29750710982 6129.5804995937
0.00000003422 1.53733627594 886.2428598185
0.00000003652 2.44969882307 398.6807740996
0.00000004578 0.12293169591 2736.1398630379
0.00000003702 5.13339128979 1321.4390704036
0.00000003351 3.76280400362 743.7932096847
0.00000004132 0.01289789881 761.7400086283
0.00000004478 2.53095817704 446.3113468182
0.00000003398 0.23047450502 182.6096752011
0.00000003973 2.04945985964 433.190473015
0.00000003778 1.07863762669 86.939264524
0.00000004082 0.25118427960 511.5954083047
0.00000003857 3.16268032037 254.0922599517
0.00000003896 0.46366115563 798.3885715578
0.00000003190 4.25827033023 1596.1864422846
0.00000003268 4.00080141209 59.0005958882
0.00000003725 1.88982085589 498.4108440267
0.00000003641 1.92575340799 29.7956483596
0.00000004018 3.66861564496 757.2865905034
0.00000004350 2.92081750057 442.7517005706
0.00000003957 5.88730379340 407.4757357648
0.00000003536 3.36275654524 78039.36462902068
0.00000003769 0.60875044771 650.0492147006
0.00000003231 4.95941213173 274.5873131866
0.00000003616 1.40200347339 455.0212411119
0.00000003845 5.35098476288 614.8369403696
0.00000004406 5.47551901323 847.5673074595
0.00000003479 0.21471955910 271.6665518798
0.00000003179 5.76357883511 1886.5547581503
0.00000004221 4.85565822083 102.5020733876
0.00000004257 4.65953203398 269.0701134787
0.00000003699 1.69223585010 10067.6545023395
0.00000003211 5.53866872898 151.5689347047
0.00000004374 5.39609986794 356.9244017394
0.00000003516 0.78503214935 470.4934272503
0.00000003380 0.70280224085 2.0057375701
0.00000003221 3.21423971704 1442.4786435658
0.00000004337 0.71530474065 325.9530972122
0.00000004363 4.95297283334 10100.3709120059
0.00000003105 0.42212828385 551.1010420662
0.00000003392 2.25899685018 5909.1678571549
0.00000003932 3.92524338589 243.3553762285
0.00000004325 4.50980035788 502.8642621516
0.00000003079 4.48934263963 828.8173593638
0.00000004000 4.23137559040 238.9019581036
0.00000003547 1.18954889005 38.6061163898
0.00000003069 3.57500923483 53.3233374859
0.00000003619 0.53814238131 121.2520214833
0.00000003646 1.55483894873 473.4623726669
0.00000003219 2.64143743565 1274.9686474876
0.00000003339 2.95148684971 839.4905526122
0.00000003604 4.72016797397 10059.7901958133
0.00000003316 2.53257077581 302.3772239761
0.00000003235 1.79025814071 377.1588225434
0.00000003558 0.14957844924 366.1131222795
0.00000003077 4.11145647240 367.5975949878
0.00000003047 3.71010425526 74.5691502462
0.00000003047 0.96929818074 74.9940468884
0.00000003633 1.90925113302 2175.386211681
0.00000003399 3.06470005459 418.5214360287
0.00000003398 4.85438710621 991.7138786227
0.00000003226 1.45240599904 394.9455627926
0.00000003217 4.87069954758 1061.6695520496
0.00000003230 5.92927393828 219.5188705615
0.00000003756 1.80033274284 669.0116111174
0.00000003453 1.61122511232 1205.9761819072
0.00000003146 3.91978798680 6533.1461289733
0.00000003774 1.39886028887 251.1714986449
0.00000003935 3.17535121697 487.8864086246
0.00000003189 2.85027634129 439.9315130003
0.00000002987 1.05473954283 182.279606801
0.00000003273 5.76363220748 2424.1100297711
0.00000003667 3.07143289100 1.6969210294
0.00000004138 2.73202390759 436.1594184316
0.00000003328 4.55158693252 391.976617376
0.00000002978 5.94580624646 373.535485821
0.00000004154 5.62690393825 195.4004806042
0.00000003637 4.87903340292 587.8614795803
0.00000003553 0.07777162237 261.9565664779
0.00000003149 1.45984421265 395.105621487
0.00000002962 2.60920797777 1158.5425511447
0.00000003589 2.03353815770 487.1045113319
0.00000003349 5.45643647292 523.7530742614
0.00000003063 1.06632237280 699.7010313543
0.00000003247 4.79603063160 313.42292424
0.00000003841 2.50542705831 674.8007441043
0.00000002973 1.67622654649 605.275712814
0.00000003760 3.72986643389 751.0668153799
0.00000003193 3.98720961022 302.8984888379
0.00000003640 6.18169873722 410.1358646407
0.00000003533 5.51851339600 271.4059194489
0.00000003112 1.63679903914 482.2573343321
0.00000003029 4.03332340352 245.5424243524
0.00000002950 4.59717760832 47.2735720681
0.00000002936 5.68363571769 380.8785274854
0.00000004122 4.80389472595 2885.7030601725
0.00000002922 0.61496402948 94.7553869404
0.00000002922 0.92284575293 54.8078101942
0.00000003691 2.87961032764 748.0978699633
0.00000003250 3.50840756791 949.4362414007
0.00000003191 3.68151144937 9839.3775533745
0.00000003950 5.25973340926 697.8071683688
0.00000002909 1.86561947750 379.3770084346
0.00000003750 3.72694170125 5985.4339284305
0.00000003840 4.95586519535 6061.6999997061
0.00000003498 0.14578444966 3114.7831582896
0.00000003912 4.31481409741 669.6929346736
0.00000002948 3.53413358490 78338.49102328988
0.00000003225 1.40637905526 576.1613880106
0.00000002937 0.29646296117 590.2454696603
0.00000004025 2.99661933871 25632.99377504689
0.00000003822 3.99843493630 827.1728279611
0.00000003870 5.51356586663 2124.9836355019
0.00000003324 4.80337367540 6209.7787241324
0.00000003638 3.50918818351 1008.9793540101
0.00000002874 5.12119295555 187.2755416471
0.00000003359 4.46803343205 359.893347156
0.00000003854 2.68175502948 224.9354965329
0.00000003809 4.38400618597 3117.7521037062
0.00000003942 4.28275251770 927.9779803193
0.00000002978 1.97136538075 400.7346957795
0.00000002912 1.78010174024 753.1419889192
0.00000003186 3.01587158229 53.6321540266
0.00000003735 5.74696647535 909.70685847
0.00000003185 5.79943875516 5982.4649830139
0.00000003341 5.20072763739 511.5317178299
0.00000002997 0.04223641582 354.9979860464
0.00000002902 1.79129681788 47.2211824414
0.00000002902 6.02969827171 102.3420146932
0.00000003255 1.03591834871 482.3692089167
0.00000003946 0.04138275847 6096.8640899273
0.00000003872 5.45119868236 470.6903692064
0.00000003005 3.53992132641 162.635886828
0.00000003924 4.40439164938 526.9826521089
0.00000002825 3.80497099809 1606.3383706712
0.00000003232 3.91334446659 444.8268741099
0.00000003561 5.09342203154 1668.5897962663
0.00000002803 2.09081885651 451.7279727896
0.00000002835 5.26040401145 294.5611015597
0.00000002802 1.97945485167 1592.0418407004
0.00000003388 4.62841923047 25862.073873164
0.00000003050 2.94686489799 6530.1771835567
0.00000003115 2.76472416518 436.7501192626
0.00000003266 4.88735094654 265.7286610466
0.00000003668 5.22572399717 415.6643651967
0.00000003868 2.64909249866 113.4571509263
0.00000002866 3.66222746884 529.6427809848
0.00000002850 0.93628396613 1448.9108670104
0.00000002864 0.67930219877 529.7391492044
0.00000003327 0.82829766822 412.5835451955
0.00000002863 4.00036548571 323.2447842265
0.00000002774 4.33267175059 551.7823656224
0.00000003704 2.58308448101 25865.04281858059
0.00000002806 5.17543386153 2088.8081533244
0.00000002766 2.53845010068 1600.1185955477
0.00000003634 3.00439582111 77.6386693993
0.00000003634 1.67500661490 71.9245277353
0.00000002909 3.25311064209 112.4939430798
0.00000002957 3.89190030394 53.5839699168
0.00000002793 1.50011760025 465.273743235
0.00000003101 1.82377616022 529.9515975255
0.00000003179 2.47362164483 529.4303326637
0.00000003091 3.36846576185 912.7876784712
0.00000002841 4.99710506357 1349.7502460549
0.00000002975 4.20884044975 224.1847370075
0.00000003614 0.09529926684 9991.9096959257
0.00000002886 5.75239983007 428.0826635843
0.00000003022 3.67976254648 829.4080601948
0.00000002937 0.99310447017 282.6640680339
0.00000002920 4.81655636505 1190.7858800591
0.00000002859 3.59162912719 395.9087706391
0.00000003672 0.39454281112 376.9463742223
0.00000003502 5.14876183773 9915.6436246501
0.00000003139 6.22398139851 10139.988420352
0.00000003266 0.65217674021 201.2901873276
0.00000002771 5.00950677412 1821.1219388175
0.00000002891 0.16321611264 245.4942402426
0.00000002716 5.94390688693 1533.2536931333
0.00000003340 4.48479148149 1366.2125722902
0.00000002941 1.40585778661 147.8662761052
0.00000003427 1.74554946194 914.4845995006
0.00000003494 1.50642632860 191.3195694948
0.00000003318 3.73912779069 260.360219185
0.00000003079 1.13242149517 1062.5633239269
0.00000002969 4.51605546992 1541.8517128424
0.00000003726 2.67277746243 26542.81250810149
0.00000003051 2.78368746438 421.1815649046
0.00000003639 2.40271831395 513.079881013
0.00000002651 2.04478708937 960.0612505393
0.00000003509 3.30273492208 6354.8885031421
0.00000002660 4.35820637617 96.2398596487
0.00000002984 0.93929798505 9912.6746792335
0.00000002642 4.81017870174 487.1526954417
0.00000003349 1.77006672178 67.8804998876
0.00000003715 1.46398359301 10027.0737861469
0.00000002698 2.25129487280 569.0478410098
0.00000002779 2.95332852844 392.6579409322
0.00000003062 3.91142815674 789.4604834486
0.00000002631 2.37052193061 1474.9344208013
0.00000003011 2.22470704566 1605.5876111458
0.00000002879 4.54178981532 857.1285350151
0.00000003258 0.70846024546 104.5772469269
0.00000003049 2.06524904960 1303.2798231389
0.00000002961 2.78419866266 12564.6672272745
0.00000002727 0.43906543709 1063.8353483141
0.00000003091 5.61530760960 554.1818620674
0.00000002903 3.07181627040 1541.1179996595
0.00000002689 3.91719627755 517.4214245533
0.00000002846 3.20097069993 540.0553418023
0.00000003440 2.45078516584 236.5024616586
0.00000002719 0.45068700830 52325.36948028299
0.00000003093 0.78760201101 93.531546663
0.00000003043 5.84553288250 752.5512880882
0.00000002585 2.67373555383 2117.2793876701
0.00000003559 4.29992888175 900.4699538201
0.00000003598 0.24186259790 132.0370893163
0.00000002947 1.10177902088 446.83261168
0.00000002584 3.54943039679 268.4369740323
0.00000003167 3.77971849522 12567.6361726911
0.00000003345 1.93508620092 583.4080614554
0.00000002651 2.97228932638 643.8294395771
0.00000002573 0.04096075848 584.8925341637
0.00000002562 5.04631980333 1374.1292684431
0.00000003377 4.72559531257 10285.0981993617
0.00000002831 4.29539738341 539.773457512
0.00000003190 3.69756383156 769.6198215195
0.00000003242 1.83260797987 805.2414861277
0.00000003373 0.25136652920 764.921402366
0.00000003299 2.15481336956 440.8947208468
0.00000002810 1.23890197328 311.2840602259
0.00000002856 0.44622736949 2281.6603796373
0.00000002578 1.28353508968 1160.8301730051
0.00000002783 1.02755087868 1268.7488723641
0.00000003006 4.04391286855 1544.0869450761
0.00000003130 6.25757675247 2727.9717264555
0.00000002551 2.40340258218 1159.3457002968
0.00000003287 0.26000896186 463.2467538055
0.00000002596 5.25166061607 826.4391147782
0.00000002734 1.91308659798 799.8730442661
0.00000003317 2.51269837372 807.7528571573
0.00000003375 1.74643993256 605.9570363702
0.00000002858 1.86456657305 430.5303441391
0.00000003011 2.37110515848 373.0142209592
0.00000002984 0.24635683106 936.6454359976
0.00000002866 4.91213635727 2192.6516870684
0.00000003269 0.04981734572 737.4246767149
0.00000003098 4.07812927937 657.4233941323
0.00000002711 3.98895103447 678.3603903519
0.00000002507 1.43443806433 20278.49236799569
0.00000002824 2.94497633242 508.6264628881
0.00000003132 5.12767484173 1553.6481726317
0.00000002806 5.71814807428 351.7047177241
0.00000002705 2.12994126939 172.4577468145
0.00000003334 0.15340910675 1361.7591541653
0.00000002782 3.15719024944 519.6084726772
0.00000003073 2.66711354956 106.8648687873
0.00000003061 2.24403344534 52174.32181044009
0.00000002505 0.80744053241 672.9437643805
0.00000003073 0.35436617007 10065.2068217847
0.00000003459 4.58079150140 809.2373298656
0.00000003386 0.97499612837 1056.2005364515
0.00000002648 3.45216167121 659.674132731
0.00000002685 4.85368581683 257.9125386302
0.00000002572 2.13972748651 584.8288436889
0.00000002506 6.23212920846 382.1335055301
0.00000002717 2.48381545310 351.9284668933
0.00000003347 5.14134665087 247.8300462128
0.00000002428 0.46154118993 20275.52342257909
0.00000002799 4.86813388259 1005.047200747
0.00000002657 3.11477828769 587.7977891055
0.00000003021 1.21277274474 280.003939158
0.00000002618 5.27831691087 877.5754041402
0.00000002592 3.82396293779 175.820451106
0.00000003345 5.33418227770 810.6581120991
0.00000002427 6.00834528881 243.8978929497
0.00000002413 3.69693635912 623.0255698015
0.00000002744 3.90942586821 442.639825986
0.00000002509 3.57281224902 1789.6817590552
0.00000003097 0.89535439878 911.515654084
0.00000003208 3.79865497427 386.9806825299
0.00000003146 2.76661285663 1242.7253185732
0.00000002431 0.85207197895 836.7340555167
0.00000002622 1.08347941593 369.342700127
0.00000002769 4.12625133544 207.3612046048
0.00000002906 0.80826038658 481.7360694703
0.00000002505 0.32705752925 6681.2248533996
0.00000002598 3.45095863503 2267.4332856357
0.00000003109 6.09716177778 45.0341343175
0.00000002804 4.20913964758 978.9712573294
0.00000002802 3.34017271353 764.4001375042
0.00000002592 3.49895787987 360.5477384618
0.00000002999 5.22361260271 6134.9971255651
0.00000002428 2.99468117542 229.4526051326
0.00000002533 5.95316695932 432.8179659995
0.00000002382 0.68810083757 325.7930385178
0.00000002930 1.53042890055 173.1390703707
0.00000002420 0.89948530881 1720.4768451537
0.00000002377 2.36761685006 1928.1992559259
0.00000002782 2.17593412190 889.2118052351
0.00000002573 0.26649824790 1536.2226385499
0.00000002508 2.11454020497 341.7340998913
0.00000002448 1.98619678461 1327.8189042215
0.00000003336 3.10162597185 725.0914456988
0.00000002392 0.21242741759 614.6244920485
0.00000002507 1.80828402176 394.3548619616
0.00000002823 0.19015234079 122.0551706354
0.00000002530 2.95773515771 1330.7878496381
0.00000002532 4.46226588980 1511.3223512999
0.00000003040 5.16745492791 480.8847362084
0.00000002606 2.59310129142 661.0949149645
0.00000002474 2.81621738023 1407.2663692348
0.00000002595 3.72982344914 1586.1039498672
0.00000002451 1.74083806788 838.218528225
0.00000002448 5.35097946752 320.3240229197
0.00000002622 5.73550541407 1048.3362299253
0.00000002851 2.37230529824 747.7253629478
0.00000003251 1.90510984540 83.1671699553
0.00000002387 2.83037383593 714.6788848813
0.00000002780 1.77987961860 141.1776257466
0.00000002460 2.27287175347 1292.9154464312
0.00000002598 5.98306227790 1155.361157407
0.00000002783 1.02550599707 1080.5795588397
0.00000003097 4.72047182702 10063.7223490764
0.00000002910 0.78044221568 650.9429865779
0.00000002359 1.30445584096 378.1220303899
0.00000002497 4.18707812445 599.6466385215
0.00000003102 2.15094298964 476.4313180835
0.00000002875 5.63713008045 6812.766815086
0.00000002522 2.55619336731 441.1553532777
0.00000002570 3.49764756320 1699.2792165032
0.00000002325 0.80296980818 290.3683158657
0.00000002635 1.08428876142 6132.0281801485
0.00000002743 4.20664830562 1969.2006632438
0.00000002417 3.03355272640 283.6272758804
0.00000002315 4.85594677157 424.1505103212
0.00000002411 4.77687475493 343.2185725996
0.00000002923 4.03560484889 1599.9585368533
0.00000003120 5.44366360558 769.8167634756
0.00000002459 0.51644781610 494.2662424425
0.00000002279 5.84210879958 594.9113361063
0.00000002380 0.93599236213 1258.4539316256
0.00000002675 1.18409531003 519.0177718462
0.00000002764 3.89164591027 291.0496394219
0.00000002585 1.04410652057 754.0357607965
0.00000002276 2.99670185563 1404.0849754971
0.00000002768 0.90030726299 2274.5468326365
0.00000002274 1.85168217548 104276.83096772949
0.00000002268 0.20518949756 537.3952129264
0.00000002286 5.33958308193 557.0389328994
0.00000002319 3.39859717806 173.0484476455
0.00000002773 4.21974240408 431.3334932912
0.00000002914 3.02958692463 784.7464328928
0.00000002993 0.49951880041 459.0539681115
0.00000003129 4.47843032507 939.6143814142
0.00000003165 4.75058891561 26161.20026743319
0.00000002283 5.65964892836 811.4612612512
0.00000002261 4.33110508196 1736.9915610157
0.00000002566 4.39554125385 63.4752658725
0.00000002681 6.00923286619 412.3229127646
0.00000002437 0.38702218640 376.8769382531
0.00000002452 3.15408990558 287.2506126028
0.00000002384 1.73850316210 1970.6851359521
0.00000002249 3.06698924618 1372.6447957348
0.00000002259 4.68065566116 113.3877149571
0.00000002278 5.35632851845 1026.2448293975
0.00000002834 1.49045047339 485.8806710545
0.00000003153 4.46150066246 3795.5217932271
0.00000002368 5.98954180707 226.6324175623
0.00000002795 0.77259066809 10742.9765113056
0.00000002231 6.02735193252 386.3475430835
0.00000002256 1.85300200201 1811.773159583
0.00000002945 3.51719262167 714.4182524504
0.00000003088 5.58047807216 230.2826865351
0.00000002228 3.92663836521 844.5983620429
0.00000002685 2.97936141724 303.5798123941
0.00000002260 4.95342040684 123.960334469
0.00000002403 2.94703926890 1151.4290041439
0.00000002879 5.91440314810 924.0458270562
0.00000002854 0.88172955033 646.1170614375
0.00000003091 0.26846308854 3413.9095525588
0.00000002202 4.93836731176 1436.5407527326
0.00000002308 4.93454100712 1170.3914005607
0.00000002331 5.55597569672 820.8100404857
0.00000002447 5.30192531544 299.7170951002
0.00000002713 1.33801079136 770.5504766585
0.00000002261 0.44102163363 817.0903355437
0.00000002950 5.76859185743 653.2306084383
0.00000002185 2.44586598369 246.9787129509