0.00739730021 6.01067825116 149.5631971346
-0.00526878306 0.0 0.0
0.00239840801 5.33657762707 73.297125859
0.00229676787 2.48204455775 76.2660712756
0.00111045158 5.57157235960 11.0457002639
0.00096352822 0.35070389084 63.7358983034
0.00081511870 1.21058618039 85.8272988312
0.00045687564 2.29216583843 138.5174968707
0.00051382501 2.18935125260 224.3447957019
0.00038844330 0.30724575951 70.8494453042
0.00036158493 1.23634798757 78.7137518304
0.00032333094 5.06666556704 74.7815985673
0.00021685656 4.93710968392 151.0476698429
0.00019441970 1.30617490304 77.7505439839
0.00017376241 0.24607221230 71.8126531507
0.00015211071 5.53141633140 3.9321532631
0.00007735984 1.61349552789 71.6002048296
0.00007425078 6.20357977116 77.962992305
0.00006995857 2.40633283814 145.6310438715
0.00007291691 2.23597571444 2.9689454166
0.00007585264 2.76074218330 148.0787244263
0.00004378335 3.74296322240 160.6088973985
0.00004127713 1.48475181305 22.0914005278
0.00003933541 4.73864204208 65.2203710117
0.00002910312 5.91941333050 127.4717966068
0.00002788434 4.90117297196 213.299095438
0.00002802392 3.76505436434 52.6901980395
0.00002545264 3.36768337628 9.5612275556
0.00002647073 4.53813176345 12.5301729722
0.00003177614 4.65226634926 299.1263942692
0.00002228396 0.18087986338 87.3117715395
0.00002824668 3.40143685673 84.3428261229
0.00002525203 2.83821144961 18.1592472647
0.00002216987 4.78338909951 72.3339180125
0.00001624493 3.75817281127 153.4953503977
0.00001928881 2.39940180311 39.6175083461
0.00001555444 4.13741667297 73.8183907208
0.00001600865 0.08376247543 79.2350166922
0.00001476317 3.67283851029 75.7448064138
0.00001427088 1.45690759014 70.3281804424
0.00001533469 3.71776498048 152.5321425512
0.00001747266 3.24870046809 77.2292791221
0.00001716831 3.39415662657 222.8603229936
0.00001707504 1.11296012106 225.8292684102
0.00001734228 5.39619902298 146.594251718
0.00001476617 3.53047075439 3.1813937377
0.00001179645 5.13953276367 220.4126424388
0.00001239315 0.98221206501 4.4534181249
0.00001099691 1.35138854505 62.2514255951
0.00000977123 1.01847642495 74.6697239827
0.00000975571 0.51903242150 74.8934731519
0.00001061312 5.00125105380 131.4039498699
0.00000891654 4.27405127452 426.598190876
0.00001029261 5.42434597865 109.9456887885
0.00000868857 2.79792544805 56.6223513026
0.00000747420 4.78455200239 92.940845832
0.00000743194 5.94179390589 206.1855484372
0.00000828266 3.32679639479 7.1135470008
0.00000647136 0.20307260484 80.1982245387
0.00000720965 0.28353896718 1.4844727083
0.00000605458 0.10335604387 1059.3819301892
0.00000666117 3.49754791028 96.8729990951
0.00000575550 2.42897662546 522.5774180938
0.00000497791 3.50054849965 137.0330241624
0.00000563791 1.91500933518 536.8045120954
0.00000477254 1.15791167960 41.1019810544
0.00000452889 1.09710482126 67.6680515665
0.00000412572 3.78953003468 66.70484372
0.00000408503 0.33951833274 81.8951455681
0.00000369265 4.73183141111 202.2533951741
0.00000395742 1.58893964955 14.977853527
0.00000377813 3.73353761428 2.4476805548
0.00000347012 6.15993155091 134.5853436076
0.00000347209 4.09740378576 146.3818033969
0.00000346276 3.88647750381 59.8037450403
0.00000343714 4.42446342755 142.4496501338
0.00000294160 4.42096282169 5.4166259714
0.00000329148 5.84103283969 112.9146342051
0.00000340830 1.84893689186 36.6485629295
0.00000306476 1.06590600726 33.6796175129
0.00000275437 4.10479793303 82.8583534146
0.00000293125 0.49846117327 145.1097790097
0.00000254628 6.25473678549 235.3904959658
0.00000246505 5.32024438086 159.1244246902
0.00000249949 0.67221714016 265.9892934775
0.00000235773 3.62653751252 20.6069278195
0.00000217183 4.25583219062 152.7445908723
0.00000210343 4.63336622628 140.001969579
0.00000231137 0.38954829748 108.4612160802
0.00000183920 5.05228486550 191.2076949102
0.00000221484 2.71939746995 195.1398481733
0.00000192825 0.45904824372 23.5758732361
0.00000228031 5.73832504591 297.6419215609
0.00000181760 1.50820819426 120.358249606
0.00000160927 4.77614458093 8.0767548473
0.00000154383 0.90699803576 288.0806940053
0.00000164982 6.03209867187 5.9378908332
0.00000153438 2.70088223137 162.0933701068
0.00000191778 0.83177362607 373.9079928365
0.00000154090 3.25708486897 14.0146456805
0.00000177817 2.38327279626 209.3669421749
0.00000150916 1.30817182471 69.3649725959
0.00000143519 5.80839382745 211.8146227297
0.00000140612 5.35931699754 29.2049475286
0.00000141703 2.64874298288 68.8437077341
0.00000134614 0.41866243813 39.3568759152
0.00000140275 5.15925110927 80.7194894005
0.00000148005 3.01901836595 186.2117600641
0.00000138435 0.38546052988 81.0013736908
0.00000156471 3.62049946715 116.4260963429
0.00000142032 4.72599483352 114.3991069134
0.00000132979 1.16919556561 68.5618234438
0.00000132271 3.93102400599 89.7594520943
0.00000117645 1.04577241570 277.0349937414
0.00000115855 3.50608314585 33.1371007917
0.00000116656 4.77768622576 99.1606209555
0.00000118667 0.97921601472 305.3461693927
0.00000141195 5.83532011809 45.5766510387
0.00000124069 1.48589888078 41.6444977756
0.00000110901 4.69277387714 51.2057253312
0.00000119992 2.88407866671 50.4025761791
0.00000121041 2.51714592201 154.0166152595
0.00000109540 5.23116357278 88.7962442478
0.00000103214 3.71629269070 144.1465711632
0.00000103776 2.10287854036 54.1746707478
0.00000116279 6.16263578313 227.3137411185
0.00000122915 3.57188972236 300.6108669775
0.00000102736 5.34763165471 152.0108776894
0.00000091187 1.10481193147 110.2063212194
0.00000090202 0.56709477474 125.9873238985
0.00000081723 6.27079297819 228.276948965
0.00000084840 6.21066793803 42.5864537627
0.00000074095 0.25759427545 148.5999892881
0.00000074141 6.12651413564 150.5264049811
0.00000074651 4.40519875592 128.9562693151
0.00000081515 2.33379448960 32.1951448046
0.00000072988 3.51945448127 639.897286314
0.00000073276 5.35840675742 95.3885263868
0.00000072236 1.94385727161 24.3790223882
0.00000080037 4.41743269825 6.2197751235
0.00000067741 0.23367851706 16.6747745564
0.00000068101 4.86711498571 28.5718080822
0.00000071855 2.40256356403 404.5067903482
0.00000087580 4.81265119187 419.4846438752
0.00000071445 1.52414424740 106.9767433719
0.00000069920 5.06695266595 230.5645708254
0.00000069373 4.50365511857 333.657345044
0.00000068989 2.68367160082 183.2428146475
0.00000060705 5.84738219849 70.1157321213
0.00000060413 2.93879448663 149.6750717192
0.00000055718 5.10108753250 79.4474650133
0.00000056673 0.54290172829 73.0846775379
0.00000053588 0.54527702807 329.7251917809
0.00000055709 0.10599541457 157.6399519819
0.00000060943 4.04427039342 347.8844390456
0.00000052263 1.22770416736 147.1155165798
0.00000054800 4.12258527812 76.4785195967
0.00000053425 4.48806957559 433.7117378768
0.00000048631 3.08750329574 68.1893164283
0.00000052758 1.71379465510 143.6253063014
0.00000046174 1.83537384705 7.8643065262
0.00000056770 1.76001621326 19.643719973
0.00000043941 4.22289924597 75.5323580927
0.00000042882 3.60953274952 74.0308390419
0.00000043779 1.34862437117 415.5524906121
0.00000040257 2.70866946307 154.979823106
0.00000039553 2.78953556992 258.8757464767
0.00000041251 1.57144664659 273.1028404783
0.00000052956 4.24304077012 66.9172920411
0.00000037480 4.69690532605 81.3738807063
0.00000043331 0.45599585462 1589.0728952838
0.00000036051 4.81417494173 135.5485514541
0.00000037066 2.17708105206 46.470422916
0.00000034620 2.54301868857 14.2270940016
0.00000035447 0.98545964791 167.7224443993
0.00000033444 3.72411302136 149.45132255
0.00000040029 1.96239968243 187.6962327724
0.00000040824 5.97303225818 340.7708920448
0.00000037372 0.21122306999 259.5088859231
0.00000041612 1.41361112597 58.1068240109
0.00000031110 1.73031491371 1052.2683831884
0.00000029956 2.57082015227 60.7669528868
0.00000037429 0.79282523594 73.88782669
0.00000037429 0.74498454647 75.6753704446
0.00000031065 1.71827695871 38.1330356378
0.00000029298 5.94882239894 141.6988906084
0.00000029561 5.69538037718 103.0927742186
0.00000030708 0.24881030437 72.4939767069
0.00000030708 1.28899947804 77.0692204277
0.00000028875 0.54752160834 28.3111756513
0.00000031192 4.12279339423 529.6909650946
0.00000035363 3.42227627978 82.6459050935
0.00000029829 2.34283213066 1066.49547719
0.00000028113 0.90670133000 295.1942410061
0.00000029459 3.07426083488 120.9913890524
0.00000026709 4.75598916376 43.2890291783
0.00000030738 5.90774706345 111.4301614968
0.00000027631 5.95830254498 6.592282139
0.00000026884 3.04057230046 219.891377577
0.00000033927 6.02713258404 171.6545976624
0.00000031094 2.39334686272 98.3574718034
0.00000026658 0.37099096339 217.2312487011
0.00000023975 5.91677137117 218.9281697305
0.00000031513 3.08220495699 221.3758502853
0.00000026064 6.25963849838 472.1748419147
0.00000023869 0.00423630284 57.255490749
0.00000023509 2.61626799404 47.6942631934
0.00000026035 0.51844176177 91.4563731237
0.00000024834 2.68780869865 25.2727942655
0.00000029098 2.94097567270 184.7272873558
0.00000023343 4.42888199279 61.448276443
0.00000022926 1.30160852920 233.9060232575
0.00000023216 4.09428674912 543.0242872189
0.00000022288 6.14795050219 227.5261894396
0.00000021446 3.17224618831 106.2741679563
0.00000021268 2.97922212711 554.0699874828
0.00000024907 5.76718730053 486.4019359163
0.00000021433 4.64123618296 19.1224551112
0.00000020924 2.76614931958 269.9214467406
0.00000020909 3.85974203870 67.3592350258
0.00000022980 4.90937541667 254.9435932136
0.00000020201 2.12417844647 468.2426886516
0.00000020131 3.77349880806 316.3918696566
0.00000020847 4.81409904565 7.4223635415
0.00000019458 4.76792603924 98.8999885246
0.00000019604 2.45797310689 17.2654753874
0.00000018374 3.12972828948 88.1149206916
0.00000018710 2.07002102692 69.6737891366
0.00000018185 1.53549222688 92.3077063856
0.00000020526 3.55883475114 115.8835796217
0.00000017318 3.58183814043 100.3844612329
0.00000019680 0.37692395289 296.1574488526
0.00000023888 6.03488135175 35.1640902212
0.00000016772 0.69703195542 210.3301500214
0.00000017082 5.75097380140 79.889407998
0.00000016920 5.76277101216 67.8804998876
0.00000016712 1.22647704720 55.6591434561
0.00000017764 2.75549341652 105.4922706636
0.00000017983 3.23076091926 151.260118164
0.00000018460 3.11251197292 35.4247226521
0.00000017967 3.88222144853 181.7583419392
0.00000016331 3.65716262733 94.4253185403
0.00000016285 5.57732210648 24.1183899573
0.00000016506 3.12748016927 76.42612997
0.00000016506 4.69351492032 73.1370671646
0.00000015826 3.12499527551 13.4933808187
0.00000017227 0.29402089847 13.3333221243
0.00000017819 0.27595854333 221.1634019642
0.00000021162 1.87088890253 372.4235201282
0.00000016749 1.45888449067 284.1485407422
0.00000019283 1.10096678754 479.2883889155
0.00000018795 0.86065812508 60.5545045657
0.00000015261 4.52180709793 397.3932433474
0.00000016556 5.58514879053 198.321241911
0.00000014970 3.72163026622 30.0562807905
0.00000015636 3.32592798239 173.9422195228
0.00000014561 3.11384969661 50.66320861
0.00000015544 4.96423459329 58.319272332
0.00000014998 0.09396760027 200.7689224658
0.00000014725 5.12312966582 135.336103133
0.00000017061 0.93145915427 184.0941479094
0.00000014873 3.56846085608 30.7106720963
0.00000015380 0.45042165283 16.4623262353
0.00000014306 2.43060361636 310.1720945331
0.00000017345 5.49233484735 260.9933586314
0.00000013683 3.92221116342 82.2039621088
0.00000015207 3.34962343405 411.620337349
0.00000013968 2.61772955404 61.2882177486
0.00000013099 2.01417422899 286.596221297
0.00000013681 4.97929425746 44.070926471
0.00000013283 2.82191824384 6.9010986797
0.00000012983 0.75249502704 173.6815870919
0.00000016262 1.99912523467 64.4866578288
0.00000012734 1.70208913039 74.2603337055
0.00000012734 2.97731330561 75.3028634291
0.00000012701 1.71027963895 57.5161231799
0.00000017442 2.80800083816 760.25553592
0.00000015036 1.86765123574 132.8884225782
0.00000012678 5.21255769594 81.682697247
0.00000012959 0.93518082353 133.1008708993
0.00000012526 3.61958368638 351.8165923087
0.00000012334 6.26259774480 632.7837393132
0.00000012872 3.95804014267 46.2097904851
0.00000011855 2.97019730282 267.4737661858
0.00000014155 2.86543106920 155.7829722581
0.00000011443 1.78051620224 32.2433289144
0.00000012255 2.52428870855 515.463871093
0.00000012080 5.16415823774 74.1272072615
0.00000012080 2.65683685185 75.4359898731
0.00000011303 0.93310421002 31.492569389
0.00000013533 5.82192605708 85.0765393058
0.00000010738 0.24602380813 93.9040536785
0.00000010787 6.01142464319 189.7232222019
0.00000013828 5.36493508915 31.6526280834
0.00000013824 4.23707962346 26.0235537909
0.00000010459 5.12191321154 144.8973306886
0.00000010910 2.91004182482 142.1408335931
0.00000010123 5.18571320702 236.8749686741
0.00000011542 4.18988776185 42.5382696529
0.00000010460 4.81590103862 692.5874843535
0.00000013204 3.50824637161 123.5396433437
0.00000009836 5.95244492576 681.5417840896
0.00000009778 5.72836796284 43.1289704839
0.00000010652 5.07486942549 124.2904028691
0.00000010953 0.56341673987 89.0086925689
0.00000009978 3.97784657700 214.7835681463
0.00000010001 1.25595884365 532.8723588323
0.00000009832 2.83131988231 54.3347294422
0.00000009739 5.28158188664 73.1852512744
0.00000009739 5.68100585654 76.3779458602
0.00000009297 3.79217857949 203.7378678824
0.00000011679 1.33060128320 48.7580447764
0.00000009552 1.19132306969 156.1554792736
0.00000008972 0.10072096939 27.0873353739
0.00000011401 1.59445531296 264.5048207692
0.00000009556 4.94813324338 196.6243208816
0.00000008931 1.75464198962 117.9105690512
0.00000009144 4.96253120483 44.7253177768
0.00000010751 1.19819066544 624.919432787
0.00000010035 3.29686320022 448.6895914038
0.00000008947 0.49097448474 141.4864422873
0.00000008492 1.04669089016 103.9865460959
0.00000008396 1.85274078285 610.6923387854
0.00000008844 5.13691622390 88.274979386
0.00000008524 4.93963929817 17.5261078183
0.00000008157 1.41280346613 163.5778428151
0.00000009170 0.18882338324 685.4739373527
0.00000009000 4.32410050104 210.8514148832
0.00000008372 4.15532894311 218.4069048687
0.00000008521 1.30623024759 155.5010879678
0.00000009137 2.66521611116 617.8058857862
0.00000007785 1.91600387357 177.8743727859
0.00000008263 1.79382771123 543.9180590962
0.00000009949 6.00066057789 129.9194771616
0.00000007808 3.50087426378 47.061123747
0.00000007420 3.41076837074 130.4407420234
0.00000007378 5.84270209088 109.3125493421
0.00000007443 5.63786026620 175.1660598002
0.00000008741 4.78640084032 58.7399634573
0.00000008402 1.60812206860 79.5169009825
0.00000008402 6.21287302099 70.0462961521
0.00000008695 3.86773796124 193.655375465
0.00000007159 3.97508715690 606.7601855223
0.00000007067 6.12746401004 949.1756089698
0.00000006973 2.38105652541 162.8965192589
0.00000008045 2.56499806459 40.1600250673
0.00000006997 4.11367019220 119.5069163441
0.00000006780 0.88290624842 71.1582618449
0.00000006780 0.65490353399 78.4049352897
0.00000006651 3.56933431950 107.4980082337
0.00000008439 2.97298949766 180.1619946463
0.00000007040 0.16766290094 393.4610900843
0.00000008809 4.60479111456 114.9416236346
0.00000007093 2.52722254009 118.8737768977
0.00000006803 4.98967084497 95.2284676924
0.00000006807 6.00403663073 199.0720014364
0.00000006562 5.82462474242 117.3198682202
0.00000008202 1.70137039976 192.6921676185
0.00000006537 2.99785157074 362.8622925726
0.00000006391 5.70439630334 49.7212526229
0.00000006512 5.96135741097 97.4155158163
0.00000006196 3.54421587297 381.0909758065
0.00000006196 5.54176074629 528.7277572481
0.00000007620 3.73538335649 55.1378785943
0.00000006877 3.44957142724 207.8824694666
0.00000006080 5.07669365981 530.6541729411
0.00000006080 4.00928242865 379.1645601135
0.00000007068 3.30282189087 526.5095713569
0.00000006022 1.31297053546 105.380396079
0.00000006631 3.99124846968 34.5309507748
0.00000006319 3.57711620849 143.3434220111
0.00000006650 4.28063379650 454.9093665273
0.00000006837 6.06157563262 375.3924655448
0.00000005881 4.60273440786 405.9912630565
0.00000005969 0.03112902827 535.9107402181
0.00000005863 5.60462702771 107.918699359
0.00000006744 1.08073706710 27.7204748203
0.00000006308 0.34505692022 831.1049812242
0.00000005516 2.08339680294 232.4215505492
0.00000005840 4.74275994750 29.226199388
0.00000005532 0.31891843882 164.5410506616
0.00000006345 2.71755172801 91.2439248026
0.00000005822 4.31260736618 301.4140161296
0.00000005587 5.40846346381 125.1841747464
0.00000006604 3.03527526051 90.8232336773
0.00000005425 0.16380669642 76.154196691
0.00000005425 4.51559573958 73.4090004436
0.00000005757 2.28671638418 408.4389436113
0.00000005414 0.23481115779 16.04163511
0.00000005498 5.01400832025 142.6620984549
0.00000006300 5.07868286422 550.1378342197
0.00000005290 6.25206773025 210.1177017003
0.00000005252 4.37461363945 49.1787359017
0.00000005259 5.53089870357 31.2319369581
0.00000005177 2.42408915707 34.62157350
0.00000005117 4.27503491473 114.1384744825
0.00000004984 0.86380095341 312.4597163935
0.00000006222 1.16391286215 336.8387387817
0.00000005039 0.49473492002 22.633917249
0.00000005371 2.46932051435 293.7097682978
0.00000005874 0.96815943251 406.1031376411
0.00000005033 2.55869165354 234.4967240885
0.00000005168 2.97658265378 147.8662761052
0.00000004740 2.89577409389 853.196381752
0.00000006514 2.35520859919 302.0953396858
0.00000004810 0.69226746482 59.2824801785
0.00000004541 4.53731690208 92.0470739547
0.00000004506 4.68118426392 100.0543928328
0.00000004623 6.18668496930 344.7030453079
0.00000005577 5.54543388365 237.6781178262
0.00000005453 4.06894870256 232.0490435337
0.00000004872 4.69587056338 35.685355083
0.00000004545 1.88214672059 52.1476813183
0.00000005548 3.25810309156 403.0223176399
0.00000004290 3.91220944048 257.3912737684
0.00000004254 1.62798817507 328.2407190726
0.00000004307 4.56309542115 122.4758617607
0.00000004374 3.42742741782 323.5054166574
0.00000004254 3.62114251757 749.2098356561
0.00000004326 2.46450995798 422.6660376129
0.00000004193 3.82664074676 756.3233826569
0.00000004196 3.75281529760 221.8971151471
0.00000004188 5.43602058182 450.9772132642
0.00000004590 2.50743217001 767.3690829208
0.00000004383 3.97195747597 103.3534066495
0.00000005092 1.83697233633 376.9463742223
0.00000004132 1.46552725443 518.6452648307
0.00000004221 5.71365076183 40.5807161926
0.00000004161 3.08173290170 43.5496616092
0.00000004217 1.51515332931 124.5028511902
0.00000004570 0.27475223192 335.1418177523
0.00000004424 5.04632900852 101.8689339412
0.00000004462 4.10707023296 166.828672522
0.00000005595 2.82323309803 322.6116447801
0.00000004209 2.59829196504 271.61836777
0.00000004223 5.84608335181 332.1728723357
0.00000004130 5.90033316568 380.12776796
0.00000005655 0.58180438062 44.0921783304
0.00000004345 4.06258042881 49.6518166537
0.00000004767 4.96873316993 280.9671470045
0.00000005029 0.85996015450 189.1807054807
0.00000005167 3.49590720572 107.0249274817
0.00000004072 0.90732377696 319.5732633943
0.00000004979 1.20868922303 913.7508863177
0.00000004154 1.32035665964 170.1701249541
0.00000004195 5.10670456809 383.3091616977
0.00000004651 5.36764353188 827.9235874865
0.00000004391 5.26620078093 449.2802922348
0.00000004251 0.17351063134 248.7238180901
0.00000004303 2.59827089280 339.2864193365
0.00000005421 2.42482990878 49.5088043018
0.00000004372 5.90210524291 595.8745439528
0.00000004319 5.38446577684 610.1016379544
0.00000003871 1.71107021316 195.7729876197
0.00000004570 5.48308136143 25.0603459444
0.00000004417 3.95107732707 302.3772239761
0.00000004053 5.74857415364 121.8427223143
0.00000004480 5.83144216082 30.5987975117
0.00000004503 5.54195257014 223.4510238246
0.00000003991 1.28311117198 226.7924762567
0.00000003925 4.97969700029 136.0698163159
0.00000004783 2.94910756347 763.4369296577
0.00000004002 3.56106680884 1887.3055176757
0.00000003692 1.41758603082 219.5188705615
0.00000003641 1.43628154308 820.0592809603
0.00000003829 2.80943361629 331.2096644892
0.00000004228 6.06023136808 349.3689117539
0.00000004291 4.80060249860 463.5073862364
0.00000003577 3.51951033453 647.0108333148
0.00000004508 1.23637888737 275.5505210331
0.00000003813 0.29413995146 457.8783119439
0.00000004520 2.66865635036 21.1976286505
0.00000004808 5.17813277461 842.1506814881
0.00000003594 2.39944522659 757.8078553652
0.00000004076 1.44622169070 487.8864086246
0.00000003617 2.10676407474 310.9752436852
0.00000003497 0.21989673558 39.0962434843
0.00000004073 2.34392479937 303.8616966844
0.00000003713 4.67119374021 906.849787638
0.00000004431 1.66761109039 180.2738692309
0.00000003556 3.06018698393 501.3797894433
0.00000003866 0.39317068403 511.5317178299
0.00000003594 0.32134026487 705.1176573257
0.00000003846 6.01710266339 253.4591205053
0.00000003788 0.87966092565 909.8187330546
0.00000003919 2.25929240862 204.7010757289
0.00000004009 2.40455671219 1512.8068240082
0.00000003398 2.96372505035 547.8502123593
0.00000003348 1.29908274068 672.1406152284
0.00000003556 3.61703502565 1368.660252845
0.00000003799 1.16778290729 735.8765135318
0.00000003799 4.51126065072 328.3525936572
0.00000004017 1.13962547504 442.7517005706
0.00000003347 5.43291318939 10021.8372800994
0.00000003338 2.31470330186 89.9719004154
0.00000003390 2.85111866429 1050.7839104801
0.00000003929 0.50815651093 1317.5069171405
0.00000003279 6.13069875648 260.360219185
0.00000003275 3.69539670729 184.9879197867
0.00000003635 5.93838955300 342.2553647531
0.00000003470 4.38416040172 1067.9799498983
0.00000003246 4.22018785464 30.6894202369
0.00000004053 0.36617667414 229.0800981171
0.00000003189 1.16801935319 374.7111419886
0.00000003414 3.86440731923 25.6028626656
0.00000003217 0.12820891378 34.2008823747
0.00000003560 2.60404464111 781.5961769224
0.00000003415 2.81637195671 630.3360587584
0.00000003360 0.15525313851 370.0452755426
0.00000003190 4.54846044482 555.5544601911
0.00000003942 1.29262318233 728.762966531
0.00000003249 2.10483095182 683.9894646444
0.00000003292 1.11690233393 2424.1100297711
0.00000004018 4.06464228328 758.7710632117
0.00000003393 1.72164643720 291.1190753911
0.00000003177 0.19535441493 194.2885149114
0.00000003163 0.64155462640 348.8476468921
0.00000003506 1.64839531939 51.8870488874
0.00000003074 3.55945823491 216.4804891757
0.00000003400 4.67887517916 995.6460318858
0.00000003647 5.40830199356 290.2195580194
0.00000003048 1.14769098014 1303.2798231389
0.00000004227 1.64069494312 480.7728616238
0.00000003533 0.57957961089 332.8060117821
0.00000003015 3.89417585654 1053.7528558967
0.00000004080 0.80320966998 470.6903692064
0.00000003255 3.12460739752 113.8778420516
0.00000003737 0.36607689746 5983.9494557222
0.00000004072 3.51391687030 402.2191684878
0.00000003302 1.28184038619 532.1386456494
0.00000004089 5.55409021925 1264.816719101
0.00000002960 1.72708071261 15.4991183888
0.00000002896 4.37620553870 95.9792272178
0.00000003638 0.63261201547 601.5036182453
0.00000002872 4.41744820869 384.0599212231
0.00000002873 4.16082568297 192.8040422031
0.00000003359 4.95035468643 228.7982138268
0.00000003034 3.89748087769 696.5196376166
0.00000002831 4.73243294784 106.0135355254
0.00000002904 4.01411287559 90.2807169561
0.00000002802 1.37429211436 674.4282370888
0.00000002786 2.73392004399 594.9113361063
0.00000002784 1.57292650857 531.978586955
0.00000003407 5.90631625650 293.188503436
0.00000003627 3.21932712073 156.6767441354
0.00000003773 4.08447014502 358.0363674322
0.00000003186 4.09159297487 1440.9941708575
0.00000002758 1.23813964293 280.2163874791
0.00000003504 1.78948704996 9914.1591519418
0.00000003472 2.67146862670 296.7481496836
0.00000003442 3.60665744056 689.4060906158
0.00000002947 5.46192054865 818.574808252
0.00000003345 2.10061200490 1598.474064145
0.00000002830 1.34921944342 121.2520214833
0.00000002757 3.23219311957 417.0369633204
0.00000003390 4.67266294758 1471.0022675382
0.00000002855 5.71772374100 48.9181034708
0.00000002740 5.58500315091 395.9087706391
0.00000002998 5.17106934197 432.8179659995
0.00000002900 1.82862476718 298.2326223919
0.00000003474 5.73771635165 1065.6017053127
0.00000003348 2.15893228485 969.6224780949
0.00000002777 3.99928366015 32.7164096664
0.00000002898 6.21680044789 100.8051523582
0.00000003716 2.25787808273 668.2084619653
0.00000003001 3.17957379483 215.4379594521
0.00000002786 5.73888329772 350.3321196004
0.00000002748 3.42529326270 1065.0110044817
0.00000002951 4.98034050783 255.8373650909
0.00000002808 3.92417119747 104.0077979553
0.00000003108 6.28115439587 626.4039054953
0.00000002648 5.64217999071 745.277682393
0.00000002693 0.64719337286 12491.3701014155
0.00000003649 4.93104386608 469.7271613599
0.00000002881 3.68590589176 369.9758395734
0.00000002719 2.97795482524 188.0263011725
0.00000002837 0.47528515487 484.917463208
0.00000003591 0.47810594324 1062.3508756058
0.00000002768 6.23503099225 384.5811860849
0.00000003124 5.91112116900 384.2723695442
0.00000002896 1.09307446307 632.0329797878
0.00000002876 2.89367499074 6058.7310542895
0.00000002580 3.84884795844 461.1291416508
0.00000002805 2.02060190838 2111.6503133776
0.00000002562 6.21096468054 657.1627617014
0.00000002741 5.92551190768 548.4409131903
0.00000002864 2.93732003045 637.4496057592
0.00000002511 2.72212219874 1258.4539316256
0.00000002606 4.16927672027 390.2102603774
0.00000002522 4.54786028172 115.3623147599
0.00000002644 6.03426038864 525.2375469697
0.00000003075 2.01414173991 980.6681783588
0.00000002907 2.53866072765 620.253566341
0.00000002493 1.94336313048 916.9322800554
0.00000002474 4.49620359206 699.7010313543
0.00000002890 3.31566105811 361.3778198643
0.00000002663 1.46195985219 591.9423906897
0.00000002497 1.78580918376 628.8515860501
0.00000003001 3.83591213005 1812.5239191084
0.00000003222 0.65043581113 420.9691165835
0.00000002497 2.08712349497 108.982480942
0.00000002811 1.62447795577 604.4725636619
0.00000003182 2.56721794097 256.4280659219
0.00000002714 0.34980714047 833.552661779
0.00000002442 0.23526085974 765.8846102125
0.00000003142 4.57297454509 436.7501192626
0.00000002680 4.31504164134 9988.9407505091
0.00000002529 2.60083470938 2498.8916283384
0.00000002610 0.08192500265 159.7151255212
0.00000003280 5.51102642240 956.2891559706
0.00000002590 3.99630297144 391.1734682239
0.00000002409 5.18535928834 1228.4982245716
0.00000002438 5.72336756326 894.8408795276
0.00000002850 0.83031157343 947.5310775671
0.00000002345 2.77739119531 533.6231183577
0.00000002657 3.45458545922 623.2225117576
0.00000002353 5.45605657739 74.5691502462
0.00000002353 5.50653116579 74.9940468884
0.00000002792 4.78307547656 1288.4620283063
0.00000003121 2.37991695182 609.2078660771
0.00000002677 2.36907350580 241.6102710893
0.00000002390 1.94030205457 843.6351541964
0.00000002596 1.91979793854 595.7144852584
0.00000002308 0.01956189175 369.0820676961
0.00000002976 4.98106512922 80.4106728598
0.00000002378 2.81529995511 223.3815878554
0.00000002292 4.26962421467 546.956440482
0.00000003185 1.62941934430 582.3811631341
0.00000002664 5.08255284594 761.7400086283
0.00000002676 2.05300313239 409.9234163196
0.00000002562 0.42035638498 450.4559484024
0.00000002320 1.17670422596 246.9787129509
0.00000002416 3.72195483988 612.1768114937
0.00000002997 1.26526670860 370.5665404044
0.00000002330 6.08434326856 846.0828347512
0.00000002420 3.12157994295 252.6559713532
0.00000002679 1.61397900182 1336.4169239306
0.00000002893 0.56010064090 439.782755154
0.00000002718 1.31145316870 479.4002635001
0.00000002612 0.99380221309 3116.2676309979
0.00000002223 1.90165447185 53.5839699168
0.00000002352 1.36626479610 1239.5439248355
0.00000002224 3.45165547622 531.1754378029
0.00000002418 5.06040722485 346.3999663373
0.00000002255 5.81999066695 451.9404211107
0.00000002241 2.22997211668 6144.5583531207
0.00000002330 3.20850507386 821.5437536686
0.00000002648 3.95978520157 460.5384408198
0.00000002459 2.05612285306 634.4806603426