19.16518231584 3.91045677002 74.7815985673
0.44390465203 0.08884111329 149.5631971346
-0.16256125476 0.0 0.0
0.14755940186 1.85423280679 73.297125859
0.14123958128 2.82486076549 76.2660712756
0.06250078231 3.56960243857 1.4844727083
0.01542668264 2.55040539213 224.3447957019
0.01442356575 1.08004542712 148.0787244263
0.00938975501 0.09275714761 11.0457002639
0.00650331846 2.76142680222 63.7358983034
0.00657343120 5.28830704469 151.0476698429
0.00621326770 1.48795811387 77.7505439839
0.00541961958 3.24476486661 71.8126531507
0.00547472694 2.06037924573 85.8272988312
0.00459589120 2.33745536070 2.9689454166
0.00495936105 5.31205753740 529.6909650946
0.00387922853 4.62026923885 138.5174968707
0.00268363417 5.68085299020 213.299095438
0.00216239629 3.73800767580 38.1330356378
0.00144032475 0.75015700920 70.8494453042
0.00135290820 3.93970260616 78.7137518304
0.00119670613 2.53058783780 39.6175083461
0.00124868545 0.94315917319 111.4301614968
0.00111204860 3.55163219419 222.8603229936
0.00104507929 2.33345675603 146.594251718
0.00108584454 6.02234848388 35.1640902212
0.00063573747 5.01204967920 299.1263942692
0.00053289771 2.38437587876 3.9321532631
0.00063774261 2.15607602904 109.9456887885
0.00039218598 1.11841109252 4.4534181249
0.00034205426 0.92405922576 65.2203710117
0.00034334377 1.46696169843 225.8292684102
0.00034538316 0.27613780697 79.2350166922
0.00039256771 5.75956853703 202.2533951741
0.00026157754 3.74097610798 9.5612275556
0.00023427328 2.52740125551 145.6310438715
0.00022933138 3.94455540350 84.3428261229
0.00031816303 3.96860170484 152.5321425512
0.00025237176 4.45141413666 70.3281804424
0.00028372491 4.44714627097 184.7272873558
0.00026652859 4.53944395347 160.6088973985
0.00019666208 3.96350065335 74.6697239827
0.00019643845 0.71577796385 74.8934731519
0.00019838981 5.29113397354 12.5301729722
0.00021523908 4.93565132068 36.6485629295
0.00015537967 1.87863275460 52.6901980395
0.00020115100 3.45473780762 127.4717966068
0.00020051641 2.90386352937 22.0914005278
0.00019901477 6.11075402434 112.9146342051
0.00018126776 0.98478853787 33.6796175129
0.00015174962 1.31314034959 41.1019810544
0.00011239020 4.54508334011 71.6002048296
0.00013948849 4.70474945682 221.3758502853
0.00010819728 0.12807029856 77.962992305
0.00013589665 0.98313719930 87.3117715395
0.00011996772 5.66129275335 1059.3819301892
0.00012407787 4.64945783340 72.3339180125
0.00011531140 0.20190074645 77.2292791221
0.00008736150 3.39874828293 186.2117600641
0.00007093587 6.01613487245 297.6419215609
0.00006408245 3.93246367895 62.2514255951
0.00006261153 0.14258542752 153.4953503977
0.00007494000 4.82565771386 426.598190876
0.00007856014 1.12354254831 340.7708920448
0.00005516018 1.73758326119 140.001969579
0.00005556643 3.68095215063 145.1097790097
0.00005368405 2.55422957958 75.3028634291
0.00005350948 2.12171493922 74.2603337055
0.00004508794 5.82224064821 66.70484372
0.00004290374 5.54490766551 265.9892934775
0.00005013871 3.11907749268 18.1592472647
0.00004326138 5.70135056853 183.2428146475
0.00004750018 3.38678300054 73.8183907208
0.00004445347 5.00638490308 114.3991069134
0.00003314154 5.23054574329 82.8583534146
0.00004509054 1.31254342829 75.7448064138
0.00003553107 6.18906516846 5.9378908332
0.00003265634 5.23063560176 220.4126424388
0.00003575435 5.83994849224 137.0330241624
0.00002880734 1.19038424330 373.9079928365
0.00002885443 3.50279993038 7.1135470008
0.00002594155 4.93691413537 96.8729990951
0.00002559357 2.87184237678 80.1982245387
0.00002676616 1.61805362044 305.3461693927
0.00002246530 5.80081898763 108.4612160802
0.00002474483 2.21173751117 32.1951448046
0.00002060991 6.24178596384 56.6223513026
0.00001958711 4.80807045815 20.6069278195
0.00002227451 5.34765264557 80.7194894005
0.00001937874 0.49529839431 74.8297826771
0.00001937871 4.18462288684 74.7334144575
0.00002164382 0.47581392325 3.1813937377
0.00002138407 2.63817804331 74.5209661364
0.00002130909 2.04143912495 75.0422309982
0.00001787737 0.32096699926 2.4476805548
0.00002212861 0.61491281306 259.5088859231
0.00001889369 3.92852240171 300.6108669775
0.00002275258 1.55666401505 131.4039498699
0.00001925946 6.00527473515 159.1244246902
0.00001802494 4.16218259902 74.6215398729
0.00001796292 0.51761494342 74.9416572617
0.00002240648 0.47739127862 181.7583419392
0.00001924499 2.64284880495 206.1855484372
0.00001626134 3.70023731184 191.2076949102
0.00001860824 0.10445996392 42.5864537627
0.00002177437 2.80437422101 479.2883889155
0.00001896184 4.26975898003 14.977853527
0.00002045249 5.17400788104 835.0371344873
0.00001887812 2.75000237791 154.0166152595
0.00001794754 0.16290844853 227.3137411185
0.00001347410 3.89237011696 288.0806940053
0.00001572826 5.93367812903 219.891377577
0.00001424804 5.10004758033 92.940845832
0.00001267766 0.92771324396 404.5067903482
0.00001588897 4.15115668974 39.3568759152
0.00001269786 1.09685727529 142.4496501338
0.00001291065 5.67425699047 68.8437077341
0.00001436850 5.44312198350 522.5774180938
0.00001405564 2.04677392527 536.8045120954
0.00001416917 0.72597245494 235.3904959658
0.00001165315 0.51071041452 81.8951455681
0.00001035262 1.20639876458 5.4166259714
0.00001009454 0.45375065997 74.0308390419
0.00001220696 1.84988185963 211.8146227297
0.00000997784 4.22640788890 75.5323580927
0.00001222886 2.27306099902 187.6962327724
0.00001336792 3.74888989756 380.12776796
0.00001151803 0.46579056125 128.9562693151
0.00001149114 0.85101218281 296.1574488526
0.00001163762 5.51157783762 230.5645708254
0.00001192292 0.68084398426 99.1606209555
0.00001151286 4.01147735438 67.6680515665
0.00001189801 4.01778306134 50.4025761791
0.00001015998 1.00290501307 35.4247226521
0.00000923365 5.76874685766 54.1746707478
0.00000855559 4.49004561030 68.1893164283
0.00000911338 0.12254293382 149.45132255
0.00001174953 0.45683512473 110.2063212194
0.00000856856 6.21758865027 89.7594520943
0.00001051606 3.96907647535 14.0146456805
0.00000835264 5.34437105960 59.8037450403
0.00000909788 3.15839878322 149.6750717192
0.00000742857 2.49216613688 277.0349937414
0.00000973381 0.64028748776 218.4069048687
0.00000952790 1.24773830053 106.9767433719
0.00000891414 1.82007872482 23.5758732361
0.00000896763 0.51927845768 200.7689224658
0.00000662758 0.25796780548 81.3738807063
0.00000863768 3.46041862039 162.0933701068
0.00000623013 2.99649402595 51.2057253312
0.00000597805 1.07147770615 134.5853436076
0.00000766040 0.89351020566 68.5618234438
0.00000626173 0.14763136288 24.3790223882
0.00000661316 3.91236554284 8.0767548473
0.00000746242 2.79717552793 760.25553592
0.00000643424 5.98383236425 88.7962442478
0.00000703154 1.49852097954 203.7378678824
0.00000581277 0.83588836575 28.5718080822
0.00000528413 0.71044436153 146.3818033969
0.00000695636 4.49767435966 617.8058857862
0.00000604018 2.75780757245 195.1398481733
0.00000536175 1.52084605210 116.4260963429
0.00000560350 1.79729642400 69.3649725959
0.00000485627 5.77277696629 415.5524906121
0.00000587456 2.33741613601 152.0108776894
0.00000666586 4.63314190172 6.2197751235
0.00000505972 0.95984060933 157.6399519819
0.00000550782 5.85625308842 260.9933586314
0.00000588886 4.62064969642 258.0244132148
0.00000537829 5.54228018001 209.3669421749
0.00000445581 5.33271706288 329.7251917809
0.00000618901 4.52549231118 125.9873238985
0.00000513508 0.74576777970 351.8165923087
0.00000449585 2.60457386268 543.0242872189
0.00000488079 5.04403350813 73.4090004436
0.00000563065 3.08986059602 155.7829722581
0.00000435632 6.01152475622 1589.0728952838
0.00000537029 3.75711795413 81.0013736908
0.00000435630 2.19413803718 372.4235201282
0.00000472431 1.72063683793 180.2738692309
0.00000418634 0.40340567628 95.3885263868
0.00000514049 3.83742451002 115.8835796217
0.00000419613 6.21605224514 41.6444977756
0.00000390364 4.39316702257 152.7445908723
0.00000354100 5.26264151031 46.2097904851
0.00000369010 4.11078638826 144.1465711632
0.00000374623 1.90215093451 73.1852512744
0.00000426261 0.89836299897 141.4864422873
0.00000381449 3.63961245738 114.1384744825
0.00000317869 4.93937891025 33.1371007917
0.00000325976 2.61924421042 228.276948965
0.00000306708 2.91911612770 103.0927742186
0.00000354526 4.66410291093 214.7835681463
0.00000405556 2.67339819968 490.3340891794
0.00000405067 0.76651664121 255.0554677982
0.00000324278 4.97703425119 7.4223635415
0.00000313668 1.39418130536 419.4846438752
0.00000316354 3.43209926093 30.7106720963
0.00000287093 5.24491427364 45.5766510387
0.00000277004 4.21620590877 6.592282139
0.00000318464 0.45911675628 120.358249606
0.00000311815 0.79978809612 147.1155165798
0.00000337472 3.60594773618 150.5264049811
0.00000255714 6.18037150203 19.1224551112
0.00000246583 1.17774433989 554.0699874828
0.00000307606 4.06279403542 639.897286314
0.00000252403 5.01154358916 150.0844619964
0.00000230070 5.35619295971 60.7669528868
0.00000278047 5.88865683969 29.2049475286
0.00000306257 0.18368210739 6283.0758499914
0.00000302295 0.43076728879 984.6003316219
0.00000265211 1.11226453547 28.3111756513
0.00000227327 3.78561264808 120.9913890524
0.00000198785 3.18797196563 69.6737891366
0.00000222192 3.44393515493 47.6942631934
0.00000219949 5.18094249145 44.070926471
0.00000210545 3.35124491126 0.5212648618
0.00000227699 1.88879274658 216.9224321604
0.00000257536 0.30399822270 1289.9465010146
0.00000231681 2.78093325899 46.470422916
0.00000239720 6.19793297710 756.3233826569
0.00000214437 1.18016591525 189.1807054807
0.00000233297 2.18609372572 339.2864193365
0.00000210930 1.09786361796 316.3918696566
0.00000234130 3.14530755107 342.2553647531
0.00000175836 1.53408491826 57.255490749
0.00000167756 5.59398995995 30.0562807905
0.00000216757 0.90936155593 135.5485514541
0.00000173749 4.28628512648 681.5417840896
0.00000164586 0.70747217893 468.2426886516
0.00000203490 5.82940017414 148.5999892881
0.00000163450 1.53200906891 79.889407998
0.00000179581 5.36487860827 103.3534066495
0.00000159175 3.51044775078 17.5261078183
0.00000165292 5.36941198819 154.979823106
0.00000192957 5.12177898736 0.9632078465
0.00000185802 3.99560320824 73.88782669
0.00000185802 0.68379922776 75.6753704446
0.00000163127 0.33878389027 264.5048207692
0.00000187130 4.63207698177 149.0419322728
0.00000185821 5.76008843913 76.154196691
0.00000175560 4.41849512958 333.657345044
0.00000202867 0.92934842891 291.7040307277
0.00000157912 4.13655140282 82.2039621088
0.00000178492 0.39921147736 685.4739373527
0.00000137687 3.65255922607 448.6895914038
0.00000152639 2.03301679425 233.9060232575
0.00000154719 4.66548925160 294.6729761443
0.00000137993 0.49895867902 16.6747745564
0.00000161861 2.54166020189 105.4922706636
0.00000130404 4.56696904208 76.4785195967
0.00000128155 2.45134447197 156.1554792736
0.00000146437 3.06416525256 334.2904844904
0.00000176732 1.60845376428 10213.285546211
0.00000157530 1.02260224406 347.8844390456
0.00000120105 5.04807417968 130.4407420234
0.00000127914 5.91612723274 61.448276443
0.00000141971 4.67692245942 173.9422195228
0.00000116798 2.79975011606 692.5874843535
0.00000145866 4.72508344563 24.1183899573
0.00000140467 4.49862691968 286.596221297
0.00000121897 4.89621303002 79.4474650133
0.00000113904 5.19950219884 13.3333221243
0.00000143684 4.38416731946 628.8515860501
0.00000128986 3.45591214307 254.9435932136
0.00000135174 1.15418631167 171.6545976624
0.00000125769 3.85907526779 98.3574718034
0.00000105739 5.13563496088 66.9172920411
0.00000107892 0.10090598897 375.3924655448
0.00000128792 1.53820246543 155.5010879678
0.00000103751 0.09858727182 54.3347294422
0.00000136546 4.44396318920 909.8187330546
0.00000114357 4.80183924958 273.1028404783
0.00000098940 1.32720716375 27.0873353739
0.00000101658 0.35890468314 362.8622925726
0.00000096174 2.53649545857 258.8757464767
0.00000109802 5.86019231369 143.6253063014
0.00000106158 2.64028524201 302.0953396858
0.00000112226 3.46253936917 92.3077063856
0.00000113609 3.99798751814 632.7837393132
0.00000113987 2.05059638924 253.5709950899
0.00000109155 3.69281386772 55.6591434561
0.00000097687 1.51458618418 76.7873361374
0.00000093010 1.80257495113 93.9040536785
0.00000113624 1.22774403773 604.4725636619
0.00000099120 5.09958883998 149.3025647037
0.00000092794 1.47028932852 43.2890291783
0.00000089934 2.95642515081 149.6113812444
0.00000089774 3.13504594259 217.2312487011
0.00000090777 2.91730470316 267.4737661858
0.00000089603 1.04619916818 295.1942410061
0.00000110540 2.03204732442 19.643719973
0.00000089934 0.36256511993 149.5150130248
0.00000104928 4.71621888596 433.7117378768
0.00000097992 4.61313651767 1052.2683831884
0.00000087921 4.32670648553 74.1484591209
0.00000087921 0.35269595047 75.4147380137
0.00000086241 4.53063306110 76.42612997
0.00000116258 4.19923354698 1215.1649024473
0.00000112324 5.22657359082 228.7982138268
0.00000106862 1.56894230537 81.682697247
0.00000105689 5.90750871349 100.3844612329
0.00000082024 5.83270282365 82.6459050935
0.00000083480 2.97873123693 149.723255829
0.00000087612 4.09200889540 58.1068240109
0.00000098663 5.28681160540 88.1149206916
0.00000086521 5.77990029279 6.9010986797
0.00000107519 4.73121020405 1162.4747044078
0.00000080076 0.46711196257 73.1370671646
0.00000099120 4.50258673794 149.8238295655
0.00000076677 5.83936897150 73.5577582899
0.00000104152 3.12500840636 210.3301500214
0.00000075760 6.09966718025 218.9281697305
0.00000090975 0.83013329096 98.8999885246
0.00000074732 5.25299025162 5.1078094307
0.00000083480 0.34025903382 149.4031384402
0.00000084005 3.28553283014 370.9390474199
0.00000105110 1.09488557735 328.3525936572
0.00000074870 5.30985523542 119.5069163441
0.00000074569 4.55789803256 95.2284676924
0.00000074010 4.76626906432 189.7232222019
0.00000077135 0.02896321430 26.0235537909
0.00000090374 1.46851586145 17.2654753874
0.00000086483 1.70654125720 192.6921676185
0.00000069347 5.01480404732 16.04163511
0.00000078846 4.72561130487 262.4778313397
0.00000082091 1.66303062044 175.1660598002
0.00000070186 5.97826233723 820.0592809603
0.00000067869 2.38336846275 606.7601855223
0.00000077397 3.19409744954 310.1720945331
0.00000087004 1.62284282986 894.8408795276
0.00000065829 0.35938438379 73.9784494152
0.00000065829 4.32001805221 75.5847477194
0.00000078542 3.84154583566 50.66320861
0.00000077422 6.17876938790 70.0462961521
0.00000075104 3.21476153585 25.6028626656
0.00000073253 2.97393986372 178.7893965226
0.00000068853 2.39733676624 1066.49547719
0.00000085207 3.04618638130 173.6815870919
0.00000087752 5.06850205613 331.3215390738
0.00000080077 3.13117992910 16.4623262353
0.00000083450 4.82134683307 480.7728616238
0.00000070498 2.80104084260 76.3779458602
0.00000079920 3.87030192885 477.8039162072
0.00000078743 2.65459072812 15.4991183888
0.00000080994 0.84859852290 332.8060117821
0.00000075507 2.06743974265 67.0773507355
0.00000058964 1.82902730542 44.7253177768
0.00000070112 1.28299080418 167.7224443993
0.00000077992 1.70300103619 70.1157321213
0.00000077639 1.49248726131 71.1582618449
0.00000066387 6.24095505973 125.1841747464
0.00000059375 1.96681230683 403.0223176399
0.00000055252 2.87770649619 949.1756089698
0.00000054636 6.18572063318 71.8608372605
0.00000064315 6.09090612220 472.1748419147
0.00000052973 4.46113364221 831.1049812242
0.00000065857 4.49486698909 7.8643065262
0.00000053827 0.67127500874 67.3592350258
0.00000060264 4.31075800997 454.9093665273
0.00000053991 3.01146704045 148.8124376092
0.00000051867 4.77686720248 77.7023598741
0.00000070395 3.20554541979 78.4049352897
0.00000056126 2.54058148898 65.3804297061
0.00000066432 1.83612960996 846.0828347512
0.00000059491 6.08727466304 256.5399405065
0.00000061624 2.19426288431 290.2195580194
0.00000061333 5.64664423158 1364.7280995819
0.00000057149 0.50053166486 31.6526280834
0.00000055249 4.98968823058 74.4090915518
0.00000055249 5.97289951260 75.1541055828
0.00000053798 0.50648861767 13.4933808187
0.00000049301 5.39744243512 76.0054388447
0.00000067640 0.64240183724 278.5194664497
0.00000062225 2.60564950826 82.4858463991
0.00000049881 0.72603310338 91.4563731237
0.00000051406 1.10843247300 101.8689339412
0.00000052229 3.14515157585 184.9879197867
0.00000056294 0.03303123026 142.9709149956
0.00000048570 1.04696116864 48.9181034708
0.00000065078 2.28307091556 237.6781178262
0.00000061846 3.01358019450 61.2882177486
0.00000047590 2.58646137213 224.2329211173
0.00000048035 4.24298529357 43.1289704839
0.00000046688 3.14104089569 106.2741679563
0.00000057708 2.71180344965 303.8616966844
0.00000053190 4.73802617636 79.5169009825
0.00000045467 3.56475248959 69.1525242748
0.00000054456 5.91606185436 236.8749686741
0.00000054466 2.17820102905 74.1272072615
0.00000054466 2.50120140695 75.4359898731
0.00000057370 2.72607672194 486.4019359163
0.00000049209 5.59180020112 177.8743727859
0.00000047382 2.81281283006 14.2270940016
0.00000048903 5.20790489853 122.4758617607
0.00000043958 3.51862818809 57.5161231799
0.00000049065 0.32033940212 55.7710180407
0.00000052405 0.06300352006 58.7399634573
0.00000047603 2.13905443526 84.1827674285
0.00000059452 2.64459100980 117.36805233
0.00000042464 0.34761416357 150.31395666
0.00000042224 5.36565135834 31.492569389
0.00000056913 0.53808385027 25.0603459444
0.00000053599 6.09401185678 767.3690829208
0.00000045165 1.62137110390 167.0893049529
0.00000044202 4.50403074571 70.5888128733
0.00000055389 1.25826751876 365.0011565867
0.00000055355 2.74861110912 198.321241911
0.00000039625 1.62185662608 72.4939767069
0.00000042295 3.26980829888 232.4215505492
0.00000039728 2.20105143608 88.274979386
0.00000052918 5.55529236777 117.9105690512
0.00000037996 3.64573952570 154.6710065653
0.00000047398 5.61862934792 75.6329318292
0.00000047398 5.34395839526 73.9302653054
0.00000045095 5.09840444946 393.4610900843
0.00000041021 0.17537188201 78.9743842613
0.00000049970 3.55869944978 7.7042478318
0.00000042300 6.01494050164 22.633917249
0.00000037354 4.23058347236 49.7212526229
0.00000037062 4.20186306066 397.3932433474
0.00000047477 5.62213666350 224.4566702865
0.00000043525 3.17935260457 25.8634950965
0.00000040051 3.79235506158 306.830642101
0.00000047665 4.06141529894 73.0846775379
0.00000040170 2.45770060358 164.5410506616
0.00000037768 5.10288059528 91.2439248026
0.00000047287 1.81083449786 199.2844497575
0.00000035861 4.71491046915 136.0698163159
0.00000039296 4.64777796591 29.226199388
0.00000050065 2.94906045687 51.8870488874
0.00000047358 0.94380667353 836.5216071956
0.00000044940 2.63982634792 142.1408335931
0.00000046274 6.24438375030 833.552661779
0.00000043875 4.01578111231 57.1436161644
0.00000036388 2.84792168696 165.6048322446
0.00000040903 0.28712839168 411.620337349
0.00000037380 1.64167768184 180.1619946463
0.00000047176 4.61546936356 3340.6124266998
0.00000037167 4.49302460920 226.7924762567
0.00000035944 0.68720378876 184.0941479094
0.00000033709 3.11818030790 77.0692204277
0.00000033482 0.14623243725 227.5261894396
0.00000035019 4.74760141554 35.685355083
0.00000032558 5.73366744278 1.3725981237
0.00000034531 4.78443809928 132.8884225782
0.00000037298 4.64646918432 0.8031491521
0.00000036838 3.14836254781 215.4379594521
0.00000033520 5.76793055388 248.7238180901
0.00000037511 4.02111882433 94.4253185403
0.00000041562 2.19963752791 163.5778428151
0.00000034188 2.03037659091 335.7749571987
0.00000030713 4.33324653529 31.5407534988
0.00000037212 4.24423846684 93.7921790939
0.00000038967 5.47430356472 142.6620984549
0.00000030838 5.30049970793 90.8232336773
0.00000037309 5.79272926143 124.5028511902
0.00000036881 2.80082144083 75.3722993983
0.00000036881 1.87858099517 74.1908977363
0.00000029320 4.04523159344 745.277682393
0.00000039558 5.86592561925 58.6280888727
0.00000031552 3.77229684904 8.9068362498
0.00000032231 0.69404916107 80.4106728598
0.00000029341 4.80197600433 32.2433289144
0.00000039957 1.71495531420 1744.8558675419
0.00000029381 5.29197068465 530.6541729411
0.00000034894 3.35588948339 143.3434220111
0.00000034738 4.24812442276 42.5382696529
0.00000033579 2.35670120676 92.0470739547
0.00000029397 1.38889152740 958.576777831
0.00000029047 2.54832074149 114.9416236346
0.00000029867 3.73972221138 100.6450936638
0.00000028343 2.18824674553 528.7277572481
0.00000027969 0.61782090444 0.7507595254
0.00000034543 2.36055310688 326.8681209489
0.00000034957 0.34059593072 229.0800981171
0.00000026858 1.15133785291 55.1378785943
0.00000029985 4.74522232026 90.2807169561
0.00000032127 4.54419877632 48.7580447764
0.00000032003 3.49913714494 216.2680408546
0.00000028073 5.56516198967 123.5396433437
0.00000027051 1.46048880013 27.7204748203
0.00000027412 3.17327799326 221.1634019642
0.00000033594 2.01380545416 157.2674449664
0.00000037009 5.77608967408 4.7353024152
0.00000031328 2.07043626780 66.1835788582
0.00000027737 0.71377469191 141.6988906084
0.00000026861 3.33466740983 151.260118164
0.00000025516 0.94690360002 284.1485407422
0.00000029332 0.72314041835 8.5980197091
0.00000032143 3.34008688936 1033.3583763983
0.00000026982 2.84411833096 11.1575748485
0.00000034665 5.24249308046 367.9701020033
0.00000026014 4.66149750775 447.2051186955
0.00000033090 4.94655582915 54.2865453324
0.00000025835 3.54054842127 68.3011910129
0.00000024959 5.49903630568 275.5505210331
0.00000024051 0.02716967400 328.2407190726
0.00000026341 1.11426693133 40.1600250673
0.00000023755 6.10350487990 969.6224780949
0.00000025931 0.50543349829 3.6233367224
0.00000032528 0.20784726930 619.2903584945
0.00000025701 0.62652000537 75.8935642601
0.00000025701 4.05288243063 73.6696328745
0.00000028109 6.07343558644 10.9338256793
0.00000030666 1.81550555962 1140.38330388
0.00000025568 0.30969823578 58.319272332
0.00000029542 0.38908166418 565.1156877467
0.00000022965 0.17434191029 188.9200730498
0.00000024997 2.87330598675 2.2876218604
0.00000022892 6.08711153861 117.3198682202
0.00000030628 5.09784088338 90.9351082619
0.00000031484 1.73913654546 97.6761482472
0.00000027480 2.89233602186 25.2727942655
0.00000029792 5.55171985100 616.3214130779
0.00000022571 2.16687004586 70.6369969831
0.00000031058 1.43279206593 401.6497195162
0.00000028415 4.12348230751 405.9912630565
0.00000027161 4.09025835610 104.8378793578
0.00000022243 5.02281912723 85.9391734158
0.00000021822 3.86589404722 34.62157350
0.00000023957 3.62192659965 541.5398145106
0.00000023717 3.96570662024 45.5553991793
0.00000023243 1.06350780602 414.0680179038
0.00000024086 2.70821760397 170.1701249541
0.00000028861 0.64319686646 67.9286839974
0.00000022545 2.64769317985 162.8965192589
0.00000022291 0.79512014451 107.918699359
0.00000029192 1.84655840013 1439.5096981492
0.00000022861 1.72642949501 103.9865460959
0.00000021013 1.29008318671 81.2620061217
0.00000024367 4.94112415487 49.1787359017
0.00000023467 3.95998507699 107.4980082337
0.00000020957 2.51273700262 78.9262001515
0.00000025080 0.62990903054 92.4195809702
0.00000020122 5.07116177077 140.9651774255
0.00000027799 0.96209912473 369.4545747116
0.00000020414 3.43556230714 221.8971151471
0.00000020276 3.99181745831 43.2408450685
0.00000020094 6.08072379833 143.9341228421
0.00000023389 2.70050292963 52.1476813183
0.00000020822 3.66007416491 77.489911553
0.00000020822 1.01932827109 72.0732855816
0.00000019167 2.51195058548 9.4011688612
0.00000022130 3.28604969599 252.0865223816
0.00000019238 1.86487710128 144.8973306886
0.00000019379 1.50967733121 22.8945496799
0.00000021476 3.77193446657 104.0077979553
0.00000018640 1.24369440348 289.5651667136
0.00000022426 2.04135195791 37.8724032069
0.00000023788 5.93558688968 166.828672522
0.00000021707 2.83253969325 31.2319369581
0.00000022639 5.17912426997 248.4631856592
0.00000021539 5.04355745874 64.4866578288
0.00000018477 0.61233843943 381.0909758065
0.00000024739 4.02369602783 81.6345131372
0.00000018430 3.77934306901 379.1645601135
0.00000018049 2.34270181480 133.1008708993
0.00000020494 1.10086101935 147.9668498417
0.00000024959 3.08477269046 40.8413486235
0.00000020027 2.84908153496 156.6767441354
0.00000021566 5.83658853708 225.3080035484
0.00000017391 2.86052058946 72.7758609972
0.00000017620 5.07184757883 303.0585475323
0.00000021389 4.38799405242 232.0490435337
0.00000019107 5.96319659112 17.6379824029
0.00000019829 0.44940833294 531.978586955
0.00000023483 3.29343789705 19.0105805266
0.00000016980 3.51859662271 75.2391729543
0.00000016980 1.16080581329 74.3240241803
0.00000022320 5.66281470091 10.0824924174
0.00000020030 0.25164752666 14.5571624017
0.00000016607 1.47546084960 241.6102710893
0.00000016233 3.90399450150 312.4597163935
0.00000018599 4.26067496372 148.1905990109
0.00000016025 0.04481028972 2118.7638603784
0.00000021037 4.42353418044 624.919432787
0.00000021300 6.02101806289 95.2766518022
0.00000021612 4.01322800375 758.7710632117
0.00000020855 3.17986464297 331.2096644892
0.00000018484 1.63013404137 905.8865797915
0.00000017265 0.34376874392 20.4468691251
0.00000021485 5.60817683212 1670.0742689746
0.00000019349 2.53812164115 363.5166838784
0.00000021183 2.76279313413 129.9194771616
0.00000019142 1.99614767689 408.4389436113
0.00000017881 0.09108273346 190.665178189
0.00000016009 0.73172853687 75.6116799698
0.00000016009 3.94767389914 73.9515171648
0.00000018321 5.20071762389 106.0135355254
0.00000019988 4.01527692746 376.1956146969
0.00000015304 5.22150274374 216.4804891757
0.00000018460 1.62901612902 135.336103133
0.00000014946 4.73172529633 73.3453099688
0.00000014946 3.08926979326 76.2178871658
0.00000014909 0.56277089992 742.9900605326
0.00000014826 5.27106391752 63.847772888
0.00000014632 3.70605916082 610.6923387854
0.00000014573 5.69303672241 76.3142553854
0.00000014573 2.12795836718 73.2489417492
0.00000014515 6.13046180828 63.6240237188
0.00000015630 5.62865286872 515.463871093
0.00000018651 0.33014377517 107.0249274817
0.00000015824 1.02280522095 194.2885149114
0.00000014109 6.15042431458 535.9107402181
0.00000019143 4.20856207695 154.2984995498
0.00000017350 4.77489944031 378.6432952517
0.00000017090 5.84373455865 85.0765393058
0.00000014625 4.19513189563 735.8765135318
0.00000017407 2.05882445866 550.1378342197
0.00000013418 2.06565331098 69.7856637212
0.00000013545 2.20526550754 280.9671470045
0.00000016062 0.95601300237 76.5267037065
0.00000016062 0.58179678004 73.0364934281
0.00000015772 3.90429897443 193.655375465
0.00000015368 3.62887419403 60.5545045657
0.00000013843 2.80861571550 199.0720014364
0.00000013244 3.08157777565 501.3797894433
0.00000013094 2.58882404011 12.0089081104
0.00000015317 2.17090544987 134.0640787458
0.00000015934 2.11466320925 703.6331846174
0.00000013153 1.19799339989 224.8660605637
0.00000012895 5.70317715970 883.7951792637
0.00000016329 5.52724127720 176.6505325085
0.00000014158 5.60862153409 147.5574595645
0.00000014094 6.17561270564 39.0962434843
0.00000012513 1.91122287401 195.7729876197
0.00000013295 2.36096395500 322.6116447801
0.00000013527 4.74412448417 73.4571845534
0.00000013527 3.07687060542 76.1060125812
0.00000016854 3.46771636802 853.196381752
0.00000013958 4.48591449080 60.112561581
0.00000016443 2.74987558168 83.3796182764
0.00000012655 3.47988510950 749.2098356561
0.00000016510 3.74296742734 121.8427223143
0.00000015009 4.62009274232 323.5054166574
0.00000016814 4.41075674576 336.8387387817
0.00000012292 2.75806341567 79.7775334134
0.00000016510 5.52233148572 285.1117485887
0.00000015553 2.92654153303 64.6991061499
0.00000012189 2.65532986668 842.1506814881
0.00000016677 5.76088073458 381.6122406683
0.00000011943 0.42213661289 59.2824801785
0.00000013363 4.43976529562 172.1971143836
0.00000016588 1.61054621410 438.2982824457
0.00000011847 1.60289765228 417.0369633204
0.00000014834 0.90690489444 115.3623147599
0.00000013008 2.89351174908 1097.0942747017
0.00000015159 4.93130097290 118.0706277456
0.00000014519 0.73690474458 1819.6374661092
0.00000011811 3.34660929802 34.5309507748
0.00000013353 3.47302692091 288.7350853111
0.00000012331 2.92269904453 83.6884348171
0.00000011578 0.67710449732 65.3322455963
0.00000012173 0.17117716363 44.0921783304
0.00000011367 2.45902849811 59.5912967192
0.00000011935 1.38104691130 256.4280659219
0.00000011301 4.33131047313 164.1203595363
0.00000011090 2.16461595995 55.8715917772
0.00000014191 1.71094245264 124.2904028691
0.00000014583 1.19984511600 406.1031376411
0.00000010768 1.68225273790 466.7582159433
0.00000014342 5.38282831087 404.6186649328
0.00000014813 2.99911907613 47.061123747
0.00000012785 0.10611241376 205.2223405907
0.00000010863 1.57144632008 229.7614216733
0.00000010621 0.35908343988 11.848849416
0.00000010749 1.01461165684 151.850818995
0.00000011670 4.42259077763 308.6876218248
0.00000010623 1.71988698919 263.0203480609
0.00000014228 1.61253324116 84.8640909847
0.00000012571 0.54413812047 113.8778420516
0.00000010562 1.47699734752 1108.1399749656
0.00000012234 1.57689217779 118.8737768977
0.00000010485 5.82765239186 105.380396079
0.00000010472 0.27867447645 49.5088043018
0.00000012612 3.14058189465 353.301065017
0.00000012785 2.00022068392 757.8078553652
0.00000011539 5.68756950373 75.3510475389
0.00000011539 5.27501823945 74.2121495957
0.00000012272 5.06355303230 1171.875873269
0.00000010737 2.71181422069 552.5855147745
0.00000012562 4.92895921367 109.3125493421
0.00000011375 3.81808860702 546.956440482
0.00000011684 1.21377406309 180.7951340927
0.00000010812 0.46430555571 89.0086925689
0.00000010379 5.51583359102 422.6660376129
0.00000010443 0.81812110978 361.3778198643
0.00000011051 5.41716692141 544.5087599272
0.00000009781 4.00229890423 84.2309515383
0.00000010654 3.65009209614 263.962304048
0.00000011318 5.77251608576 43.5496616092
0.00000010734 0.19349032271 89.4506355536
0.00000010593 2.48672884196 71.7007785661
0.00000011184 2.96936696687 150.3663462867
0.00000010242 4.17472240690 177.3049238143
0.00000009899 0.22320056950 207.8824694666
0.00000009406 5.72421215324 69.3125829692
0.00000009406 5.23837558994 80.2506141654
0.00000010031 2.07665198858 63.9965307343
0.00000010094 5.87961753510 69.9556734269
0.00000010841 5.97074169778 483.2205421786
0.00000011965 0.93110019198 754.8389099486
0.00000009710 1.20269401520 217.4436970222
0.00000012674 3.40700922514 337.8019466282
0.00000010157 1.92635976166 543.9180590962
0.00000009823 5.16832300250 153.186533857
0.00000010267 5.20465459401 680.0573113813
0.00000011562 5.23123134702 827.9235874865
0.00000010929 3.11765296554 318.679491517
0.00000010742 2.74602550756 400.1652468079
0.00000009954 5.11935965746 79.6075237077
0.00000010258 2.86914578171 443.8636662634
0.00000008816 2.93689960538 210.1177017003
0.00000011193 1.53824976312 112.6540017742
0.00000010112 4.81465770550 196.6243208816
0.00000008787 1.47803031887 532.8723588323
0.00000010923 2.19640641448 525.7588118315
0.00000011236 3.60322881200 679.2541622292
0.00000010740 1.63089656531 210.8514148832
0.00000009957 3.27690670045 95.9792272178
0.00000010391 4.28740979080 30.5987975117
0.00000011035 5.05306501350 204.7010757289
0.00000010257 4.72952295598 30.6894202369
0.00000009597 4.87795279417 292.0128472684
0.00000008297 1.38743135300 674.4282370888
0.00000009433 2.11672031795 670.4960838257
0.00000009226 5.25948012740 73.8665748306
0.00000009226 5.70310761578 75.696622304
0.00000008939 3.07673404041 89.5993933999
0.00000010252 5.26641498581 533.6231183577
0.00000009330 6.27464135739 52.8020726241
0.00000009204 2.03165690946 223.3815878554
0.00000008087 0.84671801172 1022.3126761344
0.00000008044 0.83166336147 77.1174045375
0.00000008044 3.84773907453 72.4457925971
0.00000009956 3.13550139505 366.485629295
0.00000007894 2.51479045228 93.6916053574
0.00000009501 3.98117068682 156.4642958143
0.00000009347 0.34595654844 156.9855606761
0.00000008617 2.59732031386 85.5666664003
0.00000008401 2.71464714030 329.8370663655
0.00000007936 2.06795339406 108.982480942
0.00000008607 4.69707918551 62.9327491513
0.00000008920 0.85529826739 118.0224436358
0.00000007747 4.85251993051 208.8456773131
0.00000007543 3.14113560246 77.016830801
0.00000007543 4.67985948713 72.5463663336
0.00000008486 3.16231049397 77.8624185685
0.00000007930 5.13848606814 230.9370778409
0.00000007488 2.09615005282 89.9719004154
0.00000008340 3.52186355299 37.1698277913
0.00000007543 2.16991727809 74.0478853844
0.00000007543 5.65107781150 75.5153117502
0.00000009123 1.47378498626 683.9894646444
0.00000008473 3.11905002019 71.0095039986
0.00000008473 1.56035241581 78.553693136
0.00000007467 5.76311218462 1265.5674786264
0.00000008637 4.56259611109 253.4591205053
0.00000007881 2.82918869641 437.6438911399
0.00000007840 3.43391206110 1044.4040766622
0.00000007312 0.20999433254 369.0820676961
0.00000009186 1.99613458826 100.8051523582
0.00000007227 5.27786714168 131.9252147317
0.00000007647 0.27276712122 148.6694252573
0.00000007557 4.05945243031 1478.8665740644
0.00000007291 6.14568466592 526.5095713569
0.00000007673 3.99246895228 241.8709035202
0.00000008239 2.52689364089 115.6229471908
0.00000008505 3.92674400530 20.4950532349
0.00000008732 3.10661058228 36.9091953604
0.00000007446 2.33199789594 212.3358875915
0.00000008904 1.84053282944 59.9638037347
0.00000007573 5.75740358074 214.2623032845
0.00000007003 5.60751778626 144.4553877039
0.00000008055 1.54563741873 175.4266922311
0.00000007930 3.93554290215 140.6563608848
0.00000007954 4.06223295515 86.7905066777
0.00000006971 1.96112655679 130.552616608
0.00000007835 3.64665015583 325.3836482406
0.00000007607 5.47726914934 409.0720830577
0.00000007074 5.74851895878 350.3321196004
0.00000008543 4.21577343156 304.1223291153
0.00000007388 2.81311142997 33.0252262071
0.00000006809 1.02610659483 561.1835344836
0.00000009209 1.79255399765 474.9468453752
0.00000007310 0.91958252559 21.1494445407
0.00000007536 1.59048100371 425.1137181677
0.00000006559 2.37613579061 129.1163280095
0.00000006623 2.99305112717 44.6134431922
0.00000006791 5.66453776650 41.7563723602
0.00000006957 3.22863530078 753.1419889192
0.00000006851 2.70895202823 301.4140161296
0.00000008444 4.00381650923 344.7030453079
0.00000008617 3.14518586851 150.4569690119
0.00000008448 4.10192395818 249.9476583675
0.00000007676 4.83442648042 60.2244361656
0.00000008927 0.03475451069 749.5823426716
0.00000007702 0.93795377619 237.4174853953
0.00000007174 5.62425988881 445.7206459872
0.00000008136 2.59047898473 927.9779803193
0.00000007105 0.97447995190 6456.8800576977
0.00000007753 4.97931501017 259.769518354
0.00000007998 3.33317303740 403.1341922245
0.00000008396 5.65756277879 514.7131115676
0.00000007098 5.09584039611 1692.1656695024
0.00000007507 1.58185957582 298.2326223919
0.00000006716 3.41190297117 810.6581120991
0.00000006636 2.29732416607 497.4476361802
0.00000008204 6.11947201971 763.4369296577
0.00000007310 4.44939190727 188.6594406189
0.00000006185 3.32365881402 401.5378449316
0.00000006266 3.00305385805 14.8177948326
0.00000006736 5.90647943809 271.61836777
0.00000007863 3.74840739322 688.6553310904
0.00000006028 1.86770236481 1375.7737998458
0.00000007626 5.84248316757 21.9795259432
0.00000006593 0.92513779202 230.8252032563
0.00000007097 0.55476052949 62.7726904569
0.00000006285 2.50242046736 262.0571402144
0.00000007294 5.22341373335 139.4807047172
0.00000007446 0.25886416117 396.5419100855
0.00000006091 1.01124713854 112.3933693433
0.00000008032 0.83846257555 223.8235308401
0.00000005742 4.76669456538 20202.22629672009
0.00000007250 5.71919114487 1065.6017053127
0.00000006665 2.98305275448 436.8138097374
0.00000007231 5.43466319964 267.2131337549
0.00000006949 3.01532739453 197.7999770492
0.00000006362 2.10485537221 33.9402499438
0.00000006445 5.63279998806 332.1728723357
0.00000006782 4.04466074508 647.0108333148
0.00000005915 3.81845923426 87.0511391086
0.00000005915 0.86094320174 62.512058026
0.00000005541 2.05931234771 21.1976286505
0.00000006293 2.98872336268 178.1350052168
0.00000006922 3.28593901075 407.5876103494
0.00000005625 0.99982812641 42.0651889009
0.00000005495 0.83010161211 158.9643659958
0.00000005484 2.05186117586 293.7097682978
0.00000006460 4.13915581935 956.2891559706
0.00000005543 5.96744481273 188.2387494936
0.00000006364 3.80553369638 809.0135806964
0.00000005577 4.10482519606 168.6856522458
0.00000006551 0.83934641149 1514.2912967165
0.00000007077 5.51744981315 441.2672278623
0.00000006689 5.42351008501 170.7126416753
0.00000006276 4.68795182405 96.7611245105
0.00000007570 1.01180557606 358.9301393095
0.00000005509 4.78231890598 1235.6117715724
0.00000006352 3.79204185042 369.9758395734
0.00000005383 6.27032111126 817.7716590999
0.00000005492 0.69694956792 89.338760969
0.00000005488 2.09536181568 136.2298750103
0.00000006116 2.19989108028 252.6559713532
0.00000005209 0.50325710014 354.9979860464
0.00000006649 3.14952088065 5994.9951559861
0.00000006243 0.48442739628 86.6304479833
0.00000005460 5.86544531140 27.7417266797
0.00000006432 3.35626050583 524.2743391232
0.00000006045 2.75503960638 181.0557665236
0.00000007138 3.09631574158 2199.7652340692
0.00000005574 6.17476595947 358.4088744477
0.00000005121 1.19398299131 823.9914342234
0.00000005631 2.90023214886 67.8804998876
0.00000005479 2.12392901319 229.340730548
0.00000005296 1.73996111678 65.8747623175
0.00000004956 2.57399481330 450.1740641121
0.00000005382 5.25698246848 269.9214467406
0.00000004899 1.18975478010 123.0183784819
0.00000005115 4.35560444308 691.1030116452
0.00000006347 4.93421901844 300.8927512678
0.00000005407 2.11877006223 147.9186657319
0.00000005610 4.82031208158 164.3809919672
0.00000005903 3.13251711248 1595.2926704073
0.00000006409 4.61295823604 9925.2048522057
0.00000005054 1.52779715235 343.7398374614
0.00000005898 1.17168914170 711.4493070338
0.00000005830 4.81800930195 215.7467759928
0.00000005465 4.18395388726 49.6518166537
0.00000004962 1.68095727826 40.2506477925
0.00000006619 5.58001607792 104.5772469269
0.00000006198 4.10613906306 29.7474642498
0.00000006038 4.79649123590 1581.959348283
0.00000005637 4.27082303931 461.1291416508
0.00000005966 6.21670107028 475.3562356524
0.00000004734 3.12449796048 1246.6574718363
0.00000005562 1.99066275349 97.4155158163
0.00000005517 0.15734159045 85.7154242466
0.00000005675 3.90753165469 373.0142209592
0.00000005678 2.45575163692 1291.4309737229
0.00000005473 1.31181892044 118.8525250383
0.00000005562 4.75165226491 469.7271613599
0.00000004792 3.51144392647 257.3912737684
0.00000005402 4.88902304378 170.0100662597
0.00000004598 2.05332533302 155.1922714271
0.00000006214 1.35052411760 442.7517005706
0.00000005988 0.50320541583 194.1766403268
0.00000006196 3.32366686883 612.1768114937
0.00000004509 2.39066728384 106.4342266507
0.00000004989 3.48472287325 53.653405886
0.00000006128 1.41218645179 1288.4620283063
0.00000004508 5.33731589869 240.3864308119
0.00000006167 2.29263489637 206.706813299
0.00000004598 1.27745263577 224.084163271
0.00000004907 1.07886754186 470.6903692064
0.00000005173 4.14114765790 635.9651330509
0.00000004359 3.91866659735 294.3004691288
0.00000004518 5.13302342435 529.851023789
0.00000004648 3.41738055483 191.3195694948
0.00000004527 4.89681935281 100.0543928328
0.00000004675 0.74793286059 818.574808252
0.00000004894 4.91824021653 127.5836711914
0.00000004503 2.34824315382 529.5309064002
0.00000005755 3.47614160575 896.3253522359
0.00000005038 2.04655318056 346.3999663373
0.00000005109 5.61003161097 44.9859502077
0.00000005415 1.93853282815 193.9160078959
0.00000004870 3.01914083748 1072.7152523135
0.00000004502 5.84898608016 523.4711899711
0.00000005508 4.72051414998 487.8864086246
0.00000005946 4.65667500042 457.1969883877
0.00000004672 2.79859052481 178.677521938
0.00000004318 0.99378487572 1578.0271950199
0.00000005743 3.56115198872 246.4361962297
0.00000005256 0.82645339083 453.424893819
0.00000005380 3.43490881372 444.2361732789
0.00000005597 0.78287898333 771.1042942278
0.00000004689 4.33230942667 213.9534867438
0.00000005661 0.85799990392 315.1680293792
0.00000004910 4.65280709692 1019.7644218431
0.00000004836 2.67069000347 555.5544601911
0.00000005667 5.10831237910 476.3194434989
0.00000004814 4.45560046617 3041.4860324306
0.00000004196 5.83265732730 181.6464673546
0.00000005081 5.50274003196 223.4510238246
0.00000004119 2.13510129984 2120.2483330867
0.00000004381 3.00238354556 192.8040422031
0.00000004915 5.97704604569 280.003939158
0.00000004692 0.21351515154 335.1418177523
0.00000004739 2.65624104210 25788.776747305
0.00000004505 0.42320594676 158.7519176747
0.00000005697 2.84928936803 772.5887669361
0.00000005524 4.68675383722 491.8185618877
0.00000004207 0.70498638267 1158.5425511447
0.00000004302 2.50410696302 99.8419445117
0.00000004499 1.69054737728 227.5956254088
0.00000004986 0.94681765821 683.0262567979
0.00000005388 0.76342177995 236.5024616586
0.00000005239 3.48835357503 236.1936451179
0.00000005420 3.85541340494 196.8367692027
0.00000003985 1.74985561339 765.8846102125
0.00000005017 2.82902794302 305.6068018236
0.00000005549 2.55013138496 296.7481496836
0.00000003959 3.93854751155 150.9357952583
0.00000003964 5.16439207994 898.7730327907
0.00000004546 0.76152857132 44.1828010556
0.00000004191 1.28952699952 305.4580439773
0.00000003906 1.61614597487 36.1754821775
0.00000004353 6.26093399379 1360.7959463188
0.00000003887 5.52990086078 1020.025054274
0.00000003999 5.39158640547 55.8192021505
0.00000003999 5.57100133771 93.7439949841
0.00000004086 2.82476260110 168.5737776612
0.00000004059 3.71867492753 605.275712814
0.00000004152 2.40430598219 957.0923051227
0.00000004052 3.22108869762 527.2432845398
0.00000004621 4.84012764065 887.7273325268
0.00000003988 4.88917159380 838.218528225
0.00000004087 3.31579342541 770.3380283374
0.00000003954 2.90730336124 383.3091616977
0.00000003919 5.97203131124 325.9530972122
0.00000003864 4.39331560943 661.0949149645
0.00000003829 0.14712587806 627.3671133418
0.00000004658 1.00953022027 621.7380390493
0.00000004055 5.20456503366 139.1718881765
0.00000004774 3.44138717156 379.0158022672
0.00000003836 5.86821877824 980.6681783588
0.00000004300 5.49265158827 302.637856407
0.00000003731 2.11144668658 138.4056222861
0.00000004472 3.91234474083 302.3772239761
0.00000004415 3.74731379047 484.917463208
0.00000003879 3.47723723889 525.4981794006
0.00000004584 2.02399047239 30.1681553751
0.00000004326 6.02567448655 1325.3712236667
0.00000004430 2.72703097214 781.5961769224
0.00000003918 3.85941866753 367.8582274187
0.00000003721 0.89189960470 1474.9344208013
0.00000004770 2.09028108448 589.3459522886
0.00000005123 0.20460862447 786.2309056011
0.00000003737 4.07017660543 909.9306076392
0.00000004851 2.61214772786 893.3564068193
0.00000003662 1.79348143509 137.5542890242
0.00000004682 4.98128078945 374.7111419886
0.00000004268 4.11953895138 847.5673074595
0.00000003781 1.78800192594 1041.2226829245
0.00000004629 5.06095468669 324.7292569348
0.00000003764 3.93531242815 68.631259413
0.00000003764 3.88568266144 80.9319377216
0.00000004074 5.32356906771 121.2520214833
0.00000003647 0.37271083980 154.5591319807
0.00000004248 1.59557710453 291.1190753911
0.00000003625 5.03930311956 243.0947437976
0.00000004702 4.20458650202 292.8159964205
0.00000003671 2.67932521049 699.7010313543
0.00000004647 4.59791942784 700.7761137854
0.00000004582 4.27719752642 119.3950417595
0.00000003607 2.92960383588 812.9457339595
0.00000004176 4.53729438891 305.2342948081
0.00000004107 3.02040976577 1169.3276189777
0.00000004274 5.55202962588 310.9752436852
0.00000004644 4.88019478247 636.6677084665
0.00000004216 1.83174409680 473.659314623
0.00000003589 4.99117677975 1340.3490771937
0.00000004183 4.66392569183 1574.8458012822
0.00000004020 4.11186979424 356.9244017394
0.00000004670 1.56528512709 695.0351649083
0.00000003973 3.86247061466 523.7530742614
0.00000004284 5.48575256159 686.958410061
0.00000004097 1.83593259138 6137.4448061199
0.00000004758 1.54259600301 901.9544265284
0.00000004866 0.38498763434 822.8794685306
0.00000003661 1.38674719917 320.1639642253
0.00000004418 6.09138093441 658.6472344097
0.00000003744 0.23704621175 1254.5217783625
0.00000004110 0.50850463101 511.5317178299
0.00000003432 4.78365888244 694.0719570618
0.00000003863 5.74425607755 48.2367799146
0.00000003837 1.38885578297 761.7400086283
0.00000004432 5.42306462039 1685.0521225016
0.00000003835 0.13280488709 313.42292424
0.00000004779 2.94544355989 16.6110840816
0.00000003364 5.63413232593 1049.8207026336
0.00000004033 3.10416870974 548.6533615114
0.00000003551 5.33275323151 1385.174968707
0.00000004361 4.27096901239 1031.87390369
0.00000003751 0.56092257594 1282.8329540138
0.00000004206 0.51867441574 435.1962105851
0.00000003373 5.55803472661 213.2509113282
0.00000003370 2.47113963572 213.3472795478
0.00000004133 2.69309010868 26087.9031415742
0.00000004643 5.10102532835 6170.1612157863
0.00000003760 5.29873313532 314.9073969483
0.00000003474 1.81599961423 182.6096752011
0.00000003898 4.83910213339 1056.4129847726
0.00000003948 3.45809672503 270.1820791715
0.00000004025 6.22179651521 432.2272651685
0.00000003592 4.53264605132 250.6020496733
0.00000003866 3.25864749062 10067.6545023395
0.00000003972 4.86850120198 185.5786206177
0.00000003287 5.02792890637 321.7603115182
0.00000004589 6.17659620498 25483.43057791229
0.00000004308 1.72886095548 516.0488264296
0.00000003824 4.86838182782 6129.5804995937
0.00000003914 1.59286207365 254.0922599517
0.00000004276 5.28912748249 1034.8428491066
0.00000004580 1.69358758590 2736.1398630379
0.00000003932 5.67503368913 16.1535096946
0.00000004157 4.37604672561 771.3012361839
0.00000003357 5.26599059550 1182.9215735329
0.00000003802 0.31702655607 498.4108440267
0.00000004524 2.81439668092 526.9826521089
0.00000004197 0.13935063439 630.3360587584
0.00000003980 0.47806410404 433.190473015
0.00000003885 5.95792292094 442.639825986
0.00000003519 1.85756489257 613.8737325231
0.00000003513 2.88278756465 188.0263011725
0.00000003436 2.22930515523 517.4214245533
0.00000004478 3.59865678356 439.782755154
0.00000003214 1.04950977043 412.3710968744
0.00000003180 4.31533563775 280.2163874791
0.00000003268 2.43000508529 59.0005958882
0.00000003917 3.58109182364 487.1045113319
0.00000003161 0.04314663008 2002.9808544932
0.00000004307 3.08432026736 269.0701134787
0.00000003534 4.93365648849 78039.36462902068
0.00000003334 5.87424656754 409.9234163196
0.00000003534 1.66332277497 293.188503436
0.00000003178 4.19263695155 1886.5547581503
0.00000003527 4.44257226642 625.6701923124
0.00000004221 3.28486189404 102.5020733876
0.00000003880 6.15502337563 395.0574373772
0.00000003252 5.49171969627 1016.0929010109
0.00000003211 3.96787240218 151.5689347047
0.00000003204 5.65877015739 1134.1635287565
0.00000003516 2.35584399507 470.4934272503
0.00000003122 2.68340120582 1596.1864422846
0.00000003360 6.04785619263 391.976617376
0.00000004375 0.24053416584 10100.3709120059
0.00000003602 1.87398401659 450.7165808333
0.00000003390 3.82992900330 5909.1678571549
0.00000003129 5.68080322000 367.5975949878
0.00000003895 5.38443342197 908.3342603463
0.00000003088 2.91502414964 828.8173593638
0.00000004286 2.93382005841 502.8642621516
0.00000003547 5.90190558732 38.6061163898
0.00000003069 2.00421290803 53.3233374859
0.00000003066 3.18232490188 978.9712573294
0.00000003876 5.24050330423 757.2865905034
0.00000003602 0.00785737841 10059.7901958133
0.00000003701 3.32793381044 669.0116111174
0.00000003492 3.18924557683 473.4623726669
0.00000003277 5.58265745425 302.8984888379
0.00000003972 0.62147303592 980.146913497
0.00000003045 0.45901625314 1190.7858800591
0.00000003556 1.72055863101 366.1131222795
0.00000003047 2.13930792847 74.5691502462
0.00000003047 5.68168716112 74.9940468884
0.00000003604 3.76279864957 362.0322111701
0.00000003631 3.48017920050 2175.386211681
0.00000004281 6.17088765144 469.1364605289
0.00000004032 2.53505702317 243.3553762285
0.00000003319 5.00194008223 102.523325247
0.00000003678 2.04259335984 798.3885715578
0.00000003020 1.70332824071 643.8294395771
0.00000003542 1.77314432935 376.9463742223
0.00000004108 3.83404968637 488.8496164711
0.00000003154 5.49016454601 6533.1461289733
0.00000003365 4.21348165403 1372.6447957348
0.00000003450 0.04029729019 1205.9761819072
0.00000002993 5.76942655237 182.279606801
0.00000003359 6.11527569072 576.1613880106
0.00000002999 2.15375666291 309.2783226558
0.00000003108 3.36297518119 759.2923280735
0.00000004142 0.48490269718 614.8369403696
0.00000004137 1.16115371523 436.1594184316
0.00000003894 3.31652794041 1894.4190646765
0.00000004107 4.13508560420 549.7284439425
0.00000002976 4.40870494577 1095.6098019934
0.00000003429 2.03603945431 244.791664827
0.00000003551 4.79004764777 261.9565664779
0.00000003571 1.73924705151 245.5424243524
0.00000004116 0.91321363317 195.4004806042
0.00000003764 2.15920959028 751.0668153799
0.00000004087 5.51343159668 6663.2036179514
0.00000002940 0.97064608288 380.8785274854
0.00000002922 5.32735300987 94.7553869404
0.00000002922 5.63523473331 54.8078101942
0.00000002944 3.31043387588 1257.7031721002
0.00000003189 5.25244551844 9839.3775533745
0.00000003792 1.83880598690 1147.4968508808
0.00000002928 6.15649738369 47.2735720681
0.00000002914 3.43637767180 379.3770084346
0.00000004097 3.23026292909 2885.7030601725
0.00000003882 0.33608583935 583.4080614554
0.00000004053 1.43700749488 25632.99377504689
0.00000003746 5.29804876077 5985.4339284305
0.00000003715 1.78912631656 764.921402366
0.00000002876 2.46513366154 90.5626012464
0.00000003840 5.45031778630 827.1728279611
0.00000003496 1.71669892763 3114.7831582896
0.00000003871 1.99142366153 511.5954083047
0.00000002948 1.96340890716 78338.49102328988
0.00000002901 2.21466410541 493.5154829171
0.00000002872 4.35227364990 429.7795846137
0.00000003051 0.44154601815 430.5303441391
0.00000002938 5.00889886419 590.2454696603
0.00000003898 2.74281508905 669.6929346736
0.00000003354 4.29548223894 632.0329797878
0.00000003036 2.72434442822 328.9220426288
0.00000003002 0.18956003485 1061.6695520496
0.00000003276 3.00636571119 520.129737539
0.00000003016 2.64916865285 132.5796060375
0.00000003851 4.25270851705 224.9354965329
0.00000003686 5.67893032773 477.9157907918
0.00000003801 5.95545646315 3117.7521037062
0.00000002836 1.20341125847 373.535485821
0.00000003186 1.44507525550 53.6321540266
0.00000003504 0.16804844040 6272.0301497275
0.00000003733 1.03466079195 909.70685847
0.00000003219 1.56423135935 519.6084726772
0.00000003184 1.08716105218 5982.4649830139
0.00000003789 2.99891680203 1054.9285120643
0.00000002984 5.13821226511 162.635886828
0.00000003563 5.99821639641 1336.4169239306
0.00000002902 0.22050049109 47.2211824414
0.00000002902 4.45890194491 102.3420146932
0.00000003516 5.73369868016 1094.8066528413
0.00000003254 5.74820689948 482.3692089167
0.00000003939 1.61262063639 6096.8640899273
0.00000002921 1.87863990334 340.8827666294
0.00000002802 0.40865505421 1592.0418407004
0.00000003387 6.19933351520 25862.073873164
0.00000003884 0.65443948228 10593.413314171
0.00000002854 3.71549072767 227.9681324243
0.00000003870 0.74129906666 2124.9836355019
0.00000003048 4.51779447707 6530.1771835567
0.00000002791 1.68241228451 698.0041103249
0.00000003265 0.17507793485 265.7286610466
0.00000003666 3.65480173708 415.6643651967
0.00000003430 1.34035853413 748.0978699633
0.00000002806 4.02233962356 281.4884118663
0.00000002775 2.76210601485 551.7823656224
0.00000003696 4.15453207290 25865.04281858059
0.00000002816 0.52106074112 294.5611015597
0.00000002850 2.08930376377 529.6427809848
0.00000002804 3.60450579406 2088.8081533244
0.00000002766 0.96756499866 1600.1185955477
0.00000002753 2.67377558669 1160.8301730051
0.00000003634 1.43359949431 77.6386693993
0.00000003634 0.10421028810 71.9245277353
0.00000002846 5.39242401629 529.7391492044
0.00000003082 4.33431584897 436.7501192626
0.00000003846 4.24087562170 113.4571509263
0.00000002933 6.06497119365 829.6205085159
0.00000002835 4.82037050662 778.4147831847
0.00000003310 2.22728155735 201.2901873276
0.00000003647 1.66673052655 9991.9096959257
0.00000002957 2.32106806068 53.5839699168
0.00000002835 2.43989307879 323.2447842265
0.00000002912 4.17865979485 428.0826635843
0.00000003176 0.90264657780 529.4303326637
0.00000003230 4.05101926110 554.1818620674
0.00000003594 0.23253704183 6061.6999997061
0.00000003560 5.55379390271 623.4349600787
0.00000003090 0.25190671199 529.9515975255
0.00000002843 3.58407040366 1447.4263943021
0.00000002762 3.04100014906 465.273743235
0.00000002975 2.63804412296 224.1847370075
0.00000002965 2.13824743631 1586.1039498672
0.00000002997 3.56715815371 29.7956483596
0.00000003017 5.24948877556 829.4080601948
0.00000002748 3.72166746073 1755.9015678058
0.00000002985 2.48649457568 753.3544372403
0.00000002708 1.50130862618 457.3570470821
0.00000003710 1.48433193644 905.3653149297
0.00000002723 5.37610390085 1606.3383706712
0.00000003498 0.43668593773 9915.6436246501
0.00000002713 4.37303090454 1533.2536931333
0.00000002941 6.11824676700 147.8662761052
0.00000003425 0.17462176427 914.4845995006
0.00000003382 1.70671662802 881.5075574033
0.00000002973 3.93511754722 384.0599212231
0.00000002967 2.94512740245 1541.8517128424
0.00000003519 1.73310854320 6354.8885031421
0.00000002666 2.78512581244 96.2398596487
0.00000003354 0.53706358244 919.3799606102
0.00000003062 5.84703572260 1062.5633239269
0.00000002798 4.80243373625 112.4939430798
0.00000003460 4.46783856107 156.043604689
0.00000002982 2.51020549025 9912.6746792335
0.00000002640 3.23926189708 487.1526954417
0.00000002709 0.30663917652 187.2755416471
0.00000003518 2.12743549234 1136.4511506169
0.00000003486 3.53728933221 313.9441891018
0.00000003709 3.03522154561 10027.0737861469
0.00000003061 2.34062051277 789.4604834486
0.00000003010 0.65377897818 1605.5876111458
0.00000002904 2.32569156001 1456.0244140112
0.00000003053 1.71668201402 997.9336537462
0.00000002743 6.27362704729 678.3603903519
0.00000002969 5.75647236111 1830.6831663731
0.00000003651 1.08114724446 26542.81250810149
0.00000002889 1.97248432294 1585.9438911728
0.00000002727 5.15143966251 1063.8353483141
0.00000002848 5.07132119764 395.9087706391
0.00000002634 5.98468816235 608.2446582306
0.00000002901 4.64274585102 1541.1179996595
0.00000002941 1.21210665628 12564.6672272745
0.00000003304 0.86856001646 273.1510245881
0.00000003386 0.57596770758 387.2413149608
0.00000002627 2.39653571473 1452.8430202735
0.00000003041 4.27587243964 752.5512880882
0.00000002718 5.16293058088 52325.36948028299
0.00000003085 2.35859653048 93.531546663
0.00000002906 2.44478802558 1322.9235431119
0.00000003597 4.95428287884 132.0370893163
0.00000002678 5.06105300688 951.4632308302
0.00000003123 3.33951755709 623.2225117576
0.00000003367 0.37689386562 247.8300462128
0.00000003472 1.87505610471 552.6973893591
0.00000003166 2.20892033116 12567.6361726911
0.00000003387 3.15594347013 10285.0981993617
0.00000003300 3.72087032435 440.8947208468
0.00000003236 2.72076744752 412.5835451955
0.00000002557 1.79723576941 537.3952129264
0.00000002560 1.10053759744 2117.2793876701
0.00000002831 2.72459987741 539.773457512
0.00000003376 1.67356612440 10202.2398459471
0.00000003188 2.12663576409 769.6198215195
0.00000003464 4.16794893326 161.4120465506
0.00000002781 5.73975225276 1268.7488723641
0.00000003014 5.61429333063 1544.0869450761
0.00000003298 4.97310496761 463.2467538055
0.00000002524 3.68420351785 960.0612505393
0.00000003187 3.05030888971 196.8849533125
0.00000002787 5.49834615270 229.4526051326
0.00000003097 3.52576662964 1553.6481726317
0.00000002679 0.04691756129 1374.1292684431
0.00000003315 0.94177030624 807.7528571573
0.00000002630 4.76272198714 743.7932096847
0.00000002929 1.45546976184 304.2342036999
0.00000002983 1.81727185185 936.6454359976
0.00000003184 3.60984848538 480.8847362084
0.00000002864 0.19987911757 2192.6516870684
0.00000002513 3.00481326052 20278.49236799569
0.00000003268 3.74882408270 2424.1100297711
0.00000003101 2.50688447718 657.4233941323
0.00000003267 4.76208168321 737.4246767149
0.00000002692 2.92740740512 339.3982939211
0.00000003124 4.14366392888 586.377006872
0.00000002517 4.27302625046 583.8656358424
0.00000003352 0.45988110388 697.8071683688
0.00000002806 4.14739692323 351.7047177241
0.00000003457 3.00986343392 809.2373298656
0.00000002544 2.76607764684 262.8078997398
0.00000003384 5.68724975258 1056.2005364515
0.00000002549 1.11525653405 410.1358646407
0.00000002570 3.71065706169 584.8288436889
0.00000003040 0.67193319059 52174.32181044009
0.00000002505 1.51987196875 382.1335055301
0.00000002718 0.91308619680 351.9284668933
0.00000002512 0.55220125147 826.4391147782
0.00000002579 4.05664047063 1055.4497769261
0.00000003139 3.92383754684 938.1299087059
0.00000002672 4.27622188274 319.5732633943
0.00000002663 4.68514908243 587.7977891055
0.00000003119 5.12688430370 849.2642284889
0.00000002427 2.03247076769 20275.52342257909
0.00000002941 4.11705902960 581.1573228567
0.00000002796 3.05213138528 598.5346728287
0.00000002732 1.88140426939 1332.4847706675
0.00000002438 5.93929793621 395.105621487
0.00000002430 5.98723272672 1404.0849754971
0.00000002421 3.87174798038 1159.3457002968
0.00000003017 0.07530862396 626.4039054953
0.00000002419 0.67634283278 101.6083015103
0.00000003294 5.11603242406 415.2918581812
0.00000003091 5.60736082610 911.515654084
0.00000002923 4.44263378398 239.1625905345
0.00000002424 1.25508260924 243.8978929497
0.00000002693 0.57305838132 299.7170951002
0.00000003109 4.52636545098 45.0341343175
0.00000002834 4.62881913391 540.0553418023
0.00000002704 5.26938493529 988.532484885
0.00000002931 6.24282698359 173.1390703707
0.00000002783 3.74686867266 889.2118052351
0.00000002376 3.93854491753 1928.1992559259
0.00000002928 3.84949885104 609.2078660771
0.00000002536 4.52810767132 1330.7878496381
0.00000002571 4.97875573478 1536.2226385499
0.00000002402 3.02566960132 482.2573343321
0.00000002667 0.08605014098 257.9125386302
0.00000002446 3.55712633832 1327.8189042215
0.00000002936 5.43084141603 1424.5318446222
0.00000002990 4.21802632552 106.8648687873
0.00000002473 1.24525371169 1407.2663692348
0.00000003304 1.01660703804 653.2306084383
0.00000003237 2.56557965333 394.9455627926
0.00000003085 3.83028822685 1057.8974574809
0.00000002346 5.14974725027 1211.2327491842
0.00000002710 0.34192435133 1012.9115072732
0.00000002716 5.47695438076 444.8268741099
0.00000002887 5.24452328663 138.6293714553
0.00000002421 2.29541366768 672.9437643805
0.00000002354 3.20939683542 1522.2079928694
0.00000002796 2.30140691707 291.0496394219
0.00000002759 0.69873056680 274.0660483248
0.00000002341 3.48938979666 1811.773159583
0.00000003229 3.79365838838 476.4313180835
0.00000003251 0.33431351861 83.1671699553
0.00000002562 1.57334927608 696.5196376166
0.00000002339 0.49543749317 334.5511169213
0.00000003028 1.40154871551 479.4002635001
0.00000002358 2.81370331769 1117.7012025212
0.00000002323 1.27765520019 386.3475430835
0.00000002536 5.06956843952 207.3612046048
0.00000002332 6.18372771815 274.5873131866
0.00000002908 5.49277538439 650.9429865779
0.00000002357 2.87538390843 378.1220303899
0.00000002524 4.12720854166 441.1553532777
0.00000002876 4.06628438217 6812.766815086
0.00000003196 4.27507120094 3267.3153008408
0.00000003198 2.47530039454 26014.60601571519
0.00000002550 3.69428121427 0.3725070155
0.00000002566 1.92901626939 1699.2792165032
0.00000002830 0.44131453952 1310.3933701397
0.00000002662 5.07234973989 271.4059194489
0.00000002360 2.93302472978 1297.0600480154
0.00000002609 1.38212057067 1402.8611352197
0.00000002444 5.39930706114 175.820451106
0.00000002345 1.75996538528 268.9582388941
0.00000002922 2.46467683220 1599.9585368533
0.00000002333 4.96787363671 173.0484476455
0.00000003176 3.13360533407 349.3689117539
0.00000002674 5.89637390339 519.0177718462
0.00000002585 5.75668127095 754.0357607965
0.00000002274 2.20397387999 325.7930385178
0.00000002991 2.24695380440 625.9945152181
0.00000002297 3.64732215382 1186.853726796
0.00000002289 0.18602310852 764.1876891831
0.00000002426 1.18176367445 57.7980074702
0.00000002781 1.71828175775 122.0551706354
0.00000002771 5.78898116165 431.3334932912
0.00000002315 2.30897495417 290.3683158657
0.00000003167 3.17998251025 26161.20026743319
0.00000002812 0.30378867410 317.8763423649
0.00000002567 5.96612214384 63.4752658725
0.00000002988 2.07029207874 459.0539681115
0.00000002282 0.94739204341 811.4612612512
0.00000003122 6.04989173004 939.6143814142
0.00000002437 5.09941116678 376.8769382531
0.00000002474 1.06279254184 668.2084619653
0.00000002258 1.11320177291 714.6788848813
0.00000002764 4.48820557495 730.4598875604
0.00000002550 1.57405733078 838.9692877504
0.00000002259 3.10988614223 113.3877149571
0.00000002598 3.43909924140 763.2244813366
0.00000002663 1.29799990848 412.3229127646
0.00000003160 2.89419390415 3795.5217932271
0.00000003073 4.51064673286 533.8355666788
0.00000002358 4.32524569167 582.3811631341
0.00000002903 2.47602120581 650.0492147006
0.00000002235 2.54876348474 1321.4390704036
0.00000003142 4.67154281030 725.0914456988
0.00000002795 5.48464550951 10742.9765113056
0.00000002476 2.98955635425 347.9326231554
0.00000002240 5.07382933289 503.6674113037
0.00000002227 5.09224345859 3259.1471642584
0.00000002477 2.43769900185 821.5437536686
0.00000002287 4.33583576059 1023.7971488427
0.00000002275 1.69598721089 872.9095376942
0.00000002222 3.53508839460 567.8240007324
0.00000003088 4.00968174537 230.2826865351
0.00000002224 5.85972920055 1258.4539316256
0.00000002685 1.40856509045 303.5798123941
0.00000002261 3.38321360452 123.960334469
0.00000002935 1.94498224386 714.4182524504
0.00000002414 5.05858383723 360.5477384618
0.00000002435 2.03044146979 355.7487455718
0.00000002219 2.99148584824 620.253566341
0.00000003094 4.98104987238 3413.9095525588
0.00000002710 4.45593115194 659.674132731
0.00000002209 1.41204774183 1119.1856752295
0.00000002655 0.05464835282 104.5290628171
0.00000002358 6.22232256487 1367.6970449985
0.00000002230 3.64177230224 442.3791935551
0.00000002421 1.45420989199 449.2802922348
0.00000002330 0.84390251807 820.8100404857
0.00000002493 1.52678527478 316.6525020875
0.00000002712 2.90893885884 770.5504766585
0.00000002758 2.91988907092 1381.2428154439
0.00000002673 1.39898893375 983.1158589136
0.00000002340 2.12360206268 972.0701586497
0.00000002847 0.89078483426 219.5188705615
0.00000002458 2.25842855808 1448.9108670104
0.00000002627 1.91388837247 768.8535556291