5.19663470114 0.59945082355 529.6909650946
-0.36662642320 0.0 0.0
0.12593937922 0.94911583701 1059.3819301892
0.01500672056 0.73175134610 522.5774180938
0.01476224578 3.61736921122 536.8045120954
0.00457752736 1.29883700755 1589.0728952838
0.00301689798 5.17372551148 7.1135470008
0.00385975375 2.01229910687 103.0927742186
0.00194025405 5.02580363996 426.598190876
0.00150678793 6.12003027739 110.2063212194
0.00144867641 5.55980577080 632.7837393132
0.00134226996 0.87648567011 213.299095438
0.00103494641 6.19324769120 1052.2683831884
0.00114201562 0.01567084269 1162.4747044078
0.00072095575 3.96117430643 1066.49547719
0.00059486083 4.45769374358 949.1756089698
0.00068284021 3.44051122631 846.0828347512
0.00047092251 1.44612636451 419.4846438752
0.00030623417 2.99132321427 206.1855484372
0.00026613459 4.85169906494 323.5054166574
0.00019727457 1.64891626213 2118.7638603784
0.00016481594 1.95150056568 316.3918696566
0.00016101974 0.87973155980 515.463871093
0.00014209487 2.07769621413 742.9900605326
0.00015192516 6.25820127906 735.8765135318
0.00011423199 3.48146108929 543.9180590962
0.00012155285 3.75229924999 525.7588118315
0.00011996271 0.58568573729 533.6231183577
0.00008468556 3.47248751739 639.897286314
0.00008223302 5.56680447143 1478.8665740644
0.00008694124 0.38262009411 1692.1656695024
0.00007427517 5.98380751196 956.2891559706
0.00007516470 0.92896448412 1265.5674786264
0.00007655867 0.14178789086 1581.959348283
0.00005318791 1.10494016349 526.5095713569
0.00005218492 3.23235129224 532.8723588323
0.00005777311 5.03726165628 14.2270940016
0.00004622685 3.75817086099 1375.7737998458
0.00003939864 4.30892687511 1596.1864422846
0.00004569444 2.15087281710 95.9792272178
0.00002952712 3.85988483947 309.2783226558
0.00002857935 6.01118473739 117.3198682202
0.00002440094 4.23995765702 433.7117378768
0.00002438257 3.88808463822 220.4126424388
0.00002675112 3.18723449094 1169.5882514086
0.00002386425 5.96354994324 1045.1548361876
0.00001870097 0.52019313301 1155.361157407
0.00001939060 5.91883412864 625.6701923124
0.00001631500 4.41910383466 942.062061969
0.00001451667 5.76112706040 853.196381752
0.00001361286 1.34792748837 1368.660252845
0.00001663331 1.94010629194 838.9692877504
0.00001611229 5.49324974845 74.7815985673
0.00001033570 0.08907208789 1795.258443721
0.00000991481 3.08609505814 1272.6810256272
0.00000934789 3.11151341633 199.0720014364
0.00000934504 1.99938801336 2648.454825473
0.00000858829 3.71316879557 529.6427809848
0.00000858734 0.62779464690 529.7391492044
0.00001088284 1.13406104190 527.2432845398
0.00001080643 3.20528362573 532.1386456494
0.00000959188 1.34789494210 149.5631971346
0.00000840045 4.14390924077 3.9321532631
0.00000941997 1.57612902656 412.3710968744
0.00000932600 5.34596782982 380.12776796
0.00000665711 6.08446262481 2008.557539159
0.00000747735 4.70954561325 330.6189636582
0.00000693311 1.33754289320 1063.3140834523
0.00000606761 0.11410967423 2111.6503133776
0.00000680707 0.29377240207 528.7277572481
0.00000678819 4.04669903131 530.6541729411
0.00000572943 0.74312663770 2221.856634597
0.00000564304 4.06331341841 1055.4497769261
0.00000647982 5.12508099382 984.6003316219
0.00000460191 3.82640277755 1073.6090241908
0.00000537627 0.67272668191 1685.0521225016
0.00000508303 6.24505797644 728.762966531
0.00000539580 5.31458333755 38.1330356378
0.00000405304 2.98797353644 909.8187330546
0.00000303114 4.07249746397 1905.4647649404
0.00000413310 4.52689012732 454.9093665273
0.00000334675 0.95326265644 76.2660712756
0.00000389470 6.05999515231 604.4725636619
0.00000277679 0.65883071471 1485.9801210652
0.00000303217 5.06489637072 529.1697002328
0.00000302826 5.56013117831 530.2122299564
0.00000385508 4.91137191483 3.1813937377
0.00000254458 3.58455210274 1062.5633239269
0.00000244844 1.59298253869 1258.4539316256
0.00000227064 4.65765215856 2125.8774073792
0.00000304105 1.75376741282 6283.0758499914
0.00000287288 2.95635370067 305.3461693927
0.00000224854 3.50099765253 1699.2792165032
0.00000206026 1.03192385893 1898.3512179396
0.00000189685 1.04124698047 508.3503240922
0.00000235578 0.92416895439 1056.2005364515
0.00000210609 4.02134591862 490.3340891794
0.00000188745 5.71463346844 99.1606209555
0.00000179082 6.10222002951 526.7702037878
0.00000177005 4.52323052516 532.6117264014
0.00000164689 3.47714842774 528.9402055692
0.00000164585 0.86380555242 530.44172462
0.00000192018 0.31042772808 569.0478410098
0.00000217613 5.68326814925 453.424893819
0.00000154626 1.26242501430 519.3960243561
0.00000153593 2.20032240084 11.0457002639
0.00000208311 3.39287059113 1439.5096981492
0.00000158046 4.32805014383 525.4981794006
0.00000155478 0.01448243696 533.8837507886
0.00000165564 3.66344459446 224.3447957019
0.00000139735 3.35517923192 647.0108333148
0.00000194856 5.30459820962 1021.2488945514
0.00000174847 1.21550279097 1471.7530270636
0.00000145297 4.02621175684 302.164775655
0.00000162930 0.49071349850 2001.4439921582
0.00000142463 3.75545249652 227.5261894396
0.00000144173 1.33176686779 1788.1448967202
0.00000162873 0.56256179898 835.0371344873
0.00000176861 3.17525918893 10213.285546211
0.00000120578 3.08300146416 539.9859058331
0.00000135670 3.80012923478 540.7366653585
0.00000153089 2.02297606024 1.4844727083
0.00000121815 3.78870221205 524.0618908021
0.00000120032 0.55319601436 535.3200393871
0.00000124049 3.38834311016 983.1158589136
0.00000123795 3.34199482893 525.0250986486
0.00000104430 3.76551699050 529.5309064002
0.00000104430 0.57516865787 529.851023789
0.00000134226 0.10239699641 1574.8458012822
0.00000104654 3.32893024304 551.031606097
0.00000114344 3.33978613495 750.1036075334
0.00000116158 0.99764796582 534.3568315406
0.00000122805 4.90630340295 524.2743391232
0.00000103070 4.41455753031 963.4027029714
0.00000120897 5.71565359127 535.107591066
0.00000110642 0.32527165996 2324.9494088156
0.00000093157 0.02724976523 1382.8873468466
0.00000093825 3.23720882230 1802.3719907218
0.00000091908 3.03370908674 440.8252848776
0.00000078833 5.71541998618 415.5524906121
0.00000096206 4.88716709579 21.3406410024
0.00000087496 1.66679783619 831.8557407496
0.00000072096 4.02261318625 529.9034134157
0.00000072096 0.31807246212 529.4785167735
0.00000073548 0.73533236562 2214.7430875962
0.00000095404 5.93817256254 35.4247226521
0.00000072139 0.26833059020 518.6452648307
0.00000072878 4.46132747640 39.3568759152
0.00000071452 5.67202354183 511.5317178299
0.00000060011 1.64274398708 1361.5467058442
0.00000082322 2.58316696077 531.1754378029
0.00000068707 4.98553488860 547.8502123593
0.00000079198 1.73075015296 528.2064923863
0.00000074038 4.41994008121 173.9422195228
0.00000065451 1.02004729709 2104.5367663768
0.00000065958 0.29867934563 2317.8358618148
0.00000055536 4.79223936260 643.8294395771
0.00000055262 2.27825840796 107.0249274817
0.00000052105 4.62588942965 960.2213092337
0.00000052148 1.98729626729 1048.3362299253
0.00000051560 1.64669499054 514.7131115676
0.00000066065 0.59752988902 230.5645708254
0.00000050111 3.13528773297 387.2413149608
0.00000049711 2.69410661219 544.6688186216
0.00000067372 1.02825832038 1364.7280995819
0.00000050617 0.31750972006 2641.3412784722
0.00000052715 1.48379175765 1056.9342496344
0.00000057133 0.72237577020 92.0470739547
0.00000045698 0.23070104259 2538.2485042536
0.00000060120 3.78022495970 1061.829610744
0.00000043674 0.36671900326 2.4476805548
0.00000049748 1.88152542617 679.2541622292
0.00000059167 0.89478754330 494.2662424425
0.00000058551 2.31298999222 1057.8974574809
0.00000047067 2.35234857561 3178.1457905676
0.00000043978 1.08800777407 430.5303441391
0.00000041687 0.97719980019 1059.430114299
0.00000042076 3.44819721175 70.8494453042
0.00000045598 4.91679890859 312.4597163935
0.00000046173 5.50676597516 2428.0421830342
0.00000040142 1.53613009421 618.5566453116
0.00000048294 5.47091338823 106.2741679563
0.00000048551 5.94316336415 1038.0412891868
0.00000051793 3.46658895899 565.1156877467
0.00000049105 4.15096345615 523.5406259403
0.00000037509 1.12992183128 2751.5475996916
0.00000041687 4.06257397973 1059.3337460794
0.00000039658 2.00248258969 1148.2476104062
0.00000041541 5.44680900827 1514.2912967165
0.00000040916 4.62466156885 10.2949407385
0.00000036012 2.20109779973 1891.2376709388
0.00000040752 0.18388543996 18.1592472647
0.00000049181 6.20531501744 3340.6124266998
0.00000044449 0.19000018391 535.8413042489
0.00000036844 5.73755081465 529.4303326637
0.00000036844 4.88632014089 529.9515975255
0.00000034069 1.16404842727 672.1406152284
0.00000036613 4.18935208995 934.9485149682
0.00000041452 1.77606071152 1593.0050485469
0.00000033000 3.84595186757 522.529233984
0.00000035445 0.77567886722 522.6256022036
0.00000046145 3.74589770529 1512.8068240082
0.00000032615 5.83710843194 124.433415221
0.00000034850 4.49564263533 1060.3451380357
0.00000044411 4.40635138657 760.25553592
0.00000030459 4.38569932563 1585.1407420207
0.00000034398 4.90880656523 142.4496501338
0.00000030434 3.29889796264 217.2312487011
0.00000028933 1.19798110052 121.2520214833
0.00000033780 2.95287755985 628.8515860501
0.00000029909 3.55918899910 536.7563279856
0.00000027497 0.49110736349 536.8526962052
0.00000028394 0.99780388701 2420.9286360334
0.00000033061 6.08469159790 567.8240007324
0.00000029412 4.68225778172 422.6660376129
0.00000027675 5.33831999428 528.4189407074
0.00000027586 5.28551011249 530.9629894818
0.00000033966 6.20368876731 885.4397106664
0.00000028696 5.72932042298 746.9222137957
0.00000024445 2.50670090490 99.9113804809
0.00000027889 0.03859353899 2634.2277314714
0.00000032993 0.64338422669 1058.4187223427
0.00000031356 0.08398144955 437.6438911399
0.00000024004 5.67806719063 523.0986829556
0.00000030583 4.71118187651 1023.9572075371
0.00000027098 0.93568939988 497.4476361802
0.00000026727 3.20464380077 1158.5425511447
0.00000022304 4.19158626805 491.5579294568
0.00000024825 0.15973065561 1134.1635287565
0.00000021870 4.94490217150 536.2832472336
0.00000024660 0.71366313977 2531.1349572528
0.00000022284 0.46679621201 521.6142102473
0.00000026906 6.12438563218 299.1263942692
0.00000025671 5.71444480895 636.7158925763
0.00000019591 4.17431823492 1603.2999892854
0.00000023213 3.43195395791 561.934294009
0.00000019149 2.10528308898 327.4375699205
0.00000024685 4.22056041469 621.7380390493
0.00000019711 2.02810609823 423.4167971383
0.00000018867 2.10875171086 5.6290742925
0.00000025018 5.13909032222 860.3099287528
0.00000021220 0.04126045470 495.7507151508
0.00000018237 4.59056549084 953.1077622329
0.00000019507 1.91029017314 1098.7388061044
0.00000020953 2.57869987681 458.8415197904
0.00000018009 3.96639354797 24.3790223882
0.00000017586 2.02614680916 2207.6295405954
0.00000017177 2.03437805617 1464.6394800628
0.00000017310 3.27378701278 191.9584544356
0.00000018075 1.99928862686 600.5404103988
0.00000017873 3.86678470802 537.7677199419
0.00000020924 0.03035795063 1166.4068576709
0.00000019198 4.29792545196 563.6312150384
0.00000016936 4.26571329038 2435.155730035
0.00000016624 3.85361101962 2228.9701815978
0.00000016159 0.21846540542 1049.0869894507
0.00000020802 4.97736593129 88.865680217
0.00000019778 0.93154236594 505.3119427064
0.00000018387 3.75284915185 1969.2006632438
0.00000016117 1.17216875347 1677.9385755008
0.00000016272 3.90786168126 526.9826521089
0.00000016170 0.43269852873 532.3992780803
0.00000015853 3.02589483126 501.3797894433
0.00000016073 0.59289977863 32.2433289144
0.00000015212 0.95366780101 988.532484885
0.00000015273 3.52315111020 460.5384408198
0.00000018509 3.41682292159 554.0699874828
0.00000016176 2.52644603855 4.665866446
0.00000014712 5.41386260565 1058.8606653274
0.00000014529 4.85959006178 1070.4276304531
0.00000017117 0.47977883008 114.1384744825
0.00000018655 4.97897470623 1151.4290041439
0.00000018715 0.73543500526 523.4711899711
0.00000014496 1.33864296077 558.0021407459
0.00000015092 1.62201170536 2015.6710861598
0.00000013768 4.48236015474 67.6680515665
0.00000017922 3.60811042035 535.9107402181
0.00000013832 1.07361243872 1585.8915015461
0.00000014583 3.99010215681 28.3111756513
0.00000013750 2.09722252387 450.9772132642
0.00000013536 0.76908575684 2737.32050569
0.00000013707 3.60868435075 498.6714764576
0.00000013957 3.93496730766 1592.2542890215
0.00000013013 0.78393846491 598.8434893694
0.00000013524 5.01956785845 2655.5683724738
0.00000015548 5.77710440394 63.7358983034
0.00000014250 3.29326648288 462.0229135281
0.00000014315 5.64097491228 1550.939859646
0.00000015356 5.69682578495 33.9402499438
0.00000012263 1.85125474032 635.9651330509
0.00000014741 1.09335801256 945.2434557067
0.00000013719 5.63893195637 113.3877149571
0.00000012034 3.12964294602 938.1299087059
0.00000012616 0.73397485703 560.7104537316
0.00000012686 1.52579404870 531.387886124
0.00000012686 2.81489159967 527.9940440652
0.00000011798 2.42709371040 731.9443602687
0.00000015037 4.51296688554 155.7829722581
0.00000013428 3.15625492155 5.4166259714
0.00000013010 5.25935589736 2744.4340526908
0.00000014712 5.90909648145 1059.903195051
0.00000011828 2.23340715865 608.404716925
0.00000011471 1.17828159225 0.9632078465
0.00000015363 1.10456127711 381.6122406683
0.00000014177 0.26373282555 151.0476698429
0.00000011186 1.62250458708 528.2546764961
0.00000011186 2.71818106129 531.1272536931
0.00000012032 0.99005156584 597.3590166611
0.00000010863 4.64117868734 248.7238180901
0.00000013322 0.82171739269 944.9828232758
0.00000014119 0.13240053257 378.6432952517
0.00000014298 4.58560781567 1173.5204046717
0.00000010615 6.13511053253 629.6023455755
0.00000011266 3.44099588535 210.1177017003
0.00000011694 6.10110767151 2950.619601128
0.00000010370 4.42599703408 429.7795846137
0.00000010323 1.24104744878 605.9570363702
0.00000013781 4.55129649335 337.732510659
0.00000009728 0.58564087027 1159.2933106701
0.00000009732 2.62318310146 1251.3403846248
0.00000009592 1.71806518721 1781.0313497194
0.00000009542 1.84490363894 2524.021410252
0.00000013151 4.43614253391 1041.2226829245
0.00000010946 5.58575024763 46.470422916
0.00000009970 4.52160304835 9.5612275556
0.00000009005 2.61830190154 1165.6560981455
0.00000009077 3.85345236239 754.0357607965
0.00000008886 1.89018107575 530.914805372
0.00000008886 2.45050457262 528.4671248172
0.00000011590 3.39700661493 73.297125859
0.00000009816 4.64751787428 69.1525242748
0.00000012109 4.85223951419 1020.025054274
0.00000008866 1.63035085748 195.1398481733
0.00000012231 6.14422943214 72.0732855816
0.00000011861 6.05937783312 721.6494195302
0.00000008635 0.16436387127 1056.4611688824
0.00000010790 0.63662383032 530.5847369719
0.00000010790 3.70406181805 528.7971932173
0.00000007989 3.82641746989 1058.6311706638
0.00000008394 2.58792092563 525.5463635104
0.00000010592 0.63539606039 2847.5268269094
0.00000007749 1.75600352899 521.8266585684
0.00000008309 1.75332367881 533.8355666788
0.00000009319 1.23585389267 483.2205421786
0.00000010339 4.58616303508 319.5732633943
0.00000007601 2.58490717494 537.5552716208
0.00000010477 3.37774704651 456.3938392356
0.00000008635 4.87197749696 1062.302691496
0.00000007859 0.38734430101 1064.7985561606
0.00000007602 0.36299136019 1063.5747158832
0.00000009231 5.43148824800 8.0767548473
0.00000007989 1.21335631002 1060.1326897146
0.00000009972 2.04366896945 685.4739373527
0.00000008026 1.98667531129 405.2575498736
0.00000007215 4.30475971943 31.019488637
0.00000007387 5.32917593310 148.0787244263
0.00000007729 2.97295947216 320.3240229197
0.00000006822 2.29868018477 166.828672522
0.00000006743 2.78685743070 1054.7160637432
0.00000007685 6.15668649529 334.5511169213
0.00000007484 0.64173631183 952.3570027075
0.00000008440 2.58974655797 1201.831580323
0.00000006906 3.07910623893 100.6450936638
0.00000007169 0.13492833770 842.1506814881
0.00000006629 0.53834433594 3053.7123753466
0.00000008934 0.96120225738 602.9880909536
0.00000007493 3.51969165167 2332.0629558164
0.00000007136 0.03448152668 739.8086667949
0.00000006677 0.45441778626 1912.5783119412
0.00000007657 0.10315646867 408.4389436113
0.00000006322 1.02024397349 1994.3304451574
0.00000008709 3.26440854068 576.1613880106
0.00000007535 3.00289317558 1060.8664028975
0.00000006829 2.18322886511 284.1485407422
0.00000008600 0.67499551222 2854.6403739102
0.00000006151 4.66705028005 1091.6252591036
0.00000007341 6.04359053153 6.2197751235
0.00000006859 4.99347916841 945.9942152321
0.00000006730 2.13274400504 528.0464336919
0.00000006730 2.20794164333 531.3354964973
0.00000007602 4.67235401511 1055.1891444952
0.00000006013 0.39505360832 1035.002907801
0.00000005971 4.49604367073 498.1983957056
0.00000007321 5.96564868559 2957.7331481288
0.00000006974 5.10521395980 277.0349937414
0.00000005831 0.91029898197 1276.6131788903
0.00000007683 4.78953562962 247.2393453818
0.00000005605 2.83446874702 513.2286388593
0.00000005914 5.25663173098 1053.9653042178
0.00000007609 5.67719128884 351.8165923087
0.00000005507 6.11803493365 561.1835344836
0.00000005497 5.97220710600 810.6581120991
0.00000005666 1.34586791176 1064.0477966352
0.00000005378 1.50621701403 546.1532913299
0.00000006378 4.76469958996 1493.093668066
0.00000005234 3.23939752237 355.7487455718
0.00000006789 4.06132305563 303.8616966844
0.00000006815 3.11788390976 1053.7528558967
0.00000005065 4.11506105627 1059.2218714948
0.00000005099 4.22926958912 1176.7017984094
0.00000004952 1.58008800266 2840.4132799086
0.00000005422 3.42310480407 757.2171545342
0.00000004897 5.68226364532 245.5424243524
0.00000005382 3.62538236868 512.4254897072
0.00000004765 1.45902602837 2097.423219376
0.00000005065 0.92471272365 1059.5419888836
0.00000005175 5.88453458110 3267.0114707846
0.00000005666 4.11643761931 908.3342603463
0.00000004955 3.41906309446 1069.6768709277
0.00000005153 0.71530340802 546.956440482
0.00000004760 2.46960565366 415.2918581812
0.00000006352 4.38378276869 26087.9031415742
0.00000004911 1.51731652916 512.2824773553
0.00000004553 3.05075122003 509.2440959695
0.00000004672 3.60383159223 234.6397364404
0.00000004324 1.28993461232 550.1378342197
0.00000004652 4.74896633148 1489.9122743283
0.00000004403 2.46826855364 1127.0499817557
0.00000004625 2.09838701102 857.1285350151
0.00000004688 0.82987219835 504.561183181
0.00000004144 3.28540382801 970.5162499722
0.00000005736 4.94808815046 707.5653378805
0.00000004256 4.52622489765 512.1648572763
0.00000004431 6.20712357569 519.656656787
0.00000005723 0.80521226018 1065.0110044817
0.00000004076 0.44309694438 469.8872200543
0.00000005654 3.17912882291 280.9671470045
0.00000004761 3.08265578516 850.0149880143
0.00000005007 6.09092690792 491.8185618877
0.00000003987 2.63449604548 447.9388318784
0.00000004311 1.91087363576 416.3032501375
0.00000004806 4.82950723208 1289.9465010146
0.00000004127 2.41265579129 1578.0271950199
0.00000004072 6.09764619553 547.2170729129
0.00000005086 4.84522495354 114.3991069134
0.00000004414 3.50154180015 554.8207470082
0.00000004733 2.24216539355 1087.6931058405
0.00000003900 2.34423548886 739.0579072695
0.00000004210 3.42569154211 203.0041546995
0.00000004864 0.51744939195 3163.918696566
0.00000003840 1.91187633714 479.2883889155
0.00000004002 4.87046745482 916.9322800554
0.00000004569 4.91237033477 724.8308132679
0.00000004115 5.12865246696 1012.9115072732
0.00000003971 5.21041592079 1894.4190646765
0.00000004628 4.53026378084 567.5633683015
0.00000004155 5.40151847566 782.3469364478
0.00000004429 4.90565615927 1025.4416802454
0.00000004649 4.64759909895 105.5404547734
0.00000004166 2.66734467932 1587.5884225755
0.00000004550 3.96931916890 237.6781178262
0.00000004232 4.10305254748 2042.4977891028
0.00000004613 4.23969121478 295.0512286542
0.00000003571 3.65947912820 1080.7225711916
0.00000004017 0.70412765332 202.2533951741
0.00000003544 5.95476908217 849.2642284889
0.00000003497 4.37215725203 1059.5943785103
0.00000003507 3.90044894199 589.4947101349
0.00000003472 2.42807639358 580.0935412737
0.00000004605 2.01079969091 391.1734682239
0.00000003415 0.93397733419 3067.9394693482
0.00000003680 2.78358470505 547.0994528339
0.00000003974 0.64083518043 3171.0322435668
0.00000003446 5.94538006088 1049.8207026336
0.00000003807 1.72304764409 102.1295663721
0.00000003698 4.34881325753 326.6868103951
0.00000003345 2.01843885286 103.1409583284
0.00000003338 5.11644597796 103.0445901088
0.00000003565 5.42059424242 81.7521332162
0.00000003856 4.79741795869 222.8603229936
0.00000003797 5.52984960227 209.3669421749
0.00000003497 0.66761652789 1059.1694818681
0.00000003252 0.25412920997 3370.1042450032
0.00000003350 5.33479619431 1077.5411774539
0.00000004028 2.14386378215 81.0013736908
0.00000004303 2.23044606545 373.9079928365
0.00000003455 4.99170171719 488.8496164711
0.00000004402 4.47865911288 987.3086446076
0.00000003659 5.44567820919 104.0559820651
0.00000003291 0.58946936691 97.6761482472
0.00000003303 4.42205069017 539.7252734022
0.00000003982 0.94891503004 986.0848043302
0.00000003665 3.00278799296 77.7505439839
0.00000004012 2.19807079079 668.2084619653
0.00000003967 2.90360026128 486.4019359163
0.00000003955 3.61063004152 1123.1178284926
0.00000003729 5.24253765141 977.4867846211
0.00000003674 5.17168202309 78.7137518304
0.00000003193 3.66012957170 145.6310438715
0.00000002958 5.96791430978 527.6852275245
0.00000002958 4.65595664577 531.6967026647
0.00000003911 1.81273764385 306.830642101
0.00000003054 2.21606143219 654.1243803156
0.00000002909 4.64604855654 522.6892926784
0.00000002909 5.97782239901 536.6926375108
0.00000003893 5.83260636489 812.1425848074
0.00000003118 5.63216999615 570.5323137181
0.00000003671 2.63966947134 225.8292684102
0.00000003463 4.17287676793 1591.5205758386
0.00000002836 1.20731250237 1269.4996318895
0.00000003283 2.91724442703 108.7218485111
0.00000002870 1.83388013858 1586.625214729
0.00000002796 1.24128563131 3156.8051495652
0.00000002903 5.86858378208 504.4181708291
0.00000002725 1.62696049996 3281.2385647862
0.00000002849 2.52315879532 1884.124123938
0.00000003556 1.43724697553 572.9799942729
0.00000002918 1.02389618778 967.3348562345
0.00000002661 3.41200091519 107.7586406646
0.00000003601 1.64093908538 833.552661779
0.00000002668 5.37581667810 911.3032057629
0.00000002715 4.74043601220 554.9637593601
0.00000002622 2.45936066033 134.5853436076
0.00000002627 3.82215257787 144.1465711632
0.00000003601 2.04227185598 991.7138786227
0.00000002821 2.63735750033 502.8642621516
0.00000002566 5.17871233769 93.531546663
0.00000003142 6.19570189655 539.2521926502
0.00000002731 6.24416997170 522.4655435092
0.00000002731 4.37970098385 536.91638668
0.00000003175 1.25554977339 520.129737539
0.00000003337 2.55862908493 775.233389447
0.00000002456 3.04358904051 1074.3597837162
0.00000003083 4.79549905942 3060.8259223474
0.00000002369 0.89961386019 2310.722314814
0.00000002685 1.67677017290 556.5176680376
0.00000002456 1.99618473941 1044.4040766622
0.00000003031 4.94699249364 521.0929453855
0.00000003031 5.67687846191 538.2889848037
0.00000002647 2.21150970566 611.4430983108
0.00000002779 4.06587587287 1065.6017053127
0.00000003226 6.17392127144 522.7898664149
0.00000003226 4.44994968410 536.5920637743
0.00000003100 4.48597567816 1438.0252254409
0.00000002350 4.85021460619 285.3723810196
0.00000002947 2.57601562056 1819.6374661092
0.00000002452 2.19106724331 1090.4014188262
0.00000002323 4.17904065081 529.0578256482
0.00000002323 0.16164499756 530.324104541
0.00000002337 2.52600500225 1474.9344208013
0.00000003159 0.76090441015 457.617679513
0.00000003023 2.94123144657 526.722019678
0.00000003023 1.39945420180 532.6599105112
0.00000002627 3.80975739889 1094.8066528413
0.00000002537 1.67334991532 12566.1516999828
0.00000002186 2.35390986413 162.8965192589
0.00000002177 1.28491274387 2413.8150890326
0.00000002273 1.32684908668 1589.1210793936
0.00000002362 5.63895709044 3583.4033404412
0.00000002201 5.72550332247 2043.9822618111
0.00000002350 3.14771594022 902.7051860538
0.00000002278 0.27874028612 6681.2248533996
0.00000002837 5.47064673260 1440.9941708575
0.00000002584 2.41036745166 2122.6960136415
0.00000002140 3.00473448189 241.6102710893
0.00000002201 0.31427215056 376.1956146969
0.00000002216 4.40413629466 1053.2315910349
0.00000002435 5.80690345453 3274.1250177854
0.00000002764 1.10031553905 39.6175083461
0.00000002251 3.73285596763 1067.4586850365
0.00000002781 3.62986106775 451.9404211107
0.00000002419 1.65592259758 31.492569389
0.00000002042 0.45345339204 732.6951197941
0.00000002525 5.46312983734 373.0142209592
0.00000002747 3.74658101391 1261.6353253633
0.00000002035 5.41793570571 523.849442481
0.00000002035 5.20593524984 535.5324877082
0.00000002366 2.81483964657 3707.8367556622
0.00000002380 4.12001373580 429.0458714308
0.00000002407 1.65593453429 824.7421937488
0.00000002223 3.54290082979 842.9014410135
0.00000002548 2.30029523646 1128.534454464
0.00000002358 0.28705194880 3480.3105662226
0.00000001911 1.27847307998 501.2367770914
0.00000002090 3.51987922543 417.0369633204
0.00000002560 5.75789982732 232.0490435337
0.00000001903 5.97222852188 1254.5217783625
0.00000002480 5.94758800259 610.6923387854
0.00000002279 5.72874534306 1482.7987273275
0.00000001873 2.16130448423 1208.9451273238
0.00000002510 3.56542524478 601.7642506762
0.00000002186 5.05662323853 1553.6481726317
0.00000001823 0.11309992342 111.1695290659
0.00000002024 0.75324302754 59.8037450403
0.00000001958 2.65760348463 109.2431133729
0.00000001875 4.96409845324 1590.0361031303
0.00000002360 2.96313117699 488.63716815
0.00000002199 2.81488304964 298.2326223919
0.00000002128 0.30012341312 821.703812363
0.00000002352 0.09727662567 36.6485629295
0.00000002046 3.01987263602 1567.7322542814
0.00000001954 0.78523241391 1415.130675761
0.00000001787 5.23586420667 1059.6425626201
0.00000001998 3.65279516743 1432.3961511484
0.00000002173 0.53973434031 1065.5322693435
0.00000002273 4.41222326623 1589.024711174
0.00000001716 4.22633880361 503.8274699981
0.00000001970 4.25081658948 362.8622925726
0.00000001851 2.94909390732 110.2545053292
0.00000001948 0.06784201686 1446.62324515
0.00000001829 0.32427522713 1578.7779545453
0.00000002146 2.12285077619 1363.2436268736
0.00000001744 5.75944789009 1051.3051753419
0.00000002096 1.34830261581 570.7447620392
0.00000001608 0.11434714708 555.5544601911
0.00000001681 5.05615470433 543.1843459133
0.00000001681 5.56771625121 516.1975842759
0.00000001656 6.18525423988 3686.4961146598
0.00000001685 4.46368653783 56.6223513026
0.00000002027 1.05859637798 50.4025761791
0.00000001607 1.86217702449 465.9550667912
0.00000001573 0.99918451715 3473.1970192218
0.00000001620 4.04604445763 683.1863154923
0.00000001775 3.68378563186 1688.2335162393
0.00000001551 2.34276361323 593.426863398
0.00000001649 2.83516671724 1354.4331588434
0.00000001791 0.10409422402 502.6036297207
0.00000001532 6.11304416240 350.3321196004
0.00000001533 0.91717120275 1052.3165672982
0.00000001872 2.94680344134 1141.1340634054
0.00000001597 2.27829199459 2200.5159935946
0.00000001894 1.68941410908 229.0800981171
0.00000001950 2.53468264013 487.1526954417
0.00000001486 1.74964460410 1518.2234499796
0.00000001691 0.69039681436 1226.2106027112
0.00000001466 4.96866285281 426.5500067662
0.00000001581 6.26565156779 696.5196376166
0.00000001746 4.43362462057 1467.8208738005
0.00000001484 3.98628996611 995.6460318858
0.00000001673 4.23659174125 556.7783004685
0.00000001573 1.54983748502 425.6349830295
0.00000001613 3.52494290600 1268.7488723641
0.00000001696 4.04893974553 313.2104759189
0.00000001787 6.08709488043 1059.1212977583
0.00000001459 1.86680810334 426.6463749858
0.00000001860 0.59121810077 1160.027023853
0.00000001387 0.25367096621 216.4804891757
0.00000001599 0.99304321709 1588.1096874373
0.00000001645 0.25602007166 630.3360587584
0.00000001796 2.27748034433 424.1505103212
0.00000001802 1.81981056283 572.2292347475
0.00000001812 1.18636472457 1340.3490771937
0.00000001340 5.68788468184 1058.109905802
0.00000001380 4.13060050591 384.0599212231
0.00000001346 0.84106067159 1066.5436612998
0.00000001714 2.66549816260 1164.9223849626
0.00000001547 0.43253240963 1097.514965827
0.00000001293 2.98651040858 394.3548619616
0.00000001329 2.37930449726 1628.429771199
0.00000001657 2.95696862208 473.068613792
0.00000001353 4.16373125033 2498.8916283384
0.00000001375 3.98044437537 1093.322180133
0.00000001299 0.48747523459 1357.6145525811
0.00000001302 1.30247274619 494.4786907636
0.00000001267 0.05480522680 1162.5228885176
0.00000001321 5.18040372739 990.2294059144
0.00000001569 0.55945561191 827.9235874865
0.00000001423 3.96899444518 1052.2201990786
0.00000001690 0.44964896142 1696.0978227655
0.00000001234 1.89692910755 436.1594184316
0.00000001258 3.15493584077 1162.426520298
0.00000001595 0.19920339821 138.5174968707
0.00000001419 3.11149524713 1138.0956820196
0.00000001232 1.13768047601 2730.2069586892
0.00000001393 0.44415833192 958.7368365254
0.00000001576 0.31444350094 422.405405182
0.00000001190 5.92671193419 215.7467759928
0.00000001464 3.90911748945 1066.4472930802
0.00000001194 5.78013067722 774.0095491696
0.00000001176 5.65250585005 632.831923423
0.00000001168 0.66078054684 414.0680179038
0.00000001235 1.29434837440 1027.1386012748
0.00000001192 3.03821340895 564.9032394256
0.00000001337 5.18329748556 427.5613987225
0.00000001581 0.42493803144 642.3449668688
0.00000001186 4.67064465062 2114.8317071153
0.00000001340 6.03068103344 1161.5114965613
0.00000001260 2.78493696942 633.7469471597
0.00000001309 3.48078253389 1163.4379122543
0.00000001172 2.47238605689 632.7355552034
0.00000001120 4.59709741934 709.0498105888
0.00000001340 5.63507440526 1060.6539545764
0.00000001471 2.07056839465 635.231419868
0.00000001112 5.29416320994 1065.9742123282
0.00000001108 1.26512205010 1279.794572628
0.00000001124 1.88833997938 924.7965865816
0.00000001496 5.90359146936 388.4651552382
0.00000001129 0.48786080710 915.235359026
0.00000001308 1.27136775865 913.7508863177
0.00000001111 3.36431821868 177.8743727859
0.00000001525 3.52113299655 252.6559713532
0.00000001398 1.23224313252 2627.1141844706
0.00000001089 5.17678553686 946.727928415
0.00000001292 1.34832291759 981.6313862053
0.00000001132 0.51083517505 1663.8544938511
0.00000001259 5.01927099823 1887.3055176757
0.00000001153 3.89300870077 395.105621487
0.00000001064 3.91071393639 1304.9243545416
0.00000001202 3.61933972889 269.9214467406
0.00000001395 1.40455747646 586.3133163972
0.00000001451 2.99312416234 244.318584075
0.00000001120 0.70794225879 103.6140390804
0.00000001302 4.07372257135 636.9765250072
0.00000001037 2.10542832786 1798.4398374587
0.00000001069 5.46748862799 3899.7952100978
0.00000001025 0.81899907032 951.6232895246
0.00000001018 2.44177900684 623.2225117576
0.00000001172 0.11078488057 3796.7024358792
0.00000001076 5.08119196367 1681.1199692385
0.00000001373 1.13869327899 4590.910180489
0.00000001300 5.45256830638 758.7710632117
0.00000001040 2.40822308938 313.9441891018
0.00000001117 0.21068971066 102.5715093568
0.00000001033 2.65742933066 1028.3624415522
0.00000001022 1.35922143520 1262.3860848887
0.00000000975 1.34801883307 665.0270682276
0.00000001358 4.62267092406 448.6895914038
0.00000000980 3.55997020263 961.705781942
0.00000001042 5.48044556857 170.7608257851
0.00000000955 3.71244576511 645.3139122854
0.00000001229 5.40835035151 2004.364753465
0.00000001119 1.89211462832 1901.5326116773
0.00000000950 1.31425968942 1372.5924061081
0.00000001243 4.71981497526 670.916774951
0.00000001099 2.80854803975 611.5861106627
0.00000001033 5.44057825526 631.8205314667
0.00000000888 0.32570697301 1475.6851803267
0.00000000881 6.24114441352 4002.8879843164
0.00000001198 2.56431700661 8521.1198767086
0.00000001005 1.02223932744 3384.3313390048
0.00000000875 1.38649800785 701.936263588
0.00000001166 1.68053256043 1511.3223512999
0.00000000967 0.19419846630 828.8173593638
0.00000001147 5.62237625874 1390.0008938474
0.00000000873 1.78823938585 322.0209439491
0.00000001137 1.25217878750 950.6600816781
0.00000001061 5.43420240433 1014.1353475506
0.00000001061 5.91924764699 1052.7896480502
0.00000000907 5.72880202106 3590.516887442
0.00000000901 1.99031678409 1482.0479678021
0.00000000918 3.86739969334 340.7708920448
0.00000001186 3.87608972833 1291.4309737229
0.00000000844 4.80951836532 231.4583427027
0.00000000939 4.90767990951 1703.2113697663
0.00000001042 0.93682125769 297.6419215609
0.00000001076 3.77875560329 2861.753920911
0.00000000877 2.57720864413 357.4456666012
0.00000000988 3.77402129077 7210.9158184942
0.00000000876 2.04445500328 2516.9078632512
0.00000001109 1.10717230914 347.8844390456
0.00000000826 1.26237086555 20956.2620575166
0.00000000914 1.85190163894 1031.0707545379
0.00000000997 3.87267514750 1505.6932770074
0.00000000810 0.73866187950 3789.5888888784
0.00000001118 3.02477319721 892.5532576672
0.00000000883 5.67539794824 526.1678467456
0.00000000883 4.94847300731 533.2140834436
0.00000000832 0.30355557156 348.635198571
0.00000000790 6.20154366253 106.0135355254
0.00000000974 3.07289069716 25035.6347583858
0.00000001094 4.49536324699 447.7958195265
0.00000000787 4.25746871915 1056.6736172035
0.00000000880 6.12038037656 1215.1649024473
0.00000000839 3.46918687285 4686.8894077068
0.00000000965 0.47893715886 1519.920371009
0.00000001017 3.23009565265 1019.7644218431
0.00000000929 2.33110288801 1130.2313754934
0.00000000951 0.17980074695 25021.4076643842
0.00000001003 6.06276371667 112.6540017742
0.00000001038 2.60809280601 2545.3620512544
0.00000000841 3.14891407666 643.0786800517
0.00000000778 3.23372323101 1152.9134768522
0.00000000782 2.23832335246 1731.5225454176
0.00000000750 0.55290509814 153.4953503977
0.00000001032 4.77018575989 3075.053016349
0.00000000967 3.36244704957 1744.8558675419
0.00000000899 1.08525568253 1053.1621550657
0.00000000742 2.00354172793 896.4854109303
0.00000000989 3.84990051274 566.3395280241
0.00000000989 0.49078513563 493.0424021651
0.00000000742 4.21703361262 948.2124011233
0.00000000845 3.59171270464 88.1149206916
0.00000000929 5.99864767246 110.1581371096
0.00000000777 4.76415100520 5092.1519581158
0.00000000736 3.20130154895 77.962992305
0.00000000766 4.59479898800 402.2191684878
0.00000000743 6.13138764518 432.0148168474
0.00000000870 2.29117581191 537.3257769572
0.00000000870 5.19110249005 522.056153232
0.00000000789 1.67092370151 950.1388168163
0.00000000897 1.28062307416 5746.271337896
0.00000000732 5.42943652152 1600.1185955477
0.00000000727 3.55588420259 6011.4455234754
0.00000000774 4.89440898129 8617.0991039264
0.00000000765 0.45676284977 77734.01845962799
0.00000000725 5.32450233982 172.2452984934
0.00000000823 2.21479514662 703.6331846174
0.00000000780 1.36195167956 949.12742486
0.00000000736 2.50442271554 23969.1392811958
0.00000000731 5.83268492223 2108.4689196399
0.00000000976 0.79158818735 806.725958836
0.00000000705 4.27106025046 259.769518354
0.00000000700 5.59852494874 443.8636662634
0.00000000902 2.81720087957 3259.1471642584
0.00000000815 4.18553627599 3377.217792004
0.00000000720 5.01892865631 878.3261636656
0.00000000705 6.12374436623 657.1627617014
0.00000000707 0.03847974490 2218.6752408593
0.00000000930 2.49548323460 1436.5407527326
0.00000000961 4.34057596279 6915.8595893046
0.00000000899 4.97320917926 1570.9136480191
0.00000000682 0.26050257479 2225.7887878601
0.00000000703 1.37324117306 738.3241940866
0.00000000764 0.99241506715 1542.6024723678
0.00000000810 3.48317459389 677.7696895209
0.00000000721 4.93463062086 64.9597385808
0.00000000784 2.54541859576 451.7279727896
0.00000000815 2.42171652250 358.9301393095
0.00000000842 0.87893029284 369.0820676961
0.00000000923 0.04638867043 179.3588454942
0.00000000717 5.72312048369 98.8999885246
0.00000000704 0.48325377506 718.6110381444
0.00000000766 2.39202105815 1834.6153196362
0.00000000652 4.16862455550 906.849787638
0.00000000827 4.33962122071 1371.8416465827
0.00000000842 3.38856884583 157.2674449664
0.00000000792 1.49965960928 377.1588225434
0.00000000745 4.45854548235 306.0969289181
0.00000000639 0.08156310396 650.9429865779
0.00000000767 3.60652184093 927.8349679674
0.00000000659 5.75971948080 4216.1870797544
0.00000000666 3.04814223059 2439.0878832981
0.00000000638 1.13616165325 1688.9842757647
0.00000000699 3.61170438864 999.5781851489
0.00000000848 4.72504107277 444.7574381407
0.00000000799 3.74034594619 2274.5468326365
0.00000000787 1.20457511279 2943.5060541272
0.00000000773 1.76065838643 3333.9287628257
0.00000000809 5.17024953241 2431.9743362973
0.00000000657 0.60457512347 1724.4089984168
0.00000000805 0.09901786383 1474.6737883704
0.00000000645 0.75334618858 1751.539531416
0.00000000661 2.90178651891 700.4517908797
0.00000000804 2.63840522723 9676.4810341156
0.00000000670 1.36038705887 100.1720129118
0.00000000866 5.76540229273 10846.0692855242
0.00000000650 2.73749334371 558.1451530978
0.00000000611 3.22738343677 4443.713269194
0.00000000726 2.09433576268 2151.0071892928
0.00000000792 0.24370973638 3487.4241132234
0.00000000751 5.81390703713 446.3113468182
0.00000000853 4.28810731162 2964.8466951296
0.00000000614 3.69080861447 6121.6518446948
0.00000000620 0.93234202068 3046.5988283458
0.00000000698 5.04281848333 131.4039498699
0.00000000607 3.04321843475 1670.82502850
0.00000000619 0.69084255400 1144.3154571431
0.00000000596 2.57575578891 737.3609862401
0.00000000619 4.37152142119 325.9530972122
0.00000000617 3.74485122373 920.8644333185
0.00000000591 3.48178211131 5760.4984318976
0.00000000590 5.76615169007 3634.6210245184
0.00000000592 1.67926794472 799.6124118352
0.00000000628 3.97268935384 1408.0171287602
0.00000000600 0.77520117111 1909.3969182035
0.00000000588 4.88077168579 9690.7081281172
0.00000000590 4.55773138616 627.3671133418
0.00000000611 2.00459977476 392.6579409322
0.00000000611 2.33608587361 666.723989257
0.00000000660 3.23495727377 4312.1663069722
0.00000000579 0.23689221312 181.806526049
0.00000000723 3.17265641927 3333.498879699
0.00000000589 5.54950595814 208.633228992
0.00000000715 6.07739111387 3347.7259737006
0.00000000604 0.54070600496 427.1194557378
0.00000000774 3.14130625993 711.4974911436
0.00000000578 0.68382188540 881.5075574033
0.00000000643 3.30030512509 282.4516197128
0.00000000750 3.52320056595 1818.1529934009
0.00000000733 3.98414988751 344.7030453079
0.00000000589 3.85148384183 2005.3761454213
0.00000000613 2.03788975303 745.4377410874
0.00000000582 5.43181986865 2953.8009948657
0.00000000754 4.23362271932 1022.7333672597
0.00000000694 4.97705611923 1967.7161905355
0.00000000736 2.16773979972 601.5036182453
0.00000000736 2.17294584865 457.8783119439
0.00000000585 3.31295262517 1791.3262904579
0.00000000709 4.59740934441 3391.4448860056
0.00000000557 4.03051673978 20426.571092422
0.00000000568 2.97493496281 4804.209275927
0.00000000749 4.31005763443 421.93232443
0.00000000613 2.48841615646 1457.525933062
0.00000000554 4.24041493722 385.7568422525
0.00000000560 4.71045037674 420.9691165835
0.00000000580 1.24938803404 5179.5897827258
0.00000000717 1.78237513008 90.5626012464
0.00000000743 0.89577704031 1670.0742689746
0.00000000575 1.40738519930 1656.7409468503
0.00000000559 5.27992199420 388.7257876691
0.00000000582 4.78436996849 5481.7545583808
0.00000000538 0.92867899703 7564.830720738
0.00000000537 2.70209998895 205.2223405907
0.00000000549 2.46772636715 6702.5604938666
0.00000000543 5.63815178398 5062.2699145056
0.00000000552 3.52928852668 203.7378678824
0.00000000566 2.72633185556 5371.5482371614
0.00000000536 0.61517068874 4701.1165017084
0.00000000657 2.19780034527 464.7312265138
0.00000000538 3.89155746884 10632.7701900862
0.00000000537 4.39856777959 8734.4189721466
0.00000000601 0.02012347688 426.0769260142
0.00000000569 4.99684898069 292.0128472684
0.00000000525 2.67460622020 76674.63652943878
0.00000000684 2.81212373910 425.1137181677
0.00000000617 3.05048033943 1560.6187072806
0.00000000516 0.26350469761 5599.074426601
0.00000000653 1.30320179672 10110.1927719924
0.00000000587 4.62055378117 1784.2127434571
0.00000000516 0.22590098117 104.5772469269
0.00000000606 6.05478522396 1809.4855377226
0.00000000507 5.07346157197 615.5182639258
0.00000000599 4.14878473534 184.9879197867
0.00000000621 2.87138344478 119.767548775
0.00000000517 5.27593655530 6018.5590704762
0.00000000613 1.73072364996 607.6539573996
0.00000000516 4.76509211090 419.4364597654
0.00000000496 5.95351653489 4319.279853973
0.00000000602 0.81687029998 680.7386349375
0.00000000611 6.04727862794 1366.2125722902
0.00000000494 0.17691775323 536.05375257
0.00000000494 1.02217524155 523.3281776192
0.00000000579 5.57316761468 4752.9915918498
0.00000000662 4.81579201904 1595.2926704073
0.00000000496 4.41325670501 2758.6611466924
0.00000000497 4.90759130615 102.3420146932
0.00000000657 1.97073031858 2350.8129039121
0.00000000492 1.64857690604 1365.4788591073
0.00000000495 1.74700930048 419.532827985
0.00000000482 2.36084828415 103.843533744
0.00000000576 4.33063045778 4841.8572720668
0.00000000636 0.80538758266 664.2763087022
0.00000000495 3.15151552533 398.2870152247
0.00000000519 5.14436211293 398.1440028728
0.00000000488 5.53605494571 5702.1672008196
0.00000000589 1.83918851359 2740.5018994277
0.00000000600 1.57258402386 634.2682120215
0.00000000515 6.13663617559 1090.8744995782
0.00000000507 4.91055727483 2203.6973873323
0.00000000482 6.19007011658 733.428832977
0.00000000482 1.96061162795 8631.326197928
0.00000000467 0.44909285037 5282.6825569444
0.00000000468 3.39225847512 477.0007670551
0.00000000468 0.94842717325 582.3811631341
0.00000000553 0.44395214498 3995.7744373156
0.00000000469 0.63364469060 1895.1698242019
0.00000000543 1.56691595393 578.449009871
0.00000000543 2.77376969444 480.9329203182
0.00000000573 1.37924154661 1132.6790560482
0.00000000645 1.82777246781 127.4717966068
0.00000000509 1.42883658876 4863.1979130692
0.00000000543 5.97469828305 383.0967133766
0.00000000480 4.52427818977 2132.99095438
0.00000000466 0.60089115861 2645.2734317353
0.00000000468 2.06138965938 2047.9144150742
0.00000000463 5.78476418255 429.5189521828
0.00000000458 3.53021126021 4127.3213995374
0.00000000563 3.95187506851 2416.9964827703
0.00000000534 4.28040929775 843.6351541964
0.00000000471 4.45725457382 2572.1887541974
0.00000000558 2.14288726656 594.6507036754
0.00000000588 1.67757095757 458.090760265
0.00000000482 4.23233218604 6114.538297694
0.00000000449 4.70271243367 1221.8485663214
0.00000000625 2.89222179667 10529.6774158676
0.00000000447 5.40550748355 475.3562356524
0.00000000447 5.21836347200 584.0256945368
0.00000000466 3.79998458212 632.2624744514
0.00000000466 1.71112241331 2833.2997329078
0.00000000461 0.39395878821 1799.1905969841
0.00000000605 5.04018627656 300.6108669775
0.00000000487 2.27433915423 321.0577361026
0.00000000476 2.06167253790 5584.8473325994
0.00000000527 1.59944448425 1336.4169239306
0.00000000447 2.42457766252 18837.49819713819
0.00000000477 1.15122703256 3259.8979237838
0.00000000445 6.05106056124 2535.0671105159
0.00000000450 3.02825599783 540.9972977894
0.00000000450 4.45402230413 518.3846323998
0.00000000607 1.47070997908 6599.467719648
0.00000000504 2.30045636564 1990.3982918943
0.00000000595 2.15046818706 1746.3403402502
0.00000000465 3.76774297614 1083.7609525774
0.00000000602 1.89096655273 354.5249052944
0.00000000602 2.44971909564 704.8570248948
0.00000000579 2.28684602417 597.5714649822
0.00000000579 2.05383962420 461.810465207
0.00000000562 0.48083792934 1858.9943420244
0.00000000464 2.03798249125 1443.4418514123
0.00000000480 5.15413996768 1105.8523531052
0.00000000555 2.41264252030 1379.7059531089
0.00000000444 4.31471304203 420.4478517217
0.00000000597 0.38553497717 3184.3655656911
0.00000000520 6.12913047330 5856.4776591154
0.00000000459 6.22599901288 4113.0943055358
0.00000000442 1.08908006468 1068.9431577448
0.00000000473 5.76062610155 1674.0064222377
0.00000000545 5.90694686339 207.6700211455
0.00000000415 2.96228935766 4760.1051388506
0.00000000432 6.00978313661 2080.6308247406
0.00000000448 0.53354347730 10977.078804699
0.00000000420 5.89402802331 4745.878044849
0.00000000427 5.52450878681 3906.9087570986
0.00000000412 0.43255499792 4105.980758535
0.00000000558 1.02987232016 2347.8439584955
0.00000000413 0.73884800861 3782.4753418776
0.00000000504 5.29358240575 5650.2921106782
0.00000000432 1.29567764027 1300.9922012785
0.00000000549 5.43092120710 8837.5117463652
0.00000000463 4.32056716770 633.305004175
0.00000000465 0.07680283209 207.1487562837
0.00000000445 0.71549866195 3700.7232086614
0.00000000396 1.94737984186 218.7157214094
0.00000000397 0.11410695116 5333.9002410216
0.00000000398 2.95189443490 9492.1463150048
0.00000000418 6.08085042236 206.1373643274
0.00000000399 3.19412012818 1937.7080938548
0.00000000412 2.14157958735 835.7878940127
0.00000000421 3.10101017579 6224.7446189134
0.00000000421 5.74575098379 638.4128136057
0.00000000405 5.57114454703 2424.8607892965
0.00000000435 5.91785408829 4429.4861751924
0.00000000508 2.07929962372 736.8397213783
0.00000000489 5.26819416109 2424.1100297711
0.00000000474 0.35023297708 2879.0193962984
0.00000000395 3.55410546006 3693.6096616606
0.00000000483 5.61092293877 154.2984995498
0.00000000412 3.95817314793 83.3796182764
0.00000000482 6.21265016851 25028.521211385
0.00000000384 0.10028038290 673.6250879367
0.00000000400 2.77460424659 2755.4797529547
0.00000000386 3.30700195922 6327.837393132
0.00000000500 0.77202686943 1973.1328165069
0.00000000414 3.16238841274 1244.226837624
0.00000000397 5.90798757004 50586.73338786459
0.00000000391 5.34395815407 670.6561425201
0.00000000435 2.62532506647 1230.1427559743
0.00000000482 0.83788877002 52175.8062831484
0.00000000468 5.85278677859 1970.6851359521
0.00000000472 5.64546266904 416.7763308895
0.00000000491 2.66311701318 601.2911699242
0.00000000376 3.16843571095 5908.3527492568
0.00000000451 2.86326087284 2527.2028039897
0.00000000461 0.43280745403 9580.5018068978
0.00000000373 1.51273456935 9264.1099372412