0.11823100489 3.55844646343 529.6909650946
0.00859031952 0.0 0.0
0.00286562094 3.90812238338 1059.3819301892
0.00042388592 3.60144191032 522.5774180938
0.00033295491 0.30297050585 536.8045120954
0.00010416160 4.25764593061 1589.0728952838
0.00007449294 5.24213104150 103.0927742186
0.00006910102 1.75032945752 7.1135470008
0.00005292012 1.68231447192 426.598190876
0.00004313598 3.70673689841 213.299095438
0.00003784265 2.71522544491 110.2063212194
0.00003798016 2.16715743175 632.7837393132
0.00002455385 2.96904135659 1052.2683831884
0.00002461547 2.99889460411 1162.4747044078
0.00002001451 2.68535838309 419.4846438752
0.00002163471 6.26718259854 846.0828347512
0.00001633653 0.64194743493 1066.49547719
0.00001450672 1.17108416193 949.1756089698
0.00000693095 5.14278041161 316.3918696566
0.00000715042 1.41211197820 323.5054166574
0.00000549720 4.84164274378 742.9900605326
0.00000447831 4.60746588621 2118.7638603784
0.00000543619 3.69636561822 515.463871093
0.00000483852 4.71796110160 735.8765135318
0.00000365100 6.06065925437 206.1855484372
0.00000288980 0.40266293090 525.7588118315
0.00000254938 0.17978560944 543.9180590962
0.00000195137 3.35374802237 1692.1656695024
0.00000253254 3.57485315487 533.6231183577
0.00000196691 2.65526923569 956.2891559706
0.00000154379 1.47050669470 625.6701923124
0.00000145972 5.96112903396 838.9692877504
0.00000162371 3.12160596807 1581.959348283
0.00000135954 2.23721600610 1478.8665740644
0.00000135376 4.03180075278 1265.5674786264
0.00000118734 6.19132554294 532.8723588323
0.00000121147 4.06252466827 526.5095713569
0.00000113963 0.34443034869 1375.7737998458
0.00000133095 1.61283648080 14.2270940016
0.00000089416 0.98707919437 1596.1864422846
0.00000091948 5.29521569721 95.9792272178
0.00000071808 2.60370257221 117.3198682202
0.00000063527 0.97603653343 433.7117378768
0.00000064121 4.63524391670 1368.660252845
0.00000059116 0.42038566170 220.4126424388
0.00000060054 1.05875226211 942.062061969
0.00000054868 6.14868344705 1169.5882514086
0.00000047058 2.39069042869 853.196381752
0.00000056617 5.78644786940 639.897286314
0.00000041028 5.07649815801 309.2783226558
0.00000054980 2.72414041857 1045.1548361876
0.00000039937 2.63014962920 380.12776796
0.00000034887 3.06644858707 412.3710968744
0.00000033112 2.21084011524 74.7815985673
0.00000024753 4.09311535367 527.2432845398
0.00000021473 5.68324848411 1272.6810256272
0.00000021259 4.15648418623 1685.0521225016
0.00000021214 4.95749714252 2648.454825473
0.00000019531 3.58685387193 529.7391492044
0.00000024578 6.16442414965 532.1386456494
0.00000021217 4.46071227915 1155.361157407
0.00000021279 3.98105217713 1795.258443721
0.00000019533 0.38904271302 529.6427809848
0.00000019570 4.37171598624 149.5631971346
0.00000019447 1.27663598466 330.6189636582
0.00000015440 0.72260027140 530.6541729411
0.00000014562 5.50135998822 1471.7530270636
0.00000017624 1.31667827871 3.9321532631
0.00000013309 2.77897533854 2008.557539159
0.00000013206 3.64976502017 2221.856634597
0.00000013142 0.72687086889 1055.4497769261
0.00000015413 4.31958059396 1063.3140834523
0.00000014193 3.67387943991 2111.6503133776
0.00000012996 1.31000927869 453.424893819
0.00000011738 6.14331082365 199.0720014364
0.00000015482 3.25291782438 528.7277572481
0.00000010389 0.51378228980 1073.6090241908
0.00000012990 1.87234255615 984.6003316219
0.00000012280 1.99030236725 38.1330356378
0.00000010473 0.26689008608 10213.285546211
0.00000008875 0.13793367408 305.3461693927
0.00000007692 5.08407965373 1788.1448967202
0.00000007861 3.79832245754 76.2660712756
0.00000008714 1.58825029218 3.1813937377
0.00000007143 4.01912438773 2001.4439921582
0.00000006752 5.50960892986 1898.3512179396
0.00000007441 1.30439352743 618.5566453116
0.00000006896 1.74025919863 529.1697002328
0.00000007365 3.26347830221 1485.9801210652
0.00000006518 0.90320354569 1905.4647649404
0.00000008347 5.96531853825 909.8187330546
0.00000007728 4.61604781975 728.762966531
0.00000006887 2.23549334986 530.2122299564
0.00000005783 6.02338915633 831.8557407496
0.00000005788 0.26042181508 1062.5633239269
0.00000005581 6.17489228666 1258.4539316256
0.00000005154 1.33592252764 2125.8774073792
0.00000004916 0.18728472832 1699.2792165032
0.00000005480 3.12818768952 604.4725636619
0.00000004967 3.92882210242 508.3503240922
0.00000004994 0.03902921434 1439.5096981492
0.00000005269 4.06576160798 1056.2005364515
0.00000004711 0.87975326503 490.3340891794
0.00000004221 2.57304081485 99.1606209555
0.00000004005 2.96062737592 526.7702037878
0.00000003959 1.38163787157 532.6117264014
0.00000004844 1.47818569722 454.9093665273
0.00000003683 0.33555577415 528.9402055692
0.00000003681 4.00539820601 530.44172462
0.00000003623 0.28674357330 227.5261894396
0.00000004295 3.45202038167 569.0478410098
0.00000003458 4.40401766789 519.3960243561
0.00000003435 5.34191505443 11.0457002639
0.00000003355 4.80063248866 2104.5367663768
0.00000003535 1.18645749024 525.4981794006
0.00000003477 3.15607509055 533.8837507886
0.00000003219 5.37130793285 2214.7430875962
0.00000004358 2.16300555603 1021.2488945514
0.00000003334 0.38640772450 224.3447957019
0.00000002697 6.22459411775 539.9859058331
0.00000003143 0.15836271478 750.1036075334
0.00000002649 3.80434469443 2317.8358618148
0.00000002856 0.29274516197 983.1158589136
0.00000003424 5.16456871383 1.4844727083
0.00000002725 0.64710955846 524.0618908021
0.00000002623 0.25280896703 551.031606097
0.00000002685 3.69478866795 535.3200393871
0.00000002939 0.64629595693 540.7366653585
0.00000002398 4.36615854926 2428.0421830342
0.00000002597 1.15824869762 963.4027029714
0.00000002769 0.20040217534 525.0250986486
0.00000002336 3.71676131146 529.851023789
0.00000002336 0.62392433691 529.5309064002
0.00000002491 2.84297287947 1382.8873468466
0.00000002598 4.13924061941 534.3568315406
0.00000002747 1.76471074936 524.2743391232
0.00000002475 0.99313692673 934.9485149682
0.00000002704 2.57406093768 535.107591066
0.00000002302 5.84295144929 1148.2476104062
0.00000002068 5.96196623799 440.8252848776
0.00000002012 4.95946680265 1361.5467058442
0.00000001987 0.18375525793 1802.3719907218
0.00000001934 2.82066156035 835.0371344873
0.00000002147 5.96724060411 1891.2376709388
0.00000001940 3.63687343812 2324.9494088156
0.00000001763 2.57382733259 415.5524906121
0.00000001860 5.24230405559 2531.1349572528
0.00000001707 5.38883058569 302.164775655
0.00000002152 1.74557444220 21.3406410024
0.00000001613 3.45966511571 529.4785167735
0.00000001613 0.88102053266 529.9034134157
0.00000002134 2.79657990895 35.4247226521
0.00000001593 1.37312370449 1574.8458012822
0.00000001510 3.41611736454 518.6452648307
0.00000001579 3.96836848379 2420.9286360334
0.00000001630 1.31973482281 39.3568759152
0.00000001598 2.53043088824 511.5317178299
0.00000001841 5.72475961436 531.1754378029
0.00000001537 1.84394223501 547.8502123593
0.00000001771 4.87234280655 528.2064923863
0.00000001656 1.27834742762 173.9422195228
0.00000001242 1.65064670901 643.8294395771
0.00000001302 3.54050271463 3340.6124266998
0.00000001236 5.41985106155 107.0249274817
0.00000001165 1.48429677606 960.2213092337
0.00000001166 5.12888892088 1048.3362299253
0.00000001153 4.78828764413 514.7131115676
0.00000001153 4.22743390789 2744.4340526908
0.00000001478 3.73912254261 230.5645708254
0.00000001121 6.27688038656 387.2413149608
0.00000001112 5.83569926578 544.6688186216
0.00000001170 1.05508911315 1512.8068240082
0.00000001113 5.74217831509 3480.3105662226
0.00000001507 4.16985097397 1364.7280995819
0.00000001120 5.02238271412 1464.6394800628
0.00000001232 2.83088412944 2538.2485042536
0.00000001179 4.62538441124 1056.9342496344
0.00000001278 3.86396842379 92.0470739547
0.00000001094 2.73378417498 299.1263942692
0.00000001345 0.63863230611 1061.829610744
0.00000000977 3.50831165685 2.4476805548
0.00000001323 4.03638019689 494.2662424425
0.00000001310 5.45458264580 1057.8974574809
0.00000000966 3.51363341772 2634.2277314714
0.00000001053 5.49394122920 3178.1457905676
0.00000000984 4.22960042766 430.5303441391
0.00000000937 3.77590974564 2641.3412784722
0.00000000932 4.11879245377 1059.430114299
0.00000000941 0.30660455816 70.8494453042
0.00000000925 1.29091785470 2435.155730035
0.00000000950 3.88567620136 3377.217792004
0.00000001051 5.62777473038 2207.6295405954
0.00000001020 1.77520625500 312.4597163935
0.00000000946 4.13718116942 1677.9385755008
0.00000001080 2.32932073464 106.2741679563
0.00000000890 0.03582895580 647.0108333148
0.00000001086 2.80157071056 1038.0412891868
0.00000001158 0.32499630540 565.1156877467
0.00000001098 1.00937080256 523.5406259403
0.00000000932 0.92098132614 1059.3337460794
0.00000000821 3.41471589329 2950.619601128
0.00000000929 2.30521635468 1514.2912967165
0.00000000915 1.48306891526 10.2949407385
0.00000000911 3.32547809355 18.1592472647
0.00000000786 2.82286526802 1134.1635287565
0.00000000954 0.13401891198 3906.9087570986
0.00000000994 3.33159283750 535.8413042489
0.00000000792 5.10203109941 2524.021410252
0.00000000824 1.74472748730 529.9515975255
0.00000000824 2.59595816107 529.4303326637
0.00000000762 4.30564108086 672.1406152284
0.00000000872 5.03498959444 679.2541622292
0.00000000839 3.34536065236 124.433415221
0.00000000927 4.91765336511 1593.0050485469
0.00000000826 5.05738343335 2847.5268269094
0.00000000738 0.70435921398 522.529233984