0.04330678039 3.60284428399 213.299095438
0.00240348302 2.85238489373 426.598190876
0.00084745939 0.0 0.0
0.00030863357 3.48441504555 220.4126424388
0.00034116062 0.57297307557 206.1855484372
0.00014734070 2.11846596715 639.897286314
0.00009916667 5.79003188904 419.4846438752
0.00006993564 4.73604689720 7.1135470008
0.00004807588 5.43305312061 316.3918696566
0.00004788392 4.96512926584 110.2063212194
0.00003432125 2.73255746600 433.7117378768
0.00001506129 6.01304519391 103.0927742186
0.00001060298 5.63099296460 529.6909650946
0.00000969071 5.20434966293 632.7837393132
0.00000942050 1.39646688872 853.196381752
0.00000707645 3.80302289005 323.5054166574
0.00000552314 5.13149119536 202.2533951741
0.00000399674 3.35891409671 227.5261894396
0.00000316063 1.99716693551 647.0108333148
0.00000319380 3.62571687438 209.3669421749
0.00000284495 4.88648507126 224.3447957019
0.00000314224 0.46510248959 217.2312487011
0.00000236441 2.13887684631 11.0457002639
0.00000215354 5.94982561020 846.0828347512
0.00000208523 2.12003937634 415.5524906121
0.00000178958 2.95361337281 63.7358983034
0.00000207214 0.73021353207 199.0720014364
0.00000139140 1.99821987827 735.8765135318
0.00000134884 5.24501026174 742.9900605326
0.00000140585 0.64417933116 490.3340891794
0.00000121669 3.11537142395 522.5774180938
0.00000139240 4.59535592976 14.2270940016
0.00000115525 3.10892020920 216.4804891757
0.00000114218 0.96262037933 210.1177017003
0.00000096377 4.48164269503 117.3198682202
0.00000080594 1.31693242934 277.0349937414
0.00000072953 3.05987977572 536.8045120954
0.00000069261 4.92378376874 309.2783226558
0.00000074302 2.89377583784 149.5631971346
0.00000068041 2.18001288710 351.8165923087
0.00000061733 0.67727575242 1066.49547719
0.00000056598 2.60962477110 440.8252848776
0.00000048864 5.78725829726 95.9792272178
0.00000048242 2.18211814462 74.7815985673
0.00000038304 5.29151507162 1059.3819301892
0.00000036322 1.63347180455 628.8515860501
0.00000035055 1.71278162034 1052.2683831884
0.00000034270 2.45739879861 422.6660376129
0.00000034314 5.97994688275 412.3710968744
0.00000033788 1.14074435448 949.1756089698
0.00000031633 4.14722028612 437.6438911399
0.00000036834 6.27770255515 1162.4747044078
0.00000026984 1.27148410951 860.3099287528
0.00000023516 2.74935309134 838.9692877504
0.00000023459 0.98962524752 210.8514148832
0.00000023599 4.11386769857 3.9321532631
0.00000023631 3.07427178660 215.7467759928
0.00000020813 3.51085178074 330.6189636582
0.00000019509 2.81860617670 127.4717966068
0.00000017103 3.89783901305 214.2623032845
0.00000017635 6.19717997355 703.6331846174
0.00000017824 2.28523987140 388.4651552382
0.00000020934 0.14356449654 430.5303441391
0.00000016551 1.66649361181 38.1330356378
0.00000019099 2.97700224420 137.0330241624
0.00000015517 4.54795623900 956.2891559706
0.00000017065 0.16611037368 212.3358875915
0.00000014169 0.48937272443 213.3472795478
0.00000019027 6.27326596357 423.4167971383
0.00000013345 2.37139629634 429.7795846137
0.00000012565 1.03177371258 563.6312150384
0.00000014173 3.57477472425 213.2509113282
0.00000011374 1.45298798816 1368.660252845
0.00000010584 6.17636945166 200.7689224658
0.00000010600 3.84356693852 138.5174968707
0.00000010263 2.17427018729 76.2660712756
0.00000010072 1.33201729128 565.1156877467
0.00000012058 0.44148218737 222.8603229936
0.00000010368 1.85281517515 350.3321196004
0.00000008706 2.58147597130 1155.361157407
0.00000008470 1.97888106159 625.6701923124
0.00000008518 4.51648111567 3.1813937377
0.00000007439 4.92600810037 212.7778305762
0.00000007409 2.03508355026 288.0806940053
0.00000008137 3.98505041656 85.8272988312
0.00000007985 2.20797256457 362.8622925726
0.00000006611 6.14943940547 417.0369633204
0.00000007753 6.23664541592 1478.8665740644
0.00000006318 1.87385475668 654.1243803156
0.00000006319 1.17329432448 1265.5674786264
0.00000005842 2.35830893941 750.1036075334
0.00000005809 5.01605720364 479.2883889155
0.00000008079 0.42573508414 554.0699874828
0.00000006013 5.58956703310 425.1137181677
0.00000007443 5.41863022509 213.8203602998
0.00000007567 2.68448652355 191.2076949102
0.00000007421 4.19346867637 9.5612275556
0.00000005466 3.21737975737 234.6397364404
0.00000005661 1.46972995704 265.9892934775
0.00000005851 4.81779259708 1.4844727083
0.00000005340 3.45754460657 203.7378678824
0.00000004959 1.04652918134 12.5301729722
0.00000004920 3.85621572217 173.9422195228
0.00000004885 1.94822927870 195.1398481733
0.00000005622 0.81876912331 52.6901980395
0.00000005200 3.32831141176 515.463871093
0.00000004927 3.81806645978 225.8292684102
0.00000005033 0.10753911773 252.6559713532
0.00000004415 5.45507718301 408.4389436113
0.00000004169 1.21147053668 1685.0521225016
0.00000004066 6.24209791402 1279.794572628
0.00000003972 6.13849757304 217.491881132
0.00000005397 5.67209673575 1375.7737998458
0.00000003916 5.96103967590 210.3783341312
0.00000004018 0.99841407086 842.1506814881
0.00000003899 4.58977109833 1272.6810256272
0.00000003764 3.30656219997 212.5483359126
0.00000004345 3.18572215775 414.0680179038
0.00000003565 4.75263028087 207.8824694666
0.00000003542 2.30824066107 1471.7530270636
0.00000003733 1.61005453160 635.9651330509
0.00000003709 2.97075604030 223.5940361765
0.00000003576 3.83445473719 483.2205421786
0.00000004053 3.72114172268 942.062061969
0.00000003756 0.74980502523 214.0498549634
0.00000003162 3.64544174931 207.6700211455
0.00000003149 2.27652164307 728.762966531
0.00000003971 4.37874031224 216.2198567448
0.00000003541 5.62285095602 218.7157214094
0.00000002965 3.40116954988 650.9429865779
0.00000003949 4.19725654798 209.106309744
0.00000002854 4.81078713241 231.4583427027
0.00000002826 0.86693896405 217.964961884
0.00000002970 5.75170150936 160.6088973985
0.00000002725 0.47979226347 497.4476361802
0.00000002787 4.03141540529 62.2514255951
0.00000002605 5.04158135498 65.2203710117
0.00000002652 0.30600516628 424.1505103212
0.00000002544 2.76497538450 543.9180590962
0.00000002486 5.78393991822 99.1606209555
0.00000003209 0.42853180320 218.9281697305
0.00000002509 2.94706968663 70.8494453042
0.00000002308 0.63864314515 251.4321310758
0.00000002870 4.31953619024 767.3690829208
0.00000002232 0.56925732199 1073.6090241908
0.00000002245 1.69948898267 488.8496164711
0.00000002283 1.55577121099 601.7642506762
0.00000002385 4.44576406679 21.3406410024
0.00000002096 5.77427724778 88.865680217
0.00000002363 3.35780875610 124.433415221
0.00000002163 6.24043411110 1795.258443721
0.00000002452 3.19799065056 208.633228992
0.00000002032 4.87022235349 327.4375699205
0.00000001951 5.56009679471 18.1592472647
0.00000002283 4.22370918126 22.0914005278
0.00000002217 4.61440126600 302.164775655
0.00000001887 5.45618090482 142.4496501338
0.00000002075 3.55620806580 1169.5882514086
0.00000002069 2.75791541992 491.8185618877
0.00000001811 5.96559795987 213.1872208534
0.00000001813 1.39785635676 211.8146227297
0.00000001842 1.14981052498 203.0041546995
0.00000001854 1.41375949092 1581.959348283
0.00000001697 3.23600230705 427.5613987225
0.00000001737 5.45931200885 916.9322800554
0.00000001714 6.14712457923 643.8294395771
0.00000001948 5.70782269431 425.6349830295
0.00000001771 3.36168499135 248.7238180901
0.00000001612 0.97888345985 2001.4439921582
0.00000001970 2.59656817371 429.0458714308
0.00000001628 0.73975250664 177.8743727859
0.00000001564 2.04331379709 1788.1448967202
0.00000001578 6.02224841728 426.6463749858
0.00000001938 5.48121921327 636.7158925763
0.00000001650 4.61633270100 621.7380390493
0.00000001552 2.55530041483 692.5874843535
0.00000001484 6.17153831218 56.6223513026
0.00000001782 3.26132698511 175.1660598002
0.00000001504 2.59954462117 228.276948965
0.00000001559 0.36279929032 776.9303104764
0.00000001799 3.46401859786 1258.4539316256
0.00000001521 3.75579841603 213.5115437591
0.00000001811 4.37544045833 213.4109700226
0.00000001521 0.30205469499 213.0866471169
0.00000001608 4.66711444750 269.9214467406
0.00000001525 1.47929210450 198.321241911
0.00000001408 1.38479725436 501.3797894433
0.00000001328 0.23744796611 148.0787244263
0.00000001306 2.41189915346 275.5505210331
0.00000001578 2.82446177645 426.5500067662
0.00000001203 1.36914857586 235.3904959658
0.00000001295 5.75202524600 1692.1656695024
0.00000001296 3.04111189978 831.8557407496
0.00000001283 1.62385668800 643.0786800517
0.00000001617 1.31174745624 214.7835681463
0.00000001347 4.01273175674 278.5194664497
0.00000001166 0.09627606633 340.7708920448
0.00000001115 2.20439351972 221.3758502853
0.00000001176 1.07507979885 312.1990839626
0.00000001107 1.50336763826 289.5651667136
0.00000001144 4.40126055317 213.5597278689
0.00000001254 0.21632674588 404.5067903482
0.00000001081 3.17372260720 98.8999885246
0.00000001103 0.23595226512 617.8058857862
0.00000001077 3.51664194540 312.4597163935
0.00000001040 0.53952129629 778.4147831847
0.00000001195 2.11225017751 205.2223405907
0.00000001093 5.16257298332 630.3360587584
0.00000001144 5.93977666300 213.0384630071
0.00000001041 4.79618391843 106.2741679563
0.00000001100 0.02510443195 219.4494345923
0.00000001311 5.93851599975 436.1594184316
0.00000001260 0.72452520369 355.7487455718
0.00000000950 2.00808047619 1045.1548361876
0.00000001186 1.84895575360 151.0476698429
0.00000000974 3.01097260601 696.5196376166
0.00000000925 4.88211292859 39.3568759152
0.00000000962 2.80149935780 738.7972748386
0.00000001011 6.26998804708 121.2520214833
0.00000000904 4.15192741336 426.0769260142
0.00000000905 4.24229297080 10.2949407385
0.00000000895 2.47587599090 447.9388318784
0.00000001185 0.85291199481 525.4981794006
0.00000000824 3.97540449663 210.5907824523
0.00000000831 4.05257243032 207.1487562837
0.00000000937 5.44394998560 344.7030453079
0.00000000823 2.08746321895 358.9301393095
0.00000000971 5.09552461634 1589.0728952838
0.00000001037 1.04137394185 2.4476805548
0.00000000816 0.62164413625 188.9200730498
0.00000000799 3.36371952944 237.6781178262
0.00000000755 5.90949038138 284.1485407422
0.00000000870 1.62752216846 114.1384744825
0.00000000734 6.23533301101 2111.6503133776
0.00000000767 2.73664500903 627.3671133418
0.00000000702 0.72502286437 10213.285546211
0.00000000802 5.84200950846 905.8865797915
0.00000000711 1.78782570541 2104.5367663768
0.00000000670 0.75878091288 2317.8358618148
0.00000000721 4.95644466131 638.4128136057
0.00000000796 4.87618145458 342.2553647531
0.00000000835 3.19493605235 1574.8458012822
0.00000000703 0.35096590748 220.4608265486
0.00000000824 0.08813665925 216.0074084237
0.00000000653 4.19584155890 247.2393453818
0.00000000826 4.66851909771 427.1194557378
0.00000000690 0.41878008133 5856.4776591154
0.00000000690 1.34027763379 6283.0758499914
0.00000000690 0.58291546593 213.4591541324
0.00000000639 1.20313256921 867.4234757536
0.00000000830 1.57245339397 1898.3512179396
0.00000000753 1.51134840380 576.1613880106
0.00000000629 2.83572587420 420.9691165835
0.00000000690 3.48062808501 213.1390367436
0.00000000600 5.22938546212 212.0270710508
0.00000000565 5.28088109001 423.6774295692
0.00000000552 5.83275968368 84.3428261229
0.00000000546 3.56643191798 1485.9801210652
0.00000000698 1.92018887936 134.5853436076
0.00000000642 6.14979274963 179.3588454942
0.00000000648 5.15908137311 8.0767548473
0.00000000551 3.33126728060 980.6681783588
0.00000000511 3.87014193733 125.9873238985
0.00000000506 0.80320571787 181.0557665236
0.00000000564 4.05855236390 831.1049812242
0.00000000681 3.45804381274 220.364458329
0.00000000541 2.39250089139 421.93232443
0.00000000499 3.11511715593 439.1283638482
0.00000000517 2.75421533096 1148.2476104062
0.00000000492 4.47188785467 558.0021407459
0.00000000467 4.18104958104 444.7574381407
0.00000000458 0.60793900778 206.233732547
0.00000000542 3.28773751990 245.5424243524
0.00000000476 5.48498169187 35.4247226521
0.00000000473 2.42624729800 436.8931316145
0.00000000481 3.72402124244 206.1373643274
0.00000000435 1.61738373338 191.9584544356
0.00000000488 0.26044630515 416.3032501375
0.00000000493 4.13592086433 518.6452648307
0.00000000595 5.11706007934 214.5711198252
0.00000000485 5.17582938740 67.6680515665
0.00000000463 5.53167637735 418.5214360287
0.00000000421 5.57349965100 430.79097657
0.00000000446 6.20659186999 73.297125859
0.00000000421 4.65776470174 543.0242872189
0.00000000434 2.95308692533 5.4166259714
0.00000000416 4.36421141391 113.3877149571
0.00000000495 5.38079175722 391.1734682239
0.00000000520 3.99931649474 618.5566453116
0.00000000436 1.60973242385 2214.7430875962
0.00000000429 3.26913352440 144.1465711632
0.00000000398 2.38271972354 299.1263942692
0.00000000399 0.06286559226 206.706813299
0.00000000394 2.75546648016 425.8474313506
0.00000000508 2.86808537292 337.732510659
0.00000000475 5.68509067131 320.3240229197
0.00000000432 0.68163112404 116.4260963429
0.00000000404 1.84176320262 9786.687355335
0.00000000371 5.83302263848 2008.557539159
0.00000000383 4.24902896165 387.2413149608
0.00000000416 3.81981017953 429.5189521828
0.00000000491 4.18581559869 219.891377577
0.00000000352 1.65614871433 963.4027029714
0.00000000353 5.50247369979 305.3461693927
0.00000000431 4.39270197284 353.301065017
0.00000000375 2.67821771477 319.5732633943
0.00000000359 3.54670795682 421.1815649046
0.00000000340 5.19168674166 69.1525242748
0.00000000358 1.11860953046 1044.4040766622
0.00000000335 1.84390801866 1361.5467058442
0.00000000328 6.07083706546 710.7467316182
0.00000000328 1.48617165814 2420.9286360334
0.00000000359 5.62844033096 78.7137518304
0.00000000406 2.91427166192 1891.2376709388
0.00000000398 2.08904340960 4.665866446
0.00000000326 1.62391387691 5.6290742925
0.00000000406 1.87387964143 114.3991069134
0.00000000393 0.56483175403 128.9562693151
0.00000000312 5.29467337499 347.8844390456
0.00000000310 0.31238727781 427.3489504014
0.00000000308 2.84951154508 487.3651437628
0.00000000291 3.26164407025 494.2662424425
0.00000000303 4.94026133382 373.9079928365
0.00000000289 6.15818236951 969.6224780949
0.00000000289 2.05371431350 214.5229357154
0.00000000289 2.83591185309 212.0752551606
0.00000000398 6.03816982033 432.2272651685
0.00000000296 0.30256895246 1055.4497769261
0.00000000281 5.41563930133 1493.093668066
0.00000000279 1.29758402126 241.6102710893
0.00000000316 6.24175867183 465.9550667912
0.00000000274 5.04030677281 458.8415197904
0.00000000296 3.04457317761 211.6021744086
0.00000000274 2.72694385790 145.6310438715
0.00000000293 1.32510426110 159.1244246902
0.00000000262 6.11909674971 2428.0421830342
0.00000000323 1.17506470507 815.0633461142
0.00000000345 5.37087060064 428.0826635843
0.00000000259 0.43312375237 2634.2277314714
0.00000000275 0.91523125970 849.2642284889
0.00000000340 1.29333224497 329.7251917809
0.00000000245 3.52292725422 184.9879197867
0.00000000294 4.29357944566 4.192785694
0.00000000339 1.03807224042 32.2433289144
0.00000000243 3.12855303383 525.7588118315
0.00000000260 5.99230748755 20.6069278195
0.00000000303 3.96700505482 934.9485149682
0.00000000285 5.69508675378 220.9339073006
0.00000000239 2.09555267955 292.0128472684
0.00000000242 0.98708611400 282.4516197128
0.00000000278 2.81623774774 87.3117715395
0.00000000236 5.79564763644 280.9671470045
0.00000000285 4.76191845771 54.1746707478
0.00000000246 1.83689902078 214.9960164674
0.00000000238 3.52746857675 267.4737661858
0.00000000221 0.48491368453 153.4953503977
0.00000000293 5.91443975841 14.977853527
0.00000000234 0.29943001944 14.0146456805
0.00000000229 3.91824487445 182.279606801
0.00000000217 3.96246111595 894.8408795276
0.00000000219 1.46332840761 2531.1349572528
0.00000000210 2.01138855049 211.8628068395
0.00000000210 2.87823761610 214.7353840365
0.00000000238 1.85151589425 221.1634019642
0.00000000224 2.49627363443 1464.6394800628
0.00000000209 2.97668922368 273.1028404783
0.00000000217 4.03157211714 835.0371344873
0.00000000210 2.56879577970 593.426863398
0.00000000218 1.71986486818 0.9632078465
0.00000000199 3.53454927143 219.6618829134
0.00000000197 2.65217451107 864.2420820159
0.00000000219 3.46298090101 1182.9215735329
0.00000000199 2.56032050107 264.5048207692
0.00000000198 2.03496428789 757.2171545342
0.00000000237 5.05389714734 254.9435932136
0.00000000191 2.07085765545 756.3233826569
0.00000000193 1.67672523671 1677.9385755008
0.00000000191 1.05268402350 702.1487119091
0.00000000181 1.89155460161 6.1503391543
0.00000000182 1.25399442586 2737.32050569
0.00000000204 1.98013238720 199.2844497575
0.00000000186 2.81423428570 569.0478410098
0.00000000246 3.55854724228 1251.3403846248
0.00000000215 4.52280780251 3060.8259223474
0.00000000191 4.20339468962 556.5176680376
0.00000000216 2.91269882645 205.4347889118
0.00000000217 2.64444506679 2207.6295405954
0.00000000225 0.14260206070 131.4039498699
0.00000000189 1.26887540631 192.6921676185
0.00000000179 6.15317278899 2.9207613068
0.00000000177 2.01695854061 705.1176573257
0.00000000188 2.92470690680 227.3137411185
0.00000000181 3.62240562060 233.9060232575
0.00000000166 5.85339140145 637.4496057592
0.00000000163 3.50597489635 1382.8873468466
0.00000000159 0.13374057204 431.264057322
0.00000000158 5.92245215131 96.8729990951
0.00000000178 4.55357947656 46.470422916
0.00000000157 1.36083501113 51.2057253312
0.00000000155 6.23981289223 464.7312265138
0.00000000155 6.02665412124 1286.9081196288
0.00000000175 4.95229737861 1905.4647649404
0.00000000155 1.36669731999 206.9363079626
0.00000000153 6.05959444754 561.1835344836
0.00000000209 4.50587176454 24.3790223882
0.00000000185 5.49830792597 205.6642835754
0.00000000160 4.18196878857 3340.6124266998
0.00000000160 2.85370771355 209.1544938538
0.00000000161 4.98116500495 2648.454825473
0.00000000152 0.85402744302 570.7447620392
0.00000000156 2.03601440129 217.4436970222
0.00000000199 3.54516172322 533.6231183577
0.00000000192 3.98017256784 212.4053235607
0.00000000192 0.90945359875 214.1928673153
0.00000000160 2.51655480826 3127.3133312618
0.00000000145 0.93224513634 1994.3304451574
0.00000000141 5.66792977216 120.358249606
0.00000000141 3.89020113314 454.9093665273
0.00000000152 1.01334637716 2840.4132799086
0.00000000172 4.15291117436 2.9689454166
0.00000000146 5.26793940136 7.065362891
0.00000000177 0.43379056817 140.001969579
0.00000000144 3.95680110529 300.6108669775
0.00000000152 4.29519544232 555.5544601911
0.00000000143 4.15384555539 31.019488637
0.00000000139 0.79816062945 166.828672522
0.00000000138 4.20351932278 731.9443602687
0.00000000135 1.27076215169 92.940845832
0.00000000165 1.95234114570 107.0249274817
0.00000000153 3.07459476684 3480.3105662226
0.00000000125 3.41715448905 1802.3719907218
0.00000000128 5.83871918040 2324.9494088156
0.00000000129 2.76004244710 480.7728616238
0.00000000122 4.75255632197 2854.6403739102
0.00000000129 4.67728640900 913.9633346388
0.00000000146 3.71120275400 546.956440482
0.00000000121 1.19996163830 572.2292347475
0.00000000119 4.58843728974 339.2864193365
0.00000000127 6.19604979468 59.8037450403
0.00000000123 5.98410087513 477.8039162072
0.00000000122 5.83022118428 990.2294059144
0.00000000151 2.39461871323 2524.021410252
0.00000000147 4.98185357367 850.0149880143
0.00000000127 0.47350572564 6.592282139
0.00000000116 4.71520095067 1130.2313754934
0.00000000129 5.42390176195 2538.2485042536
0.00000000111 4.51407828148 1699.2792165032
0.00000000112 4.14868763908 422.405405182
0.00000000114 2.06498377101 952.0963702766
0.00000000111 5.53282324077 857.1285350151
0.00000000109 3.00010064569 420.4478517217
0.00000000112 2.20703498575 395.578702239
0.00000000147 1.52595534648 552.5855147745
0.00000000117 5.47540280598 2957.7331481288
0.00000000112 2.57013750439 462.0229135281
0.00000000122 4.96297462820 638.9340784675
0.00000000104 1.91100566417 472.1748419147
0.00000000116 2.82952794316 450.9772132642
0.00000000115 2.25851835662 1781.0313497194
0.00000000110 4.86686492403 2914.0142358238
0.00000000109 4.43985900785 405.9912630565
0.00000000102 5.90339898565 99.9113804809
0.00000000101 2.53384198507 640.8604941605
0.00000000099 5.92243081537 411.620337349
0.00000000112 5.53973044575 381.3516082374
0.00000000100 5.21941099435 426.4863162914
0.00000000137 2.20274006149 7.1617311106
0.00000000098 1.28529782746 2847.5268269094
0.00000000116 5.23339044745 1119.1856752295
0.00000000095 4.26064274880 540.7366653585
0.00000000098 5.27111748177 639.9454704238
0.00000000107 4.38928414646 412.5835451955
0.00000000093 5.35804852851 334.5511169213
0.00000000094 1.16752767262 5643.1785636774
0.00000000106 4.19024947696 486.4019359163
0.00000000096 0.59550056424 714.6788848813
0.00000000094 0.54288367991 423.6292454594
0.00000000110 2.82868370028 468.2426886516
0.00000000083 6.12463094765 380.12776796
0.00000000084 2.20225020879 909.8187330546
0.00000000105 2.66527620584 460.5384408198
0.00000000085 5.20920130922 562.1467423301
0.00000000084 0.14539857176 681.5417840896
0.00000000080 3.03593152930 409.9234163196
0.00000000096 5.09479638103 92.0470739547
0.00000000110 2.03631813918 642.3449668688
0.00000000080 5.71278977344 361.3778198643
0.00000000084 3.00961145051 426.8106391971
0.00000000085 4.28770375675 135.5485514541
0.00000000092 5.33175140498 432.0148168474
0.00000000084 5.83905303666 426.3857425549
0.00000000086 1.51279442193 760.25553592
0.00000000100 3.62925349282 426.7100654606
0.00000000098 2.07358165085 639.8491022042
0.00000000093 4.30269200820 3377.217792004
0.00000000075 2.89079162661 806.725958836
0.00000000072 4.85280339422 392.6579409322
0.00000000080 4.11844342601 774.4826299216
0.00000000080 0.88340921666 856.3777754897
0.00000000083 0.11455345099 402.2191684878