0.87401354025 0.0 0.0
0.11107659762 3.96205090159 213.299095438
0.01414150957 4.58581516874 7.1135470008
0.00398379389 0.52112032699 206.1855484372
0.00350769243 3.30329907896 426.598190876
0.00206816305 0.24658372002 103.0927742186
0.00079271300 3.84007056878 220.4126424388
0.00023990355 4.66976924553 110.2063212194
0.00016573588 0.43719228296 419.4846438752
0.00014906995 5.76903183869 316.3918696566
0.00015820290 0.93809155235 632.7837393132
0.00014609559 1.56518472000 3.9321532631
0.00013160301 4.44891291899 14.2270940016
0.00015053543 2.71669915667 639.897286314
0.00013005299 5.98119023644 11.0457002639
0.00010725067 3.12939523827 202.2533951741
0.00005863206 0.23656938524 529.6909650946
0.00005227757 4.20783365759 3.1813937377
0.00006126317 1.76328667907 277.0349937414
0.00005019687 3.17787728405 433.7117378768
0.00004592550 0.61977744975 199.0720014364
0.00004005867 2.24479718502 63.7358983034
0.00002953796 0.98280366998 95.9792272178
0.00003873670 3.22283226966 138.5174968707
0.00002461186 2.03163875071 735.8765135318
0.00003269484 0.77492638211 949.1756089698
0.00001758145 3.26580109940 522.5774180938
0.00001640172 5.50504453050 846.0828347512
0.00001391327 4.02333150505 323.5054166574
0.00001580648 4.37265307169 309.2783226558
0.00001123498 2.83726798446 415.5524906121
0.00001017275 3.71700135395 227.5261894396
0.00000848642 3.19150170830 209.3669421749
0.00001087229 4.18343257560 2.4476805548
0.00000956757 0.50744342622 1265.5674786264
0.00000789205 5.00745127508 0.9632078465
0.00000686999 1.74714152638 1052.2683831884
0.00000654484 1.59889329033 0.0481841098
0.00000748819 2.14396789786 853.196381752
0.00000633982 2.29887419204 412.3710968744
0.00000743599 5.25277685028 224.3447957019
0.00000852677 3.42141279787 175.1660598002
0.00000579844 3.09254750266 74.7815985673
0.00000624883 0.97048087510 210.1177017003
0.00000529874 4.44938991187 117.3198682202
0.00000542648 1.51824981131 9.5612275556
0.00000474277 5.47526482059 742.9900605326
0.00000448547 1.28991363969 127.4717966068
0.00000546365 2.12677911914 350.3321196004
0.00000478044 2.96486700885 137.0330241624
0.00000354988 3.01280169452 838.9692877504
0.00000451857 1.04437293342 490.3340891794
0.00000347422 1.53923267387 340.7708920448
0.00000343481 0.24603836481 0.5212648618
0.00000309029 3.49491017725 216.4804891757
0.00000322189 0.96136528867 203.7378678824
0.00000372318 2.27822895353 217.2312487011
0.00000321562 2.57185176731 647.0108333148
0.00000330197 0.24721738903 1581.959348283
0.00000249142 1.47004230445 1368.660252845
0.00000286703 2.37046001635 351.8165923087
0.00000220225 4.20421716654 200.7689224658
0.00000277774 0.40024010033 211.8146227297
0.00000204520 6.01073368945 265.9892934775
0.00000207645 0.48344140678 1162.4747044078
0.00000208650 1.34533476508 625.6701923124
0.00000182459 5.49122412646 2.9207613068
0.00000226601 4.90997278296 12.5301729722
0.00000207666 1.28298038875 39.3568759152
0.00000173914 1.86305647242 0.7507595254
0.00000184698 3.50349102817 149.5631971346
0.00000183509 0.97260974474 4.192785694
0.00000146074 6.23107926975 195.1398481733
0.00000164541 0.44004693949 5.4166259714
0.00000147544 1.53530368067 5.6290742925
0.00000139690 4.29463428594 21.3406410024
0.00000131292 4.06829024226 10.2949407385
0.00000117326 2.67913173095 1155.361157407
0.00000149302 5.73592320434 52.6901980395
0.00000122371 1.97585460706 4.665866446
0.00000113737 5.59421876022 1059.3819301892
0.00000102689 1.19754453191 1685.0521225016
0.00000118169 5.34072820318 554.0699874828
0.00000109287 3.43808188855 536.8045120954
0.00000110400 0.16605133194 1.4844727083
0.00000124980 6.27738701225 1898.3512179396
0.00000089916 5.80394843417 114.1384744825
0.00000103968 2.19185625957 88.865680217
0.00000112430 1.10510750315 191.2076949102
0.00000106578 4.01153470635 956.2891559706
0.00000091425 1.87523841598 38.1330356378
0.00000083763 5.48810655641 0.1118745846
0.00000083489 2.28927138986 628.8515860501
0.00000096973 4.53662541679 302.164775655
0.00000100634 4.96513420321 269.9214467406
0.00000075496 2.18005762811 728.762966531
0.00000096330 2.83319249226 275.5505210331
0.00000082386 3.05482650543 440.8252848776
0.00000073896 5.08917637074 1375.7737998458
0.00000071625 5.10946423579 65.2203710117
0.00000070386 4.86846451411 0.2124483211
0.00000069760 3.71027033119 14.977853527
0.00000088771 3.86334160349 278.5194664497
0.00000068092 0.73430499450 1478.8665740644
0.00000066481 0.02658132849 70.8494453042
0.00000065694 2.02147100289 142.4496501338
0.00000075752 1.61413426010 284.1485407422
0.00000063138 3.49495099319 479.2883889155
0.00000062557 2.58733971413 422.6660376129
0.00000069300 3.44002100885 515.463871093
0.00000079010 4.45159676932 35.4247226521
0.00000063664 3.31747980190 62.2514255951
0.00000052994 5.51392725227 0.2606324309
0.00000053017 3.18475265559 8.0767548473
0.00000054492 2.45664158976 22.0914005278
0.00000050507 4.26791628421 99.1606209555
0.00000055159 0.96792241728 942.062061969
0.00000049320 2.38666475800 1471.7530270636
0.00000047203 2.02525393154 312.1990839626
0.00000061090 1.50302054623 210.8514148832
0.00000060676 2.68689407241 388.4651552382
0.00000045138 0.93106348303 2001.4439921582
0.00000043450 2.52603236088 288.0806940053
0.00000042562 3.81786681717 330.6189636582
0.00000039933 5.71382574413 408.4389436113
0.00000050125 6.03152570850 2214.7430875962
0.00000046031 0.54227917765 212.3358875915
0.00000054160 0.78128719345 191.9584544356
0.00000047042 4.59902370789 437.6438911399
0.00000042367 1.90069581380 430.5303441391
0.00000039759 1.63243208156 1066.49547719
0.00000036469 0.84688120284 213.3472795478
0.00000035468 4.18601929802 215.7467759928
0.00000036469 3.93224996469 213.2509113282
0.00000038003 0.31314052371 423.4167971383
0.00000044824 1.12406079738 6.1503391543
0.00000037902 1.19795851065 2.7083129857
0.00000043405 1.37360455570 563.6312150384
0.00000043913 3.93075296633 525.4981794006
0.00000034837 1.01543342379 203.0041546995
0.00000031755 1.69273634405 0.1600586944
0.00000030892 6.13529793424 417.0369633204
0.00000036407 6.00604303567 18.1592472647
0.00000029157 1.19375828579 404.5067903482
0.00000032811 0.53654765923 107.0249274817
0.00000030461 0.72314414241 222.8603229936
0.00000032668 0.81193242653 1795.258443721
0.00000037741 3.69667138462 1272.6810256272
0.00000027679 1.45663968120 7.1617311106
0.00000027165 1.89600219634 1045.1548361876
0.00000037836 4.51945172068 24.3790223882
0.00000035003 4.46092370686 214.2623032845
0.00000032661 0.66347743190 692.5874843535
0.00000030436 5.30241022019 33.9402499438
0.00000027579 6.22702209204 1.2720243872
0.00000026658 4.56713174166 7.065362891
0.00000031745 5.49844823318 56.6223513026
0.00000028153 5.64388600762 128.9562693151
0.00000024275 3.93953220869 414.0680179038
0.00000032024 5.22237631301 92.0470739547
0.00000023059 3.66034194445 207.6700211455
0.00000026975 0.06644184255 205.2223405907
0.00000031825 5.59208218558 6069.7767545534
0.00000023153 2.10053945000 1788.1448967202
0.00000031040 0.37144696566 703.6331846174
0.00000029384 0.14749408878 131.4039498699
0.00000022551 5.23994780210 212.7778305762
0.00000026183 5.41312719168 140.001969579
0.00000025779 4.36084632109 32.2433289144
0.00000020659 0.67095777002 2317.8358618148
0.00000020362 2.82404200673 429.7795846137
0.00000024404 3.08826377429 145.6310438715
0.00000023748 2.54374565817 76.2660712756
0.00000020112 5.05984887501 617.8058857862
0.00000023302 3.97332549746 483.2205421786
0.00000022878 6.10447953656 177.8743727859
0.00000022984 3.20182261633 208.633228992
0.00000020638 5.22127912054 6.592282139
0.00000021419 0.71923264007 1258.4539316256
0.00000018151 6.11584874018 210.3783341312
0.00000022385 5.92318160986 173.9422195228
0.00000019120 5.77736469009 213.8203602998
0.00000020870 5.79129638608 2531.1349572528
0.00000016904 3.27550525617 98.8999885246
0.00000019330 1.64166493503 565.1156877467
0.00000020839 2.01683749266 860.3099287528
0.00000015638 3.10062358099 106.2741679563
0.00000017802 3.14497635160 831.8557407496
0.00000018235 5.22594210687 73.297125859
0.00000019304 5.93982202636 425.1137181677
0.00000014514 2.75049388379 1.2238402774
0.00000014577 5.18679424151 305.3461693927
0.00000014254 3.88076623214 54.1746707478
0.00000014586 3.24988127841 78.7137518304
0.00000013670 2.55602680997 405.2575498736
0.00000013912 1.72287975369 69.1525242748
0.00000013689 2.37432937754 125.9873238985
0.00000013434 0.83488320765 99.9113804809
0.00000013835 6.18875441195 245.5424243524
0.00000018486 0.73172908046 9999.986450773
0.00000013544 3.58586392379 234.6397364404
0.00000017441 0.23802704474 134.5853436076
0.00000016882 0.72758125023 2111.6503133776
0.00000014180 4.51956561605 59.8037450403
0.00000013598 2.53775710444 1.6969210294
0.00000012237 2.11959388836 28.3111756513
0.00000011990 1.62127312922 1361.5467058442
0.00000011982 4.07445076924 280.9671470045
0.00000012757 5.31153889246 344.7030453079
0.00000016075 3.97061471646 355.7487455718
0.00000011427 5.51112367921 192.6921676185
0.00000013107 4.69154717483 767.3690829208
0.00000014712 3.29079681274 1589.0728952838
0.00000011417 1.81615806473 2104.5367663768
0.00000011631 2.79398246172 362.8622925726
0.00000013238 4.16610173164 225.8292684102
0.00000010596 5.50455161216 199.2844497575
0.00000010558 3.57501718639 1.4362885985
0.00000010487 2.84545452542 85.8272988312
0.00000010296 0.22213213548 198.321241911
0.00000010552 0.18714408691 217.491881132
0.00000011853 0.11583647552 7.6348118626
0.00000010248 0.21860767654 144.1465711632
0.00000010388 1.68706377306 31.019488637
0.00000010298 4.72105283737 216.2198567448
0.00000010718 2.60866218060 339.2864193365
0.00000009680 3.66617781358 212.5483359126
0.00000009686 0.41563892555 2634.2277314714
0.00000009606 3.34180429839 223.5940361765
0.00000009880 4.01876851049 207.1487562837
0.00000013227 6.00697508523 214.7835681463
0.00000011346 2.61894580651 7.8643065262
0.00000009158 5.39847150076 342.2553647531
0.00000011882 4.00177866802 267.4737661858
0.00000012076 3.59957096236 124.433415221
0.00000008905 4.22810786842 6.3627874754
0.00000010136 3.60824178626 14.0146456805
0.00000009194 0.71906399877 347.8844390456
0.00000010529 2.36775276401 831.1049812242
0.00000008574 4.48725894302 1692.1656695024
0.00000010251 3.93334219207 207.8824694666
0.00000009179 4.28183918668 312.4597163935
0.00000008088 0.81220128390 264.5048207692
0.00000009228 4.26415997810 20.6069278195
0.00000009607 0.64286774221 218.9281697305
0.00000008675 0.48616033737 1574.8458012822
0.00000007927 4.71998972854 333.657345044
0.00000008927 0.90701584499 497.4476361802
0.00000007934 2.73280543540 4.1446015842
0.00000009133 5.08251865324 241.6102710893
0.00000008885 5.55498151216 2847.5268269094
0.00000009639 1.60623316904 0.8937718773
0.00000008926 5.80855143690 329.7251917809
0.00000007233 0.60129637991 206.233732547
0.00000007655 5.53681474398 116.4260963429
0.00000007537 5.43686778771 621.7380390493
0.00000007118 0.18742612368 209.106309744
0.00000008834 5.36090734150 343.2185725996
0.00000007056 0.41899430952 756.3233826569
0.00000008128 4.05572601077 237.6781178262
0.00000008949 1.65024350785 210.3301500214
0.00000006962 3.17856271724 543.0242872189
0.00000008917 0.56506143275 2428.0421830342
0.00000006918 3.66850644263 247.2393453818
0.00000008989 4.25044698859 46.470422916
0.00000007094 5.14244381046 231.4583427027
0.00000007372 1.25037224558 217.964961884
0.00000006355 0.82409971051 31.492569389
0.00000007562 5.62661243268 518.6452648307
0.00000006911 3.70119674288 206.1373643274
0.00000007015 2.84101112991 1148.2476104062
0.00000006748 4.56542342874 120.358249606
0.00000006281 5.79091493667 179.3588454942
0.00000006275 3.53628080965 244.318584075
0.00000005815 1.40677827798 214.0498549634
0.00000005870 4.86690383052 320.3240229197
0.00000006217 1.07999162981 251.4321310758
0.00000007735 3.82203922745 380.12776796
0.00000005718 1.34924759084 1677.9385755008
0.00000006455 1.34715012955 188.9200730498
0.00000006105 3.62445388144 1169.5882514086
0.00000005646 2.28659477016 20.4468691251
0.00000005804 1.54857952361 2420.9286360334
0.00000005940 1.65973782972 842.1506814881
0.00000005593 0.50496981495 148.0787244263
0.00000005703 5.05997067230 2.9689454166
0.00000006496 1.93848779933 357.4456666012
0.00000006369 2.44534144405 654.1243803156
0.00000007440 1.35926163985 166.828672522
0.00000006407 0.40682441040 168.0525127994
0.00000005568 2.69532203990 750.1036075334
0.00000007145 2.23105866128 488.8496164711
0.00000006711 6.03818797147 160.6088973985
0.00000006939 5.78359794712 700.6642392008
0.00000005675 2.59531513404 1.6445314027
0.00000006615 3.14048409935 491.8185618877
0.00000004903 2.03902856851 0.8031491521
0.00000005163 4.10008637563 196.6243208816
0.00000006445 5.49855871291 206.706813299
0.00000004984 2.96757082827 258.8757464767
0.00000005935 1.81402138235 252.6559713532
0.00000006195 5.01900946561 273.1028404783
0.00000005957 3.32859235467 182.279606801
0.00000004784 2.24574932417 635.9651330509
0.00000005502 3.31422964456 1905.4647649404
0.00000005102 3.98187445707 254.9435932136
0.00000005213 0.53623981887 135.5485514541
0.00000004624 0.04437884888 213.1872208534
0.00000005950 0.54568184723 51.2057253312
0.00000004546 0.14439151027 2950.619601128
0.00000004775 3.16022842156 28.5718080822
0.00000004624 4.73740665452 213.4109700226
0.00000004755 1.12135253955 6.2197751235
0.00000005730 0.04398674476 348.8476468921
0.00000004334 2.67820804456 81.7521332162
0.00000004538 3.83676862123 487.3651437628
0.00000005589 3.63336808808 248.7238180901
0.00000004100 3.39344356340 50.4025761791
0.00000005656 3.59967152437 282.4516197128
0.00000005145 1.33338899757 173.6815870919
0.00000003886 4.11776461222 213.5115437591
0.00000003886 0.66402089118 213.0866471169
0.00000004462 0.08626824180 905.8865797915
0.00000004935 2.19065724639 189.7232222019
0.00000003960 1.60336432627 218.7157214094
0.00000003739 3.30739598474 274.0660483248
0.00000003807 0.26514954931 636.7158925763
0.00000005254 3.75977292946 3127.3133312618
0.00000004658 0.37534234779 2744.4340526908
0.00000003684 5.11566742961 458.8415197904
0.00000003737 2.56821327326 546.956440482
0.00000004217 5.18269682223 27.0873353739
0.00000003875 2.21675780973 358.9301393095
0.00000004786 4.60614024001 72.0732855816
0.00000003550 3.22934089351 543.9180590962
0.00000003490 3.68860413802 41.6444977756
0.00000004794 4.73551181492 240.3864308119
0.00000003735 3.86571768678 2008.557539159
0.00000003680 5.36657261110 10.0343083076
0.00000004306 3.15625769753 738.7972748386
0.00000003380 0.73199430789 11.3063326948
0.00000003497 2.62462312872 13.3333221243
0.00000003552 0.28968750645 1891.2376709388
0.00000003605 4.69815639671 295.0512286542
0.00000003610 6.25354930659 129.9194771616
0.00000003333 5.04215642358 153.4953503977
0.00000003837 5.31755531541 3163.918696566
0.00000003263 5.59031570352 2.0057375701
0.00000004021 2.37124549902 176.6505325085
0.00000004120 5.46956536520 6.9010986797
0.00000003247 1.70523763310 235.3904959658
0.00000003696 4.07571730975 969.6224780949
0.00000003939 4.26938238363 181.806526049
0.00000003425 2.54883422278 1464.6394800628
0.00000003850 5.48772352401 37.8724032069
0.00000003321 6.05373085646 9.4011688612
0.00000003040 2.38594161141 221.3758502853
0.00000003462 5.81114445373 13.4933808187
0.00000002979 4.14161019024 66.70484372
0.00000004112 2.01009585863 601.7642506762
0.00000003202 4.26949637598 593.426863398
0.00000002921 4.76322755866 213.5597278689
0.00000002934 1.83716438778 501.3797894433
0.00000003602 0.14095035212 552.5855147745
0.00000003258 4.44716335489 60.7669528868
0.00000003747 5.26128919780 561.1835344836
0.00000002921 0.01855836131 213.0384630071
0.00000002981 5.12623240503 205.6642835754
0.00000002969 0.77373880440 17.5261078183
0.00000003987 0.76730729086 424.1505103212
0.00000002804 1.07514216418 1994.3304451574
0.00000002905 1.27184850848 2737.32050569
0.00000003642 0.23263431318 121.2520214833
0.00000003155 2.74978627621 494.2662424425
0.00000003576 4.49821243480 167.0893049529
0.00000002735 0.66893355408 7.0016724162
0.00000002782 2.09895935688 894.8408795276
0.00000003004 0.25953785005 40.8413486235
0.00000002737 5.33066704009 327.4375699205
0.00000002726 3.75149783110 429.0458714308
0.00000002784 4.17562629670 292.0128472684
0.00000002744 2.41346599990 151.0476698429
0.00000002575 1.26282074105 193.655375465
0.00000002616 4.81916423909 681.5417840896
0.00000002538 3.78251096387 1485.9801210652
0.00000002926 0.62372026398 643.8294395771
0.00000003466 5.76060994071 141.2258098564
0.00000003253 0.75622630094 555.5544601911
0.00000002885 6.15831808835 425.6349830295
0.00000003386 2.48152283756 43.2890291783
0.00000002436 4.57894879527 477.8039162072
0.00000003190 0.66177706026 776.9303104764
0.00000002576 1.41578305216 100.6450936638
0.00000002443 1.04510089705 1279.794572628
0.00000002598 3.73058695150 17.4084877393
0.00000002559 5.35988524657 7.2254215854
0.00000002846 1.52684623695 17.2654753874
0.00000002830 2.47231866942 280.003939158
0.00000002455 2.74279373432 172.2452984934
0.00000003203 4.10000274579 618.5566453116
0.00000002960 3.96746610269 650.9429865779
0.00000002286 0.18374210727 426.6463749858
0.00000002719 2.76563681910 45.5766510387
0.00000002653 0.14212412417 162.8965192589
0.00000003118 2.80942514258 2221.856634597
0.00000002288 3.26959753229 426.5500067662
0.00000002349 4.24056039902 113.3877149571
0.00000002540 5.57935398465 381.3516082374
0.00000002770 4.36266517918 130.4407420234
0.00000002164 5.43669210151 630.3360587584
0.00000003003 3.71917411581 228.276948965
0.00000002368 4.49216312171 25.1297819136
0.00000002479 1.71731092969 313.6835566709
0.00000002791 0.40226730686 8.5980197091
0.00000002777 0.06507506560 5856.4776591154
0.00000002071 2.40453395841 16.4623262353
0.00000002051 6.19717541981 3267.0114707846
0.00000002755 0.40055260057 219.4494345923
0.00000002306 2.61456314387 26.826702943
0.00000001974 2.16033790290 746.9222137957
0.00000002056 0.71975258021 472.1748419147
0.00000001949 3.13157993219 226.6324175623
0.00000002373 3.44821539437 241.8709035202
0.00000002172 1.41663830575 23.5758732361
0.00000002314 2.92801925795 170.7608257851
0.00000002408 1.55295728708 112.6540017742
0.00000002239 4.31274272536 556.5176680376
0.00000002082 4.33452809464 210.5907824523
0.00000001879 2.14326068371 135.336103133
0.00000001873 4.75518673767 115.6229471908
0.00000002309 0.11732366204 3060.8259223474
0.00000001938 5.63821612530 454.9093665273
0.00000001832 0.64631637571 181.0557665236
0.00000001868 5.70976107774 19.1224551112
0.00000002117 0.44726902093 216.0074084237
0.00000001807 6.15427316170 5.8415226136
0.00000002249 3.36716140568 696.5196376166
0.00000002212 3.42279313426 533.6231183577
0.00000002419 3.29356384047 569.0478410098
0.00000001870 0.06477042691 436.1594184316
0.00000001853 3.90470835472 220.364458329
0.00000001759 0.94203956471 213.4591541324
0.00000001910 3.72525967039 104.0559820651
0.00000001759 3.83975218378 213.1390367436
0.00000001743 2.21262997019 416.3032501375
0.00000001873 1.42763846972 16.6747745564
0.00000002146 4.41413968676 184.0941479094
0.00000001737 0.82318971745 220.4608265486
0.00000001715 0.26599994417 103.1409583284
0.00000002079 3.85808396012 672.1406152284
0.00000001863 4.68604777727 286.596221297
0.00000001904 5.30834458331 405.9912630565
0.00000002240 3.02208358469 105.5404547734
0.00000001861 2.26358723734 1781.0313497194
0.00000001633 0.16030477876 18.9100067901
0.00000002116 2.90219103589 486.4019359163
0.00000001789 5.08244147798 731.9443602687
0.00000002198 3.88171991657 427.5613987225
0.00000001630 5.33964027212 418.5214360287
0.00000001706 3.35212116331 103.0445901088
0.00000001604 2.48961496337 55.6591434561
0.00000001574 6.10208401892 106.0135355254
0.00000001744 1.83781933542 1044.4040766622
0.00000002078 6.03488501179 916.9322800554
0.00000001697 3.52606534347 627.3671133418
0.00000001998 4.65407827221 353.301065017
0.00000001725 1.49594317534 25.8634950965
0.00000001765 5.14792752968 107.2855599126
0.00000001554 1.11927446344 230.8252032563
0.00000001654 6.01871001230 77.962992305
0.00000001486 0.80594519287 2310.722314814
0.00000001846 0.02334047107 102.1295663721
0.00000001528 1.00286132704 3053.7123753466
0.00000001477 4.25171290737 194.1766403268
0.00000001529 5.58893570501 212.0270710508
0.00000001686 5.08403152624 3480.3105662226
0.00000001884 3.62471460828 204.7010757289
0.00000001885 3.29608219905 2324.9494088156
0.00000001529 5.47660937647 214.5711198252
0.00000001392 2.27890229097 403.0223176399
0.00000001541 2.06818136546 36.6485629295
0.00000001446 6.04094616943 165.6048322446
0.00000001924 1.37067955741 468.2426886516
0.00000001427 0.13207926609 2207.6295405954
0.00000001371 3.34466996039 93.531546663
0.00000001368 1.63092978466 629.6023455755
0.00000001376 5.36960481264 180.1619946463
0.00000001376 2.32437962529 721.6494195302
0.00000001574 0.85824745087 271.4059194489
0.00000001652 5.34399182698 835.0371344873
0.00000001395 5.68950292442 25.2727942655
0.00000001539 5.48277268478 391.1734682239
0.00000001356 2.22997055118 643.0786800517
0.00000001761 3.58954066417 508.3503240922
0.00000001597 3.04206255741 42.5382696529
0.00000001390 4.55010436102 426.0769260142
0.00000001369 2.91645695847 447.9388318784
0.00000001303 1.82744175272 1382.8873468466
0.00000001282 4.26450378358 123.5396433437
0.00000001258 3.01135384620 409.9234163196
0.00000001466 1.84480396294 289.5651667136
0.00000001718 5.69747594400 22.8945496799
0.00000001272 4.39843475366 558.0021407459
0.00000001348 3.87460263816 1802.3719907218
0.00000001321 0.07205905057 411.620337349
0.00000001223 4.07454753623 28.4541880032
0.00000001565 2.32965370903 41.0537969446
0.00000001648 6.06315403714 268.4369740323
0.00000001367 5.83045867550 1108.1399749656
0.00000001202 3.07875838575 420.9691165835
0.00000001238 5.25936845912 412.5835451955
0.00000001220 3.92987038126 2.6601288759
0.00000001552 1.48184058623 9786.687355335
0.00000001288 5.09334449950 427.1194557378
0.00000001131 5.39248376531 423.6774295692
0.00000001210 1.45847814907 291.262087743
0.00000001121 3.86569300942 1033.3583763983
0.00000001314 1.47623638670 1073.6090241908
0.00000001165 4.09976571840 685.4739373527
0.00000001340 2.51007561607 421.93232443
0.00000001307 0.11221972956 71.8126531507
0.00000001265 0.90565355476 778.4147831847
0.00000001438 2.57735033390 100.3844612329
0.00000001190 5.63379509659 5.1078094307
0.00000001099 0.15185327787 820.0592809603
0.00000001289 5.20598956623 278.2588340188
0.00000001081 5.18890270804 313.2104759189
0.00000001233 2.70202819383 282.6640680339
0.00000001205 4.01989274918 980.6681783588
0.00000001153 5.01183625908 230.5645708254
0.00000001400 2.58587010058 2538.2485042536
0.00000001022 1.11289664927 69.3649725959
0.00000001255 2.46286000363 457.617679513
0.00000001076 2.39117465097 48.7580447764
0.00000001190 6.18490188091 3377.217792004
0.00000001204 4.09186978258 525.7588118315
0.00000000990 5.94952240765 3583.4033404412
0.00000001005 5.21278239561 319.3126309634
0.00000000971 4.25395254634 397.3932433474
0.00000000991 0.03591482796 140.9651774255
0.00000000968 5.67985317617 422.405405182
0.00000001300 1.34580694314 875.830299001
0.00000001190 0.67902660568 699.7010313543
0.00000000966 1.77267401630 67.6680515665
0.00000000950 2.66974427113 92.3077063856
0.00000000933 0.62979417948 406.954470903
0.00000001027 1.95953557809 2097.423219376
0.00000001184 3.70094967310 285.6330134505
0.00000000948 0.92585793863 143.9341228421
0.00000001048 3.69648624644 117.9105690512
0.00000001201 4.22453841439 219.891377577
0.00000001150 2.53520366594 104.5772469269
0.00000001258 2.51634186900 694.0719570618
0.00000000940 3.94701776697 35.212274331
0.00000001181 5.26563174373 638.4128136057
0.00000001047 6.12360979462 238.9019581036
0.00000000959 5.19545703649 240.125798381
0.00000000888 2.16687798409 739.8086667949
0.00000000910 6.12673330424 616.3214130779
0.00000001179 1.71786905567 691.1030116452
0.00000000893 0.95364488395 14.8177948326
0.00000000944 3.47615309940 443.8636662634
0.00000000875 0.58638080067 2.2876218604
0.00000000992 3.17301353403 337.732510659
0.00000000842 3.90433125703 331.2096644892
0.00000001055 3.94158533336 945.2434557067
0.00000000848 3.18251107437 196.0336200506
0.00000001043 3.87748523839 532.6117264014
0.00000001021 2.93082353478 184.9879197867
0.00000000820 1.01398728276 480.7728616238
0.00000001076 3.28234305253 5.6772584023
0.00000000965 2.88516068358 211.6021744086
0.00000000840 5.37879523628 97.6761482472
0.00000000808 2.78227865695 212.0752551606
0.00000000803 0.77782236251 724.8308132679
0.00000000839 3.54633464957 421.1815649046
0.00000000806 0.91687463872 108.7218485111
0.00000000808 2.21175862312 610.6923387854
0.00000000808 2.00008111736 214.5229357154
0.00000000797 2.64685759248 436.8931316145
0.00000000791 2.35474255596 1.3725981237
0.00000001001 2.34471240227 16.04163511
0.00000000993 0.63704559422 84.9335269539
0.00000000818 5.65861039653 662.531203563
0.00000000980 2.62928231216 395.578702239
0.00000001022 2.72113505557 268.9582388941
0.00000000867 1.60229563173 19.643719973
0.00000000768 5.25077200882 305.0855369618
0.00000000894 1.48955357147 760.25553592
0.00000000890 0.12712803242 238.4288773516
0.00000000906 3.36915692315 526.5095713569
0.00000000932 2.83616864072 2641.3412784722
0.00000000808 5.23759255093 216.2680408546
0.00000000733 0.56621977741 2627.1141844706
0.00000000798 3.72376709468 124.5028511902
0.00000000847 2.03085858041 511.5317178299
0.00000000908 0.27377388936 710.7467316182
0.00000000753 0.72727486508 3370.1042450032
0.00000000795 0.27912881638 101.8689339412
0.00000000785 1.63053749655 465.9550667912
0.00000000752 4.77248612283 102.5715093568
0.00000000718 1.61123765583 159.1244246902
0.00000000804 2.07376802341 114.3991069134
0.00000000790 4.48898079269 444.7574381407
0.00000000806 1.20040327670 570.7447620392
0.00000000834 4.30066746390 453.424893819
0.00000000911 5.04625406846 913.9633346388
0.00000000860 2.78958557006 495.7507151508
0.00000000688 1.10207467005 1.536862335
0.00000000744 3.54097534054 1182.9215735329
0.00000000817 3.77746249152 2118.7638603784
0.00000000763 2.56122272197 418.0001711669
0.00000000858 3.50137925405 439.1283638482
0.00000000697 1.84993135386 72.3339180125
0.00000000684 3.93924645159 337.8019466282
0.00000000716 6.18909857064 310.7146112543
0.00000000922 1.70582310864 125.1841747464
0.00000000881 1.69931467623 6283.0758499914
0.00000000658 0.03671701039 2524.021410252
0.00000000742 1.91529584654 214.9960164674
0.00000000656 1.28143991756 432.0148168474
0.00000000847 4.57879676752 624.919432787
0.00000000853 3.03999967701 298.2326223919
0.00000000733 5.86794900190 938.1299087059
0.00000000667 2.19812773242 576.1613880106
0.00000000809 1.62224980069 299.1263942692
0.00000000665 1.63005583526 221.1634019642
0.00000000631 2.01204905117 58.1068240109
0.00000000804 5.94281804567 26.0235537909
0.00000000679 2.11784460945 256.4280659219
0.00000000731 1.95762888351 19.0105805266
0.00000000786 0.91251218885 518.3846323998
0.00000000683 4.89269007977 3796.7024358792
0.00000000718 4.15300342275 909.8187330546
0.00000000611 2.08393662004 1038.0412891868
0.00000000625 4.05845324358 429.5189521828
0.00000000692 4.71966732510 1048.3362299253
0.00000000828 0.31672617003 25.6028626656
0.00000000588 1.95775535435 211.8628068395
0.00000000816 4.10459434690 141.4864422873
0.00000000588 2.82460441996 214.7353840365
0.00000000661 5.28288481360 103.6140390804
0.00000000768 5.28051245446 428.0826635843
0.00000000657 2.58191098926 526.9826521089
0.00000000649 5.56200025375 393.4610900843
0.00000000629 5.97635563917 188.0263011725
0.00000000753 1.90904368126 25874.6040461362
0.00000000748 5.44697890119 220.9339073006
0.00000000733 2.95763022430 606.7601855223
0.00000000744 1.07486030610 239.1625905345
0.00000000591 2.37128962566 205.4347889118
0.00000000611 2.87854337819 460.5384408198
0.00000000535 5.80500022712 100.1720129118
0.00000000553 5.75044544607 430.79097657
0.00000000543 3.42480625305 597.3590166611
0.00000000686 0.66246572964 953.1077622329
0.00000000680 6.15131458182 432.2272651685
0.00000000550 2.22246008421 92.7978334801
0.00000000648 2.33387623043 30.7588562061
0.00000000618 4.10680331300 505.3119427064
0.00000000520 2.67035391622 262.0571402144
0.00000000513 3.04159909875 425.8474313506
0.00000000564 1.70404561569 2413.8150890326
0.00000000531 2.17713708436 263.0203480609
0.00000000578 3.31462999801 33.7278016227
0.00000000502 4.46951168080 343.7398374614
0.00000000502 2.10975368391 319.5732633943
0.00000000516 1.42008175574 1246.6574718363
0.00000000524 5.78873025919 366.7944458357
0.00000000551 5.70618089893 1119.1856752295
0.00000000497 3.85720033517 850.0149880143
0.00000000511 1.98874585808 958.576777831
0.00000000619 2.38199178019 2854.6403739102
0.00000000552 3.64343336935 256.5881246163
0.00000000622 1.86517305535 524.0137066923
0.00000000531 2.81862554182 227.3137411185
0.00000000493 4.63380945820 384.0599212231
0.00000000480 5.33682425120 29.2049475286
0.00000000578 5.89620504304 3693.6096616606
0.00000000592 3.23373539743 824.7421937488
0.00000000526 4.17768461979 136.0698163159
0.00000000514 2.31169637126 2957.7331481288
0.00000000611 4.56245943434 774.4826299216
0.00000000482 2.02179864928 1063.3140834523
0.00000000471 5.57017731512 1171.875873269
0.00000000527 4.00342741707 2435.155730035
0.00000000643 3.24713673017 67.8804998876
0.00000000524 4.72613379833 336.8387387817
0.00000000467 3.48891086991 219.6618829134
0.00000000470 1.49296381710 849.2642284889
0.00000000495 5.95822960452 765.8846102125
0.00000000463 6.09780322600 54.3347294422
0.00000000514 5.00485530287 273.8536000037
0.00000000457 5.55952771886 3899.7952100978
0.00000000447 1.87280713595 62.038977274
0.00000000470 2.97782717732 306.830642101
0.00000000552 0.65842795395 315.1680293792
0.00000000499 1.92816937061 217.4436970222
0.00000000518 1.75253765929 867.4234757536
0.00000000517 3.53711999444 233.9060232575
0.00000000554 1.28959719818 133.1008708993
0.00000000562 3.72609171835 934.9485149682
0.00000000563 2.99951491306 170.0100662597
0.00000000447 6.04404377845 141.6988906084
0.00000000447 5.83596703375 823.9914342234
0.00000000468 3.87435857327 320.5846553506
0.00000000537 0.85582040261 214.1928673153
0.00000000442 2.80002649672 209.1544938538
0.00000000556 2.28527743564 810.6581120991
0.00000000443 4.31061989755 9992.8729037722
0.00000000573 5.47590213541 376.1956146969
0.00000000488 0.35817136383 36.9091953604
0.00000000498 0.19856617778 450.9772132642
0.00000000457 0.44937757211 431.264057322
0.00000000483 3.92979214854 39.6175083461
0.00000000467 1.89153069484 30.0562807905
0.00000000428 5.78549789490 491.5579294568
0.00000000410 4.94157240067 306.0969289181
0.00000000410 5.52148731043 118.0706277456
0.00000000431 4.30068740031 88.1149206916
0.00000000486 1.24507986579 107.7586406646
0.00000000468 3.66040999717 988.532484885
0.00000000418 1.40296106325 313.9441891018
0.00000000483 4.50050476783 46.2097904851
0.00000000437 0.86746182155 170.9732741062
0.00000000481 1.80728434905 43.1289704839
0.00000000398 2.91337006854 131.5469622218
0.00000000529 3.74604329884 699.1797664925
0.00000000545 2.97416609047 305.6068018236
0.00000000537 2.53257235538 952.0963702766
0.00000000412 3.81964618636 84.3428261229
0.00000000391 2.42357051081 295.1942410061
0.00000000492 0.69476260355 328.2407190726
0.00000000390 1.37349719402 945.9942152321
0.00000000443 1.09570138382 963.4027029714
0.00000000472 2.41331813400 838.218528225
0.00000000519 3.12248135009 10213.285546211
0.00000000494 4.63690152976 301.4140161296
0.00000000537 3.92653937170 212.4053235607
0.00000000414 2.59696973215 121.8427223143
0.00000000379 4.88521294200 775.233389447
0.00000000477 1.66086029667 175.4266922311
0.00000000458 5.15052595883 960.2213092337
0.00000000461 3.55548515746 71.6002048296
0.00000000372 0.33222550941 2943.5060541272
0.00000000457 4.45882272299 33.1371007917
0.00000000476 3.63257697985 20.4950532349
0.00000000398 4.38336031417 739.0579072695
0.00000000366 1.53633889734 369.0820676961
0.00000000381 0.82643132982 229.9738699944
0.00000000376 2.94742828993 6062.6632075526
0.00000000383 1.84135490966 346.3999663373
0.00000000366 4.24140062871 541.5398145106
0.00000000366 2.04993663405 87.3117715395
0.00000000367 1.55348491072 754.8389099486
0.00000000440 6.27186292780 378.9039276826
0.00000000407 2.54835966340 732.6951197941
0.00000000497 5.69945820916 562.1467423301
0.00000000367 5.72103354739 96.8729990951
0.00000000370 5.65930804475 89.7594520943
0.00000000451 3.05732548022 898.7730327907
0.00000000418 2.03137205914 146.594251718
0.00000000367 5.87612343294 561.934294009
0.00000000408 5.59691221721 58.319272332
0.00000000382 3.87558216751 519.3960243561
0.00000000458 3.41993870613 829.6205085159
0.00000000433 3.40938468811 32.4557772355
0.00000000342 3.61061377024 449.232108125
0.00000000351 0.42169595316 3686.4961146598
0.00000000383 1.45427056096 2730.2069586892
0.00000000389 2.73429108352 36.1754821775
0.00000000434 0.33633221675 55.1378785943
0.00000000347 5.08987125237 392.6579409322
0.00000000336 1.56848818314 233.7459645631
0.00000000468 4.21059909473 832.5894539325
0.00000000400 1.32437246111 551.1010420662
0.00000000408 0.29350145668 90.5626012464
0.00000000331 3.31396426529 952.3570027075
0.00000000433 3.06705605051 885.4397106664
0.00000000363 5.21662491556 1321.4390704036
0.00000000350 0.27061951411 386.9806825299
0.00000000377 4.02407408251 195.8906076987
0.00000000439 0.20614895280 768.8535556291
0.00000000343 2.18929174651 80.1982245387
0.00000000371 4.82569230753 103.3534066495
0.00000000316 3.77933506984 749.2098356561
0.00000000313 0.33412233010 354.9979860464
0.00000000345 0.65964675903 303.8616966844
0.00000000318 6.18967282289 540.7366653585
0.00000000394 0.49801994278 248.4631856592
0.00000000321 1.38233217556 572.2292347475
0.00000000409 4.50419980169 2914.0142358238
0.00000000304 0.55980988137 200.5564741447
0.00000000425 5.38041771827 387.2413149608
0.00000000307 5.62169035036 426.4863162914
0.00000000303 1.77577015570 1354.4331588434
0.00000000326 0.55650991969 857.1285350151
0.00000000320 0.76110062758 402.2191684878
0.00000000306 5.43075844483 1151.4290041439
0.00000000296 3.15801280056 192.8522263129
0.00000000373 3.70882376658 420.4478517217
0.00000000381 1.98600461815 109.9456887885
0.00000000313 1.98847351323 3274.1250177854
0.00000000316 4.68238982521 4113.0943055358
0.00000000296 4.45699206346 668.2084619653
0.00000000307 4.03153284883 426.7100654606
0.00000000386 3.23974290135 745.9108218394
0.00000000392 0.14336691305 206.3979967583
0.00000000317 1.84490263716 214.9436268407
0.00000000286 1.04058058980 315.6411101312
0.00000000286 2.10284268664 335.1418177523
0.00000000289 4.70265740009 29.7474642498
0.00000000284 4.67220236113 281.1795953256
0.00000000283 5.25961089189 414.8187774292
0.00000000280 0.45877292284 38.6061163898
0.00000000377 0.85962141856 423.6292454594
0.00000000283 1.20963336142 1699.2792165032
0.00000000302 1.14801271444 1257.7031721002
0.00000000289 0.39419904139 114.9416236346
0.00000000310 4.11324737724 769.8167634756
0.00000000282 2.75269537491 551.031606097
0.00000000336 6.23083557086 731.6837278378
0.00000000279 0.26388092959 464.7312265138
0.00000000368 1.33340900488 1055.4497769261
0.00000000269 0.19102111090 172.4577468145
0.00000000361 2.44015253985 705.1176573257
0.00000000275 4.28054408975 380.3884003909
0.00000000377 4.70934833857 745.277682393
0.00000000307 1.98521490131 495.9631634719
0.00000000337 3.68858519623 259.769518354
0.00000000339 3.08818903316 10220.3990932118
0.00000000296 2.00421481341 589.4947101349
0.00000000317 1.58244658244 707.5653378805
0.00000000296 5.75916833234 4010.0015313172
0.00000000272 5.06188002128 604.4725636619
0.00000000309 5.08967978904 481.7360694703
0.00000000268 4.17204337052 90.8232336773
0.00000000279 2.57997066424 1166.4068576709
0.00000000263 5.83143850743 236.1936451179
0.00000000262 4.82319865484 254.1404440615
0.00000000330 5.28727805343 373.9079928365
0.00000000272 5.86503850236 332.1728723357
0.00000000270 2.05575029737 1056.2005364515
0.00000000325 5.61078155189 95.2284676924
0.00000000329 3.65551552377 1261.6353253633
0.00000000262 5.26283687262 190.4045457581
0.00000000266 3.28625963812 560.7104537316
0.00000000273 6.14693613085 57.5161231799
0.00000000281 5.14426219194 253.4591205053
0.00000000258 3.41189080652 426.8106391971
0.00000000258 6.24133239267 426.3857425549
0.00000000279 4.41281278656 385.5443939314
0.00000000256 3.16610713985 102.3420146932
0.00000000257 0.70050938269 103.843533744
0.00000000254 5.72706255967 680.0573113813
0.00000000261 2.03152918911 782.3469364478
0.00000000266 2.54277079029 132.8884225782
0.00000000254 3.62032079258 419.4364597654
0.00000000316 2.93504590700 357.2332182801
0.00000000267 5.54665314271 628.5909536192
0.00000000325 6.25534454270 763.4369296577
0.00000000278 3.34275955950 1193.9672737968
0.00000000249 3.99548655043 441.576044403
0.00000000246 4.81514754590 1534.7381658416
0.00000000272 2.48071385760 550.1378342197
0.00000000246 5.71006975326 476.3194434989
0.00000000294 1.22963935768 249.9476583675
0.00000000259 3.88202030192 639.3760214522
0.00000000244 5.10422417434 310.9752436852
0.00000000311 3.52049740257 2751.5475996916
0.00000000243 6.28195773692 2840.4132799086
0.00000000313 3.42509462426 598.8434893694
0.00000000239 0.56411438013 1041.2226829245
0.00000000314 2.09014741078 2700.7151403858
0.00000000252 3.18783181098 433.663553767
0.00000000269 0.46123281645 419.532827985
0.00000000287 3.94676800561 187.4356003415
0.00000000239 4.33768387204 418.9633790134
0.00000000277 3.33020754198 545.4719677737
0.00000000235 1.40745218631 325.9530972122
0.00000000303 3.77099446355 285.3723810196
0.00000000246 0.91025855538 427.3489504014
0.00000000304 3.15302544595 409.1897031367
0.00000000260 3.22650696823 1251.3403846248
0.00000000270 0.26009457956 1175.8080265321
0.00000000286 4.70301654462 5429.8794682394
0.00000000302 3.15201610429 915.235359026
0.00000000264 0.46129841785 720.8986600048
0.00000000284 5.20343995757 395.105621487
0.00000000300 3.02573280616 498.9321088885
0.00000000237 4.86867505639 1181.4371008246
0.00000000231 0.11031027115 433.7599219866
0.00000000261 3.79185925936 658.0565335787
0.00000000258 0.22294298357 535.9107402181
0.00000000268 4.16390951489 348.635198571
0.00000000294 1.09586943179 544.5087599272
0.00000000319 0.20364888646 201.5196819912
0.00000000320 0.21731757970 25448.00585526019
0.00000000235 2.91419127683 3553.9115221378
0.00000000228 3.13658374798 806.725958836
0.00000000280 1.89219912250 608.877797677
0.00000000304 1.81517981104 49.7212526229
0.00000000241 4.41107497608 97.4636999261
0.00000000280 1.91710870481 619.2903584945
0.00000000268 5.54944666204 12352.8526045448
0.00000000300 0.82078435036 260.360219185
0.00000000241 2.73275886611 2254.0999635114
0.00000000248 2.51130290270 203.2647871304
0.00000000270 2.71882107339 455.1699989582
0.00000000317 4.74822142018 420.005908737
0.00000000238 4.57200367401 347.4113582936
0.00000000312 2.00917921228 3171.0322435668
0.00000000282 4.29159133350 1127.2624300768
0.00000000285 6.25041522099 913.0001267923
0.00000000290 3.93862532064 566.600160455
0.00000000243 4.43884635841 611.4430983108
0.00000000227 4.22136692370 821.703812363
0.00000000273 1.92151965288 418.7338843498
0.00000000236 4.10002766188 6467.9257579616
0.00000000222 3.40994011933 520.129737539
0.00000000223 2.86569801117 359.6808988349
0.00000000226 1.60308230653 316.279995072
0.00000000286 6.10546385630 484.7050148869
0.00000000224 5.42477390085 870.4618571394
0.00000000269 2.80616329306 693.55069220
0.00000000295 3.16789723206 1050.9963588012
0.00000000225 2.15616043634 670.916774951
0.00000000218 5.03896380986 771.3012361839
0.00000000229 1.16019729708 531.978586955
0.00000000270 6.11597757902 9360.089164459
0.00000000220 0.94624118346 316.5037442412
0.00000000223 4.56047229133 4429.4861751924
0.00000000217 0.06814070717 3259.8979237838
0.00000000291 3.12121440958 47.6942631934
0.00000000231 0.26541832793 394.3548619616
0.00000000215 6.17765322528 108.50940019
0.00000000236 4.43402005260 640.4185511758
0.00000000279 2.65446123759 134.1122628556
0.00000000216 0.22963287739 5753.3848848968
0.00000000247 4.17284923639 950.1388168163
0.00000000287 3.36813375814 666.723989257
0.00000000212 6.07108339832 1725.9458607518
0.00000000212 2.45582771491 1164.7623262682
0.00000000266 2.30030836660 314.9073969483
0.00000000279 2.87114139089 322.6116447801
0.00000000228 2.30491692416 614.6244920485
0.00000000224 3.01352239231 1937.7080938548
0.00000000284 0.34813114540 1269.4996318895
0.00000000210 2.36229213543 439.9315130003
0.00000000286 4.17396480661 1364.7280995819
0.00000000222 4.51639912202 304.1223291153
0.00000000215 0.74685271202 1008.9793540101
0.00000000246 1.05357358595 657.1627617014
0.00000000272 0.63607231806 679.2541622292
0.00000000220 2.78497656776 840.6662087798
0.00000000271 3.98523199705 453.6855262499
0.00000000264 2.58516335032 2527.2028039897
0.00000000206 5.74019252688 232.2091022281
0.00000000203 1.50483331540 962.5089310941
0.00000000258 1.50724315598 1759.8337210689
0.00000000212 0.21249623632 1170.3914005607
0.00000000242 5.51076641081 1254.5217783625
0.00000000202 2.80107182616 255.8373650909
0.00000000201 1.11940822442 97.4155158163
0.00000000234 3.44765874117 1190.0351205337
0.00000000201 5.42082689064 194.3890886479
0.00000000209 0.33775403299 81.8951455681
0.00000000201 2.67485193508 1546.5346256309
0.00000000236 2.80474989355 462.0229135281
0.00000000230 4.73688121440 401.3253966105
0.00000000216 5.55255486747 334.5511169213
0.00000000208 0.74090848873 517.1607921224
0.00000000268 2.54915323674 795.6802585721
0.00000000203 5.48549678977 557.0389328994
0.00000000195 0.30930524284 1673.2556627123
0.00000000239 3.98478822895 661.0949149645
0.00000000194 3.15655633545 532.8723588323
0.00000000202 3.72909313764 2225.7887878601
0.00000000198 4.62958669511 6076.8903015542
0.00000000194 4.05734751710 426.8588233069
0.00000000245 3.77879563722 499.895316735
0.00000000197 2.59372890647 639.8491022042
0.00000000194 0.96685944577 1310.3933701397
0.00000000239 4.63640373069 868.7167520002
0.00000000262 2.16648038763 9573.388259897
0.00000000193 6.12031277542 620.253566341
0.00000000197 0.56732371899 156.6767441354
0.00000000247 2.91348766240 689.6185389369
0.00000000194 5.59586362692 426.3375584451
0.00000000232 1.76649868274 354.2642728635
0.00000000237 1.24961133027 882.9438460018
0.00000000242 6.18368970388 559.6990617753
0.00000000202 4.49789034288 1239.5439248355
0.00000000193 0.87361458277 47.061123747
0.00000000259 4.16391413557 934.1977554428
0.00000000243 2.86100782215 64.9597385808
0.00000000264 5.77011941310 25654.19140369739
0.00000000204 2.99939346928 1385.174968707
0.00000000187 4.79452148614 843.6351541964
0.00000000192 4.99048344211 636.9765250072
0.00000000191 5.40552794600 1489.9122743283
0.00000000187 4.02967932517 6114.538297694
0.00000000184 1.13531068665 1262.3860848887
0.00000000184 3.84493991801 318.679491517
0.00000000244 0.76614174177 5643.1785636774
0.00000000195 1.79897803267 485.8806710545
0.00000000199 2.25323627854 66.1835788582
0.00000000215 0.53010966790 784.0438574772
0.00000000184 5.29993031141 451.7279727896
0.00000000222 3.92654047757 1226.2106027112
0.00000000201 4.70550758042 1276.6131788903
0.00000000248 3.47834021364 1045.8885493705
0.00000000189 1.84142475095 434.6749457233
0.00000000193 4.63015663692 625.8826406335
0.00000000210 5.12097279511 3494.5376602242
0.00000000225 3.47799120533 728.0122070056
0.00000000180 1.67083010191 244.791664827
0.00000000185 1.26599682245 837.6972633632
0.00000000199 1.34931214692 1012.9115072732
0.00000000206 4.20379638812 548.4409131903
0.00000000185 3.63189231877 1097.0942747017
0.00000000200 2.80981188653 757.2171545342
0.00000000180 5.69338271322 4216.1870797544
0.00000000210 4.55350094602 608.404716925
0.00000000178 4.72379761838 317.142629182
0.00000000183 1.59341380048 469.8872200543
0.00000000201 0.50219680740 36.3879304986
0.00000000211 2.58933275158 89.0086925689
0.00000000179 1.30120995289 3906.9087570986
0.00000000177 2.25151102161 35.1640902212
0.00000000246 5.20794390821 272.5815756165
0.00000000176 2.39195564251 103925.01437542078
0.00000000226 2.06446075323 631.2992666049
0.00000000174 5.69939637397 469.7271613599
0.00000000174 5.04863411343 1523.6924655777
0.00000000232 5.19350798290 594.6507036754
0.00000000192 5.50039064912 707.7777862016
0.00000000177 5.82784918044 413.8555695827
0.00000000173 1.58292103982 1379.7059531089
0.00000000172 5.94041958594 984.6003316219
0.00000000172 4.68707195529 40.1600250673
0.00000000189 4.84284140555 568.2970814844
0.00000000175 4.83511975400 1194.7180333222
0.00000000241 0.67201443623 1089.129394439
0.00000000213 6.08435697556 271.61836777
0.00000000177 1.64110733509 3590.516887442
0.00000000224 0.38976137724 991.7138786227
0.00000000216 2.99208871258 1141.1340634054
0.00000000191 0.70123392369 2015.6710861598
0.00000000174 3.63541680305 605.275712814
0.00000000177 1.45237852614 904.4021070832
0.00000000178 0.35454887224 444.1242986943
0.00000000183 1.13762118246 258.5456780766
0.00000000183 3.04829576614 25668.418497699
0.00000000182 0.75986655407 504.561183181
0.00000000199 3.47101766075 842.9014410135
0.00000000187 4.12687876136 9985.7593567714
0.00000000166 6.00733259649 3576.2897934404
0.00000000187 0.80594740329 226.0417167313
0.00000000191 1.79131964388 702.1487119091
0.00000000232 3.68163889937 1123.1178284926
0.00000000172 5.41410693088 2306.7901615509
0.00000000186 0.86352341507 973.554631358
0.00000000173 1.54028223744 827.9235874865
0.00000000193 1.24804468649 109.2431133729
0.00000000184 4.60992527921 223.3334037456
0.00000000165 1.51886495431 1670.82502850
0.00000000162 2.30291581618 874.3940104025
0.00000000206 1.66459080869 6290.1893969922
0.00000000177 4.36776214702 328.9220426288
0.00000000197 1.43444932583 347.3631741838
0.00000000203 5.71459758755 664.2763087022
0.00000000196 4.72078032034 104.789695248
0.00000000182 1.78459753906 1245.172999128
0.00000000184 0.48156047778 948.2124011233
0.00000000177 3.47933371966 1304.9243545416
0.00000000162 3.87494735228 949.12742486
0.00000000168 5.94654405439 883.7951792637
0.00000000188 4.04198730930 688.6553310904
0.00000000200 5.54644649494 308.3151148093
0.00000000195 0.29491330050 1144.3154571431
0.00000000212 5.98509016682 432.7485300303
0.00000000211 1.36833704118 815.0633461142
0.00000000179 5.49884895380 9566.2747128962
0.00000000158 5.97577354437 224.6054281328
0.00000000166 0.96670231118 632.0329797878
0.00000000181 2.40654138031 812.1425848074
0.00000000162 4.04123271503 632.7355552034
0.00000000185 3.01715709315 55.8715917772
0.00000000154 4.23895313385 227.4780053298
0.00000000165 4.27833421336 633.7469471597
0.00000000155 3.77147874591 407.4757357648
0.00000000195 2.06339645296 1127.0499817557
0.00000000171 3.79380560971 433.190473015
0.00000000203 0.18481949826 1596.1864422846
0.00000000152 0.87668770181 632.831923423
0.00000000205 1.62784908817 389.9496279465
0.00000000156 2.47045974513 634.2682120215
0.00000000165 3.05465194470 893.3564068193
0.00000000160 1.59024173023 774.0095491696
0.00000000153 0.67184956696 1026.2448293975
0.00000000157 5.37707567291 262.8078997398
0.00000000164 5.93798546311 199.8057146193
0.00000000152 0.62990682378 949.2237930796
0.00000000184 2.81115706121 913.7508863177
0.00000000174 3.92776720931 313.4711083498
0.00000000157 5.67235483479 77837.11123384659
0.00000000178 0.28722296370 637.4496057592
0.00000000150 3.40116011178 401.5378449316
0.00000000150 2.55468547332 623.2225117576
0.00000000149 2.64528846124 1567.7322542814
0.00000000177 4.68158494106 2921.1277828246
0.00000000200 4.59746011930 851.7119090437
0.00000000147 4.28619772534 1160.8301730051
0.00000000147 5.22553334565 219.1406180516
0.00000000180 4.39237324654 110.1581371096
0.00000000150 0.38685537182 346.1875180162
0.00000000151 1.58821996099 110.2545053292
0.00000000170 2.06997658106 907.3710524998
0.00000000170 1.70870898705 493.303034596
0.00000000147 5.66193217302 866.5297038763
0.00000000156 0.37713977057 285.1117485887
0.00000000148 2.14966333692 1053.7528558967
0.00000000145 2.97578064766 318.8395502114
0.00000000150 2.02972985856 1049.0869894507
0.00000000155 5.40486194982 941.3113024436
0.00000000157 2.34913118792 5959.570433334
0.00000000176 0.72569662289 562.6680071919
0.00000000174 2.74727949944 652.4274592862
0.00000000144 0.07286394798 1357.6145525811
0.00000000157 5.60572015205 83.3796182764
0.00000000192 1.32296078608 2906.900688823
0.00000000145 2.89440864386 757.8078553652
0.00000000163 2.96579171875 398.1440028728
0.00000000143 5.77044222961 638.9340784675
0.00000000153 4.30822632490 1688.2335162393
0.00000000162 2.92059412639 640.8604941605
0.00000000148 2.22132937111 366.0436863103
0.00000000139 1.57016688059 508.4933364441
0.00000000137 1.28925665930 214.1022445901
0.00000000137 4.69338435212 1091.6252591036
0.00000000137 3.49438482945 212.4959462859
0.00000000161 2.79324425926 1884.124123938
0.00000000141 6.11606010109 689.4060906158
0.00000000158 2.93809799437 211.6545640353
0.00000000133 1.07901356698 714.6788848813
0.00000000132 3.41532758407 241.7532834412
0.00000000140 0.35543703784 219.5188705615
0.00000000132 1.60294025637 1372.5924061081
0.00000000138 4.87283429639 635.70450062
0.00000000174 3.20392947742 3067.9394693482
0.00000000131 2.72435966674 398.2870152247
0.00000000142 2.33733560884 424.9012698466
0.00000000145 2.46754245743 740.0692992258
0.00000000130 6.04357829917 361.3778198643
0.00000000136 4.16548251681 1016.8436605363
0.00000000129 1.72249381106 9683.5945811164
0.00000000166 0.13141571702 990.2294059144
0.00000000176 1.05208913969 2520.0892569889
0.00000000166 0.94384437158 476.1069951778
0.00000000140 3.62845418039 423.8898778903
0.00000000146 4.06866189224 5636.0650166766
0.00000000138 3.29913390228 98.4269077726
0.00000000144 0.52149675978 1459.9565672743
0.00000000171 2.81138753424 184.7272873558
0.00000000158 1.60504572001 3487.4241132234
0.00000000124 2.85700280720 635.231419868
0.00000000159 1.00544429672 514.7131115676
0.00000000162 5.11097835962 354.5249052944
0.00000000140 4.36785639431 207.0793203145
0.00000000123 2.38472091094 254.3528923826
0.00000000131 4.00719555038 1736.9915610157
0.00000000127 2.14761211605 1443.4418514123
0.00000000128 2.83776405449 152.7445908723
0.00000000145 5.85135135519 221.8971151471
0.00000000165 4.63544466195 9793.8009023358
0.00000000138 3.13686094637 3384.3313390048
0.00000000161 5.37196690469 373.0142209592
0.00000000122 1.92670167775 466.7582159433
0.00000000153 2.81114887778 1201.831580323
0.00000000139 3.58663958553 864.2420820159
0.00000000121 1.00723355716 1578.7779545453
0.00000000141 0.53873068197 5650.2921106782
0.00000000139 6.02467596636 429.3065038617
0.00000000118 0.06202877387 4002.8879843164
0.00000000117 0.23611720848 426.7582495704
0.00000000121 5.61834288138 683.1863154923
0.00000000131 0.19099049100 1034.8428491066
0.00000000145 2.01100408928 9580.5018068978
0.00000000148 0.86320227639 802.7938055729
0.00000000120 5.84000868066 639.9454704238
0.00000000117 3.13382982755 426.4381321816
0.00000000148 1.37965451617 737.3128021303
0.00000000125 1.29791571244 1314.3255234028
0.00000000120 4.18622956101 1827.5017726354
0.00000000120 1.11355985676 2303.6087678132
0.00000000151 5.23544423687 3178.1457905676
0.00000000113 5.49041486750 887.7273325268
0.00000000120 0.32334283674 629.8629780064
0.00000000126 2.25106706266 653.2306084383
0.00000000126 0.97215166444 311.7260032106
0.00000000135 1.85375623937 733.428832977
0.00000000118 3.16360333291 642.3449668688
0.00000000138 1.39135824716 1120.148883076
0.00000000112 0.42841632061 475.3562356524
0.00000000134 6.26324135064 384.2723695442
0.00000000133 1.19341413256 502.8642621516
0.00000000110 6.20238397088 220.3007678542
0.00000000113 4.51098937409 1511.1099029788
0.00000000134 4.06540685737 976.7360250957
0.00000000117 4.21929280836 927.8349679674
0.00000000111 1.19685071887 6393.2821712108
0.00000000109 4.44503867691 1299.3476698758
0.00000000109 5.14421802968 6179.9830757728
0.00000000116 2.91900716047 528.2064923863
0.00000000107 5.19867681343 754.0357607965
0.00000000113 0.70071879215 494.4786907636
0.00000000124 5.77019376453 488.63716815
0.00000000114 0.06007563513 631.8205314667
0.00000000107 2.73081851971 628.1178728672
0.00000000146 1.07964353369 206.2974230218
0.00000000124 1.16920221082 188.1693135244
0.00000000117 3.62421096533 2175.386211681
0.00000000112 5.17086478948 1799.1905969841
0.00000000110 4.44922411890 786.2790897109
0.00000000148 5.97825717990 2946.6874478649
0.00000000137 1.43623456292 225.0785088848
0.00000000116 5.52594794167 632.2624744514
0.00000000108 3.38785406479 642.8180476208
0.00000000108 4.43079377264 1158.5425511447
0.00000000117 4.26185039858 484.917463208
0.00000000136 1.97060630403 206.9363079626
0.00000000105 2.43791237776 1159.2933106701
0.00000000141 3.48766318510 1578.0271950199
0.00000000108 4.73450004538 220.5245170234
0.00000000103 3.84307420095 848.530515306
0.00000000105 5.15580410406 1748.788020805
0.00000000129 1.12557930490 26080.78959457339
0.00000000110 5.43388877128 128.3655684841
0.00000000135 6.14947956124 3340.6124266998
0.00000000106 1.43304093123 646.1170614375
0.00000000101 3.80702867071 461.1291416508
0.00000000115 3.45101596098 5863.5912061162
0.00000000103 0.94773770700 1106.6555022573
0.00000000109 1.02847174985 1062.5633239269
0.00000000105 1.37783338573 1987.2168981566
0.00000000110 2.98897645954 1042.9196039539
0.00000000099 2.05195836305 1034.1091359237
0.00000000104 3.40324525347 812.9457339595
0.00000000116 2.49303741513 2200.5159935946
0.00000000111 5.01164686630 220.2001941177
0.00000000099 5.80548808441 42.3258213318
0.00000000139 5.01901587647 968.1380053866
0.00000000126 2.60609533649 661.2379273164
0.00000000129 1.74723365040 263.7016716171
0.00000000109 5.93625989258 525.0250986486
0.00000000098 5.80682614639 764.4001375042
0.00000000134 3.20331090065 521.6142102473
0.00000000118 1.30968907750 1222.2784494481
0.00000000106 3.86968434473 4105.980758535
0.00000000111 5.14023256336 226.7924762567
0.00000000113 0.50893852381 184.8449074348
0.00000000124 2.63716767830 1264.2954542392
0.00000000101 4.88259461441 425.3261664888
0.00000000114 1.01995685373 1340.3490771937
0.00000000127 4.89025569067 162.0933701068
0.00000000116 5.20717925949 845.3320752258
0.00000000096 4.61869048279 316.6043179777
0.00000000096 1.11796162186 316.1794213355
0.00000000096 5.84959086837 845.5615698894
0.00000000096 4.59376884505 6386.16862421
0.00000000103 5.68113298509 1130.2313754934
0.00000000101 3.86045823511 198.1087935899
0.00000000101 3.27916836807 896.4854109303
0.00000000095 1.49267497700 674.4282370888
0.00000000102 4.03806928315 665.0270682276
0.00000000111 4.66594406212 700.4517908797
0.00000000120 4.40929322898 695.5564297701
0.00000000109 2.68886916566 1518.2234499796
0.00000000127 1.35796937995 1493.093668066
0.00000000102 1.49520081692 327.6982023514
0.00000000132 5.87656214175 971.1069508032
0.00000000124 4.37096631322 1134.3759770776
0.00000000094 3.78070391483 326.6868103951
0.00000000100 5.11374589444 644.090072008
0.00000000094 4.12103973042 104351.61256629678
0.00000000119 2.44464219276 1773.9178027186
0.00000000120 5.51190663062 322.0209439491
0.00000000104 0.94072801823 45.2465826386
0.00000000110 5.83597099432 633.305004175
0.00000000092 3.17165005690 507.5995645668
0.00000000101 4.77041953206 427.8702152632
0.00000000098 4.20048929060 78263.70942472259
0.00000000098 2.90784721259 199.9657733137
0.00000000119 2.04004116097 1154.6103978816
0.00000000091 1.30724317620 1286.9081196288
0.00000000104 1.18434321311 448.6895914038
0.00000000091 2.03003386313 650.1922270525
0.00000000117 2.22762346918 740.2817475469
0.00000000097 0.59571650703 317.8763423649
0.00000000093 5.03178505524 847.0460425977
0.00000000095 0.56124912733 236.8749686741
0.00000000091 5.22516620379 1031.87390369
0.00000000099 1.50209451695 743.7932096847
0.00000000115 5.88226858490 924.0458270562
0.00000000091 6.22628300162 211.2933578679
0.00000000112 0.60952277376 498.1983957056
0.00000000090 0.20903253046 1390.0008938474
0.00000000124 0.14544703761 2332.0629558164
0.00000000093 5.53494077769 5687.940106818
0.00000000094 5.34823546532 1235.6117715724
0.00000000105 2.75074759436 1152.1797636693
0.00000000097 3.87780918853 2733.3883524269
0.00000000092 3.33658628877 518.9058972616
0.00000000090 3.20306478995 1164.9223849626
0.00000000091 4.84054379431 215.3048330081
0.00000000091 1.52963589526 789.4604834486
0.00000000109 2.69742747002 1457.525933062
0.00000000088 2.39325619929 639.1465267886
0.00000000104 2.55393911799 799.6124118352
0.00000000087 0.03653347258 1389.1071219701
0.00000000093 0.72961701339 608.2446582306
0.00000000093 5.30395179663 222.7002642992
0.00000000087 1.64989693105 338.4832701844
0.00000000097 4.65063535253 1784.2127434571
0.00000000089 4.65304680818 4326.3934009738
0.00000000086 2.32612831847 1176.7017984094
0.00000000095 0.84654513116 785.5283301855
0.00000000094 2.02588413534 512.4254897072
0.00000000098 4.72121429417 232.4215505492
0.00000000085 5.89926368802 3156.8051495652
0.00000000090 0.49974649623 77.7505439839
0.00000000085 2.91624163677 746.7621551013
0.00000000088 0.46680815352 1912.5783119412
0.00000000084 4.29098368309 896.3253522359
0.00000000084 3.26093035827 1101.0264279648
0.00000000097 5.87961038568 2648.454825473
0.00000000112 1.42592292237 3046.5988283458
0.00000000095 5.07265268907 1887.3055176757
0.00000000096 1.73235805032 3803.81598288
0.00000000095 5.49343620014 452.2010535416
0.00000000084 6.00447997565 4333.5069479746
0.00000000092 1.30019476195 25241.820306823
0.00000000091 0.34482517770 912.4788619305
0.00000000089 5.25882296348 528.4671248172
0.00000000087 2.55502392314 10323.4918674304
0.00000000092 5.75692439129 113.1270825262
0.00000000083 1.67229948282 229.7614216733
0.00000000110 1.58491727058 1023.9572075371
0.00000000084 2.57764287124 1448.9108670104
0.00000000084 1.61297525962 1173.3603459773
0.00000000090 0.42687791140 473.659314623
0.00000000100 4.61116427326 582.3811631341
0.00000000093 5.76287499930 203.8979265768
0.00000000102 0.71631463560 26301.2022370122
0.00000000086 4.04071522456 3789.5888888784
0.00000000108 1.27513065507 946.727928415
0.00000000085 3.37712901665 1621.3162241982
0.00000000099 1.96529929552 1452.8430202735
0.00000000088 5.20958727187 9470.2954856784
0.00000000085 0.31181175336 627.1546650207
0.00000000081 3.03622757274 196.8367692027
0.00000000083 2.42949595819 818.574808252
0.00000000081 1.89609165087 364.3467652809
0.00000000087 5.45538307617 1147.4968508808
0.00000000080 5.25329934448 4532.578949411
0.00000000082 0.02899852098 4856.0843660684
0.00000000083 3.14142784311 157.6399519819
0.00000000097 1.23841230494 95.0160193713
0.00000000100 5.24393975284 817.7716590999
0.00000000084 0.31157071716 1599.9585368533
0.00000000088 4.27265950076 1681.1199692385
0.00000000080 2.85939270432 1268.7488723641
0.00000000086 0.97630886006 200.0352092829
0.00000000083 2.28713281517 12.7426212933
0.00000000097 0.91815961642 1030.927742186
0.00000000079 3.07698098095 206.0736738526
0.00000000091 5.75729901464 807.9497991134
0.00000000087 0.42720761608 10007.0999977738
0.00000000078 3.71839527643 146.3818033969
0.00000000108 5.20280565998 1184.4060462412
0.00000000092 2.60904862533 154.0166152595
0.00000000084 0.32694738907 1173.5204046717
0.00000000081 3.57713443867 205.9731001161
0.00000000085 0.00036736404 443.2729654324
0.00000000089 3.50851506346 835.7878940127
0.00000000087 0.76899512620 201.9927627432
0.00000000082 3.64624188259 718.6110381444
0.00000000100 5.66342418624 1115.2535219664
0.00000000080 2.72322567646 458.090760265
0.00000000078 2.92017576269 634.4806603426
0.00000000094 5.87172951757 2545.3620512544
0.00000000082 5.30395730854 111.1695290659
0.00000000076 5.95235039360 649.4585138696
0.00000000092 4.67308746790 596.6082571357
0.00000000076 5.61246309601 595.7144852584
0.00000000088 1.35973650628 4223.3006267552
0.00000000089 0.18598030370 1482.0479678021
0.00000000077 0.65783702665 567.8240007324
0.00000000074 3.13429668952 529.1697002328
0.00000000077 1.78883058145 171.6545976624
0.00000000101 2.01741399535 943.7589829984
0.00000000081 3.18217237590 534.3568315406
0.00000000077 5.55978103968 878.3261636656
0.00000000088 4.96030794134 5966.6839803348
0.00000000093 5.49611976914 645.5263606065
0.00000000074 5.82012747215 316.4400537664
0.00000000086 5.10320208624 734.2319821291
0.00000000085 4.02471557641 987.7817253596
0.00000000074 1.59328832031 846.131018861
0.00000000077 5.04672541583 238.5718897035
0.00000000095 4.71721046069 1037.2905296614
0.00000000082 2.67123570357 1877.0105769372
0.00000000088 3.44796546980 1587.4283638811
0.00000000086 1.12360345918 845.1196269047
0.00000000073 0.30784168957 109.9938728983
0.00000000092 3.20015163409 324.9898893657
0.00000000078 4.90441489556 828.1360358076
0.00000000088 4.85305395851 251.1714986449
0.00000000095 4.06828252459 738.3241940866
0.00000000074 2.08215303049 416.5638825684
0.00000000073 3.80312093402 110.4187695405
0.00000000086 4.26211128325 809.0135806964
0.00000000094 4.99996575655 378.6432952517
0.00000000095 2.96497733290 844.5983620429
0.00000000100 0.15146872601 186.2117600641
0.00000000088 4.16731870359 232.942815411
0.00000000072 2.01506338325 94.4253185403
0.00000000076 4.72470357864 195.7729876197
0.00000000072 0.63509909932 645.3139122854
0.00000000085 3.70783979194 1057.8974574809
0.00000000073 5.83760271337 1560.6187072806
0.00000000072 0.86081417266 3892.681663097
0.00000000072 0.99750824683 280.2163874791
0.00000000077 1.14405747955 227.5743735494
0.00000000071 0.96814412427 544.6688186216
0.00000000088 1.03829142709 266.952501324