213.29909521690 0.0 0.0
0.01297370862 1.82834923978 213.299095438
0.00564345393 2.88499717272 7.1135470008
0.00093734369 1.06311793502 426.598190876
0.00107674962 2.27769131009 206.1855484372
0.00040244455 2.04108104671 220.4126424388
0.00019941774 1.27954390470 103.0927742186
0.00010511678 2.74880342130 14.2270940016
0.00006416106 0.38238295041 639.897286314
0.00004848994 2.43037610229 419.4846438752
0.00004056892 2.92133209468 110.2063212194
0.00003768635 3.64965330780 3.9321532631
0.00003384691 2.41694503459 3.1813937377
0.00003231693 1.26149969158 433.7117378768
0.00003071405 2.32739504783 199.0720014364
0.00001953179 3.56378136497 11.0457002639
0.00001249468 2.62810757084 95.9792272178
0.00000921350 1.96069472334 227.5261894396
0.00000701524 4.43097553887 529.6909650946
0.00000649591 6.17410622073 202.2533951741
0.00000627498 6.11109816220 309.2783226558
0.00000468362 4.61704486774 63.7358983034
0.00000440442 6.01861163350 853.196381752
0.00000478347 4.98809792152 522.5774180938
0.00000408800 2.10122200324 323.5054166574
0.00000407654 1.29967965754 209.3669421749
0.00000343720 3.95819456535 412.3710968744
0.00000338569 3.63538109408 316.3918696566
0.00000336129 3.77170200605 735.8765135318
0.00000331895 2.86077271205 210.1177017003
0.00000346963 2.24152661493 632.7837393132
0.00000289484 2.73211009526 117.3198682202
0.00000254100 0.54280472223 647.0108333148
0.00000230497 1.64428691304 216.4804891757
0.00000280910 5.74399466555 2.4476805548
0.00000192275 2.96534476762 224.3447957019
0.00000171342 4.09606536666 846.0828347512
0.00000167110 2.59746814308 21.3406410024
0.00000136321 2.28588945465 10.2949407385
0.00000129468 3.44863729720 742.9900605326
0.00000127864 4.09556557491 217.2312487011
0.00000109809 6.16222822735 415.5524906121
0.00000093929 3.48395603528 1052.2683831884
0.00000092500 3.94738565799 88.865680217
0.00000097503 4.72798517062 838.9692877504
0.00000085414 1.21992749767 440.8252848776
0.00000083544 3.11243528672 625.6701923124
0.00000077552 6.24420223771 302.164775655
0.00000061557 1.82806831206 195.1398481733
0.00000061894 4.29399030957 127.4717966068
0.00000067100 0.28960408801 4.665866446
0.00000056935 5.01850216663 137.0330241624
0.00000054018 5.12526846805 490.3340891794
0.00000054588 0.28394184881 74.7815985673
0.00000065843 5.64781011841 9.5612275556
0.00000049360 1.44414937308 536.8045120954
0.00000057790 2.47591802875 191.9584544356
0.00000044445 2.70867717923 5.4166259714
0.00000046462 1.17725360336 149.5631971346
0.00000040352 3.88835739308 728.762966531
0.00000037766 2.53385959344 12.5301729722
0.00000046627 5.14898441386 515.463871093
0.00000045601 2.22651202659 956.2891559706
0.00000040425 0.41248570335 269.9214467406
0.00000037318 3.78007466606 2.9207613068
0.00000033848 3.21091304755 1368.660252845
0.00000037468 0.63301847328 422.6660376129
0.00000033013 0.30379634705 351.8165923087
0.00000030286 2.84006878726 203.0041546995
0.00000035096 6.08465483298 5.6290742925
0.00000033273 4.64025207300 277.0349937414
0.00000031908 4.38588051077 1155.361157407
0.00000029011 3.38845528142 1059.3819301892
0.00000028659 2.02118990830 330.6189636582
0.00000029347 5.41549054397 1066.49547719
0.00000028266 2.74211823281 265.9892934775
0.00000030064 6.18691482959 284.1485407422
0.00000031444 2.43486054228 52.6901980395
0.00000026507 4.51149190693 340.7708920448
0.00000022023 5.14128268104 4.192785694
0.00000022201 1.96451679625 203.7378678824
0.00000021711 2.67663515039 942.062061969
0.00000022573 5.88439455151 210.8514148832
0.00000019449 4.76522617576 70.8494453042
0.00000019260 2.30000060917 437.6438911399
0.00000019467 6.16358069850 860.3099287528
0.00000019308 4.10055638793 18.1592472647
0.00000022756 4.13890496693 191.2076949102
0.00000017772 2.43993724475 423.4167971383
0.00000017625 1.84879760332 234.6397364404
0.00000017917 0.90281001853 429.7795846137
0.00000015390 4.23435556180 1162.4747044078
0.00000014518 3.60447992897 1045.1548361876
0.00000014098 2.94108637859 1685.0521225016
0.00000016365 4.04772986282 949.1756089698
0.00000013351 6.24525394105 38.1330356378
0.00000015958 1.06504854837 56.6223513026
0.00000014066 1.43547760486 408.4389436113
0.00000015765 5.59418374906 6.1503391543
0.00000013047 5.75713536656 138.5174968707
0.00000014963 5.77194144042 22.0914005278
0.00000015910 1.93236196007 1272.6810256272
0.00000012859 4.24850891703 405.2575498736
0.00000013585 4.09378444821 1471.7530270636
0.00000015186 0.74349230082 200.7689224658
0.00000016343 5.95883716209 628.8515860501
0.00000010876 1.54843099228 223.5940361765
0.00000012178 1.86122230918 131.4039498699
0.00000011698 1.80956732786 124.433415221
0.00000010205 3.46772102734 1375.7737998458
0.00000010113 2.38081573177 107.0249274817
0.00000009801 2.55376042251 99.9113804809
0.00000010569 5.35748271313 215.7467759928
0.00000012078 4.84566679178 831.8557407496
0.00000009282 3.90397999336 430.5303441391
0.00000010209 6.07702154705 32.2433289144
0.00000009247 3.65397916243 142.4496501338
0.00000009333 5.81168126660 7.1617311106
0.00000008973 1.23896814586 106.2741679563
0.00000009584 1.38807709012 145.6310438715
0.00000008092 4.41109592718 703.6331846174
0.00000008370 5.64021200149 62.2514255951
0.00000008365 2.42756208502 1258.4539316256
0.00000007625 3.75230513033 312.1990839626
0.00000007507 0.52825397746 654.1243803156
0.00000007222 0.28432332038 0.7507595254
0.00000008219 6.22089296322 14.977853527
0.00000007047 0.53162328102 388.4651552382
0.00000006575 3.48594056852 35.4247226521
0.00000009019 4.94930308863 208.633228992
0.00000006422 3.32913886531 1361.5467058442
0.00000008828 0.08576921133 288.0806940053
0.00000006468 2.89346190385 114.1384744825
0.00000006244 0.54959845938 65.2203710117
0.00000006147 2.67701859857 2001.4439921582
0.00000006729 0.23473166872 8.0767548473
0.00000007330 4.85397668762 222.8603229936
0.00000006306 3.80609816761 1788.1448967202
0.00000005794 4.39110470067 81.7521332162
0.00000006114 0.88426580807 92.0470739547
0.00000006916 2.04730284282 99.1606209555
0.00000005224 5.49152647879 563.6312150384
0.00000006227 1.60545827612 1589.0728952838
0.00000005156 2.11913652877 214.2623032845
0.00000006641 5.82592142759 483.2205421786
0.00000004960 5.75655227165 565.1156877467
0.00000004949 0.41506756602 76.2660712756
0.00000005284 4.58064490860 134.5853436076
0.00000004983 4.20110843598 404.5067903482
0.00000005143 4.67534992519 212.3358875915
0.00000004733 4.59040852304 554.0699874828
0.00000004551 3.24564999051 231.4583427027
0.00000005149 3.33574378590 1.4844727083
0.00000004646 5.79841221351 217.964961884
0.00000004468 0.12007438852 295.0512286542
0.00000004609 0.45274542243 362.8622925726
0.00000004476 5.37754871729 497.4476361802
0.00000004962 3.77054763448 1265.5674786264
0.00000004209 4.88259084305 98.8999885246
0.00000004240 5.00130451925 213.3472795478
0.00000004739 4.53295409208 1148.2476104062
0.00000005056 2.20279742533 207.8824694666
0.00000003647 0.55692708637 750.1036075334
0.00000003590 1.83316476388 225.8292684102
0.00000003553 0.35405996436 333.657345044
0.00000003771 0.98541172336 24.3790223882
0.00000003643 1.61349634910 245.5424243524
0.00000003416 2.19565598832 1574.8458012822
0.00000003326 5.32536836657 347.8844390456
0.00000003648 0.80545608428 343.2185725996
0.00000003230 0.21797740452 635.9651330509
0.00000004252 1.80251333130 213.2509113282
0.00000003110 3.03951432197 1677.9385755008
0.00000003692 0.81899526461 344.7030453079
0.00000003007 3.35935547424 7.8643065262
0.00000002905 1.33932275244 543.9180590962
0.00000002952 4.87373800642 144.1465711632
0.00000002765 2.42541766183 2317.8358618148
0.00000003051 4.30989927790 6062.6632075526
0.00000003636 5.12822987131 218.9281697305
0.00000002960 3.53539509519 2104.5367663768
0.00000003220 2.88065191084 216.2198567448
0.00000002890 5.73415956875 9992.8729037722
0.00000002581 3.79872579706 17.2654753874
0.00000003497 5.29659047575 350.3321196004
0.00000002852 3.72852216251 6076.8903015542
0.00000002825 2.54354879030 1692.1656695024
0.00000002775 0.23409308831 357.4456666012
0.00000002964 2.48786690434 46.470422916
0.00000002494 4.37756234530 217.491881132
0.00000002434 0.74936808231 414.0680179038
0.00000002711 5.15376962514 10007.0999977738
0.00000003124 1.92045529107 17.4084877393
0.00000003110 1.71435795236 1169.5882514086
0.00000002683 3.44460235259 31.019488637
0.00000003070 0.27064671367 120.358249606
0.00000002498 0.89152242639 479.2883889155
0.00000002239 3.76466001926 425.1137181677
0.00000002492 2.10872471949 168.0525127994
0.00000002554 1.63237286968 182.279606801
0.00000002212 3.15570115956 212.7778305762
0.00000002345 2.33187767722 218.7157214094
0.00000002512 4.52214797332 198.321241911
0.00000002058 5.32848893146 125.9873238985
0.00000002670 5.76962486601 618.5566453116
0.00000002501 1.36963027063 1905.4647649404
0.00000002258 3.21639296814 273.1028404783
0.00000002143 4.82825483897 1279.794572628
0.00000002052 1.27587061572 14.0146456805
0.00000002615 0.71070461113 85.8272988312
0.00000002093 3.39000145617 160.6088973985
0.00000001983 0.39573727330 358.9301393095
0.00000002197 5.93385162544 13.3333221243
0.00000001947 1.11697571149 447.9388318784
0.00000001963 2.32757954485 28.4541880032
0.00000002225 3.64731297942 213.8203602998
0.00000001993 1.35754866700 20.6069278195
0.00000001908 1.85043929897 1.2720243872
0.00000001912 3.44056631214 69.1525242748
0.00000001924 3.75344898408 28.3111756513
0.00000002107 2.25960904718 116.4260963429
0.00000001990 5.04917972011 424.1505103212
0.00000002242 4.24915057068 1464.6394800628
0.00000001837 5.40613525191 31.492569389
0.00000001884 6.27237464104 25.1297819136
0.00000001964 4.88959404434 275.5505210331
0.00000001761 1.55538934409 650.9429865779
0.00000002289 4.95949808683 258.8757464767
0.00000001715 3.99957963119 416.3032501375
0.00000002176 0.00746756006 0.8937718773
0.00000001909 2.59860489663 329.7251917809
0.00000001677 0.41818851015 54.1746707478
0.00000002113 2.56576165077 59.8037450403
0.00000001910 2.42712655158 113.3877149571
0.00000001599 5.29789805696 251.4321310758
0.00000001827 5.46952748031 842.1506814881
0.00000001650 1.82771651512 128.9562693151
0.00000001878 3.51442725486 1581.959348283
0.00000001598 1.71834334467 129.9194771616
0.00000001533 2.76924053810 1994.3304451574
0.00000001688 1.91034000476 278.5194664497
0.00000001990 5.28713202313 508.3503240922
0.00000001961 1.22898590055 621.7380390493
0.00000001507 0.54655212147 320.3240229197
0.00000001683 2.63417306973 767.3690829208
0.00000001459 2.01614186149 1891.2376709388
0.00000001532 3.27409841371 2420.9286360334
0.00000001431 0.21259204805 643.0786800517
0.00000001443 5.51283885539 1073.6090241908
0.00000001331 4.20981834774 546.956440482
0.00000001364 4.00794878746 721.6494195302
0.00000001370 0.00435400783 1795.258443721
0.00000001548 6.10125434827 280.9671470045
0.00000001368 2.06272463663 192.6921676185
0.00000001296 4.84837761166 45.5766510387
0.00000001267 5.28133965845 173.9422195228
0.00000001401 6.13410133967 39.3568759152
0.00000001252 2.19203979277 2634.2277314714
0.00000001466 4.16355235441 26.826702943
0.00000001285 3.76170874847 2.2876218604
0.00000001263 3.65141438062 264.5048207692
0.00000001489 5.41027945158 214.0498549634
0.00000001429 0.71807502378 254.9435932136
0.00000001181 0.42661254361 41.6444977756
0.00000001391 2.15567541516 2008.557539159
0.00000001161 5.23598298659 181.0557665236
0.00000001538 3.62924135993 561.1835344836
0.00000001121 1.08299011495 6.592282139
0.00000001218 1.40812599648 209.106309744
0.00000001083 0.27140934643 184.0941479094
0.00000001345 6.11690814301 207.6700211455
0.00000001090 4.74012700942 78.7137518304
0.00000001113 0.96578641864 305.3461693927
0.00000001189 4.76346210827 219.4494345923
0.00000001202 3.47297831356 51.2057253312
0.00000001094 1.86667293176 1485.9801210652
0.00000001172 4.19848597258 417.0369633204
0.00000001067 3.41866093436 629.6023455755
0.00000001286 2.34110191143 210.3783341312
0.00000001405 2.38547495352 636.7158925763
0.00000001226 3.94550906032 1781.0313497194
0.00000001109 4.88830425812 1478.8665740644
0.00000001084 3.68973847177 274.0660483248
0.00000000991 6.18957362221 2111.6503133776
0.00000000987 2.19659363820 617.8058857862
0.00000001051 1.05437128119 237.6781178262
0.00000000988 6.04638824298 291.262087743
0.00000001204 1.15120847561 2221.856634597
0.00000001095 0.87682075285 313.2104759189
0.00000000932 6.06709440285 601.7642506762
0.00000001127 5.94936507654 196.6243208816
0.00000000920 3.87350396084 135.336103133
0.00000001111 5.24820138356 189.7232222019
0.00000000980 0.80994813332 436.8931316145
0.00000000903 2.30830859720 312.4597163935
0.00000000877 0.11036923562 267.4737661858
0.00000000881 3.67094694490 25.2727942655
0.00000000903 3.52927348588 643.8294395771
0.00000000870 2.91480922799 211.8146227297
0.00000001090 0.40467871703 692.5874843535
0.00000001076 0.14126679823 175.1660598002
0.00000000933 3.24021183740 214.7835681463
0.00000000931 4.46792395595 77.962992305
0.00000000893 4.70654310595 148.0787244263
0.00000000887 3.36333952309 166.828672522
0.00000000855 5.52989068704 205.2223405907
0.00000000853 1.02568311507 491.8185618877
0.00000000816 4.75099680144 776.9303104764
0.00000000812 6.11564621357 488.8496164711
0.00000001128 1.36995647618 337.732510659
0.00000000815 6.27092737025 1382.8873468466
0.00000000790 0.89169444614 342.2553647531
0.00000001076 5.31614813327 235.3904959658
0.00000000761 2.48192692858 2310.722314814
0.00000000789 0.05788153963 543.0242872189
0.00000000752 3.76519728356 916.9322800554
0.00000000754 5.18365928022 244.318584075
0.00000000939 5.77229186804 501.3797894433
0.00000000967 1.31738834270 486.4019359163
0.00000000790 2.98595083986 2737.32050569
0.00000000774 6.26950492111 151.0476698429
0.00000000939 5.48036983143 339.2864193365
0.00000000710 2.41625453577 247.2393453818
0.00000000794 2.59522645936 1.6445314027
0.00000000723 4.56009184704 121.2520214833
0.00000000857 1.99272123647 248.7238180901
0.00000000683 5.50977618441 487.3651437628
0.00000000678 6.10807510472 867.4234757536
0.00000000690 3.76660351032 1038.0412891868
0.00000000761 4.61027550357 23.5758732361
0.00000000673 5.68235998909 319.5732633943
0.00000000808 3.21312273480 1898.3512179396
0.00000000715 5.00023555936 220.4608265486
0.00000000639 5.92948462252 2428.0421830342
0.00000000637 1.86001190818 2207.6295405954
0.00000000615 2.49867623797 444.7574381407
0.00000000764 1.81804298404 2324.9494088156
0.00000000672 2.54160500837 271.4059194489
0.00000000737 1.50543762956 268.4369740323
0.00000000836 1.26618033038 212.5483359126
0.00000000637 2.20572760431 1802.3719907218
0.00000000671 4.00880206711 425.6349830295
0.00000000603 0.64742621983 207.1487562837
0.00000000598 1.51837804657 427.5613987225
0.00000000596 1.92568455140 2950.619601128
0.00000000601 6.22126671427 228.276948965
0.00000000737 5.27939281526 204.7010757289
0.00000000720 2.58510714719 472.1748419147
0.00000000595 4.72112782623 380.12776796
0.00000000683 3.83223866420 43.2890291783
0.00000000684 3.66033684379 2097.423219376
0.00000000677 4.53513985772 5863.5912061162
0.00000000570 1.18346560079 131.5469622218
0.00000000731 2.69927545658 16.6747745564
0.00000000563 6.07653636333 241.6102710893
0.00000000564 5.70013327331 696.5196376166
0.00000000665 5.96873852837 9793.8009023358
0.00000000549 4.92449367054 188.9200730498
0.00000000556 5.75593773439 533.6231183577
0.00000000550 5.49717741465 206.233732547
0.00000000556 4.59787882758 411.620337349
0.00000000572 5.79171128918 195.8906076987
0.00000000690 1.01867006902 381.3516082374
0.00000000650 6.28308874623 556.5176680376
0.00000000584 5.43287379445 526.5095713569
0.00000000520 2.19322568805 180.1619946463
0.00000000673 4.45121662104 105.5404547734
0.00000000543 4.19353137744 213.1872208534
0.00000000592 4.28259073720 905.8865797915
0.00000000575 3.98595915950 140.001969579
0.00000000549 3.29327549224 193.655375465
0.00000000586 3.03561621613 6275.9623029906
0.00000000539 0.80688137797 458.8415197904
0.00000000566 4.23028541931 426.6463749858
0.00000000510 1.10982373938 738.7972748386
0.00000000590 4.09764962186 436.1594184316
0.00000000578 5.76630812428 963.4027029714
0.00000000505 2.95732719798 135.5485514541
0.00000000492 2.71568281674 84.9335269539
0.00000000474 5.99252453125 289.5651667136
0.00000000486 5.24155754727 5849.3641121146
0.00000000644 4.91580087837 824.7421937488
0.00000000567 4.53417326513 10206.1719992102
0.00000000475 6.19959930188 397.3932433474
0.00000000552 1.46641944663 42.5382696529
0.00000000447 2.59259132013 7.2254215854
0.00000000545 0.04176014331 221.3758502853
0.00000000449 0.47070133410 306.0969289181
0.00000000449 5.79259534172 685.4739373527
0.00000000497 1.91225950427 831.1049812242
0.00000000472 5.76556319499 570.7447620392
0.00000000543 2.60337387591 213.4109700226
0.00000000476 1.86523349842 980.6681783588
0.00000000525 5.41470067852 699.7010313543
0.00000000568 0.92576336154 2538.2485042536
0.00000000485 0.61141693408 41.0537969446
0.00000000434 5.97213044475 576.1613880106
0.00000000422 4.60394612547 710.7467316182
0.00000000411 1.34966980065 27.0873353739
0.00000000413 4.83700122362 429.0458714308
0.00000000408 1.57481461411 241.7532834412
0.00000000505 2.85524554478 327.4375699205
0.00000000434 2.72438932125 3053.7123753466
0.00000000424 4.03073158555 739.8086667949
0.00000000400 5.00202145163 431.264057322
0.00000000394 1.80181930923 184.9879197867
0.00000000431 2.02055510167 525.7588118315
0.00000000456 1.98373183360 213.5115437591
0.00000000385 5.66636299791 519.3960243561
0.00000000415 4.41614347545 179.3588454942
0.00000000375 4.64683561376 409.9234163196
0.00000000389 5.74762722112 849.2642284889
0.00000000375 5.86666869275 19.643719973
0.00000000390 2.10901103499 731.9443602687
0.00000000439 3.38020838546 2413.8150890326
0.00000000380 2.33004090915 2627.1141844706
0.00000000405 3.15000005309 2214.7430875962
0.00000000374 0.41322198420 9779.5738083342
0.00000000379 4.79045619616 421.93232443
0.00000000381 3.49547033281 1354.4331588434
0.00000000375 1.15376522878 569.0478410098
0.00000000366 1.36950986067 835.0371344873
0.00000000456 4.81317341975 213.0866471169
0.00000000391 0.63869657954 206.1373643274
0.00000000377 5.03922180095 298.2326223919
0.00000000389 3.23546953234 760.25553592
0.00000000361 3.97052467541 92.7978334801
0.00000000384 0.99158031411 282.6640680339
0.00000000472 1.54703074354 421.1815649046
0.00000000351 0.67273886199 305.0855369618
0.00000000386 4.64254644028 170.7608257851
0.00000000365 6.20540615033 181.806526049
0.00000000393 2.12942707805 532.6117264014
0.00000000383 0.05185541996 252.6559713532
0.00000000467 2.26337241837 518.6452648307
0.00000000406 2.18134488483 2118.7638603784
0.00000000356 3.19586885413 945.9942152321
0.00000000361 0.50233063987 50.4025761791
0.00000000334 5.63337650974 2744.4340526908
0.00000000459 5.37964866365 934.9485149682
0.00000000378 3.56033503151 1119.1856752295
0.00000000344 3.96892381773 610.6923387854
0.00000000385 0.47930663456 263.7016716171
0.00000000324 3.68349538825 72.0732855816
0.00000000426 3.89784222224 525.4981794006
0.00000000358 4.11241839677 37.8724032069
0.00000000378 2.02895767226 285.6330134505
0.00000000319 0.23235332054 705.1176573257
0.00000000337 4.89868242091 898.7730327907
0.00000000310 2.86499460237 913.9633346388
0.00000000316 5.77993661207 69.3649725959
0.00000000357 4.08921720644 511.5317178299
0.00000000304 4.17744815606 73.297125859
0.00000000337 3.31563536598 391.1734682239
0.00000000383 1.51729490652 2641.3412784722
0.00000000297 5.50908719718 702.1487119091
0.00000000343 2.62919531951 213.5597278689
0.00000000339 2.60492937184 518.3846323998
0.00000000291 4.98832153464 778.4147831847
0.00000000310 1.57685156193 259.769518354
0.00000000327 2.86020999144 724.8308132679
0.00000000293 5.71827875268 60.7669528868
0.00000000323 4.94511156125 409.1897031367
0.00000000326 1.93871115533 480.7728616238
0.00000000288 0.87763268205 887.7273325268
0.00000000301 4.30795192233 206.706813299
0.00000000380 2.84673036576 774.4826299216
0.00000000280 1.66491233830 405.9912630565
0.00000000281 0.91462178099 273.8536000037
0.00000000279 1.76942204576 945.2434557067
0.00000000331 2.74250642576 22.8945496799
0.00000000281 5.28412046410 403.0223176399
0.00000000362 2.99550257971 624.919432787
0.00000000283 0.67877937506 395.578702239
0.00000000329 5.90836544487 100.6450936638
0.00000000274 1.62260137014 681.5417840896
0.00000000307 2.71913510791 406.954470903
0.00000000284 3.66870476412 188.0263011725
0.00000000319 5.24796235885 229.9738699944
0.00000000272 2.70582939183 953.1077622329
0.00000000335 4.61515142526 468.2426886516
0.00000000265 1.55747103351 952.3570027075
0.00000000265 2.61338076723 739.0579072695
0.00000000261 4.08135671345 25.8634950965
0.00000000261 4.05948643470 990.2294059144
0.00000000296 4.49128669347 693.55069220
0.00000000259 3.70714931093 756.3233826569
0.00000000276 3.54024051938 319.3126309634
0.00000000292 0.65370180027 25867.49049913539
0.00000000292 0.12510953311 25881.717593137
0.00000000288 3.98602872988 707.7777862016
0.00000000285 1.92324537515 3134.4268782626
0.00000000284 2.45405555508 3120.199784261
0.00000000251 5.49392546588 552.5855147745
0.00000000249 4.99476670690 211.6021744086
0.00000000270 2.96399363494 2730.2069586892
0.00000000254 0.93636425304 462.0229135281
0.00000000258 1.97005667122 3267.0114707846
0.00000000333 4.37215832017 732.6951197941
0.00000000249 4.40993480586 419.532827985
0.00000000240 1.43024411751 823.9914342234
0.00000000266 2.84140918740 2531.1349572528
0.00000000271 3.45824123786 630.3360587584
0.00000000306 4.48457949210 913.0001267923
0.00000000241 1.53210253391 662.531203563
0.00000000246 6.09302475217 611.4430983108
0.00000000321 1.11838394926 426.5500067662
0.00000000287 5.68497603085 33.9402499438
0.00000000232 5.38365779456 815.0633461142
0.00000000233 3.21618054553 230.5645708254
0.00000000229 3.80431337124 58.1068240109
0.00000000230 2.11147557890 2943.5060541272
0.00000000239 3.25558823312 638.9340784675
0.00000000220 0.95686592581 1894.4190646765
0.00000000288 5.03408953047 714.6788848813
0.00000000219 4.97799409159 354.9979860464
0.00000000217 1.68511614749 2524.021410252
0.00000000222 3.48856424574 212.0270710508
0.00000000217 0.72166809400 757.2171545342
0.00000000223 1.92215883184 938.1299087059
0.00000000217 3.05680736768 1130.2313754934
0.00000000275 1.36259423000 292.0128472684
0.00000000275 1.22972617627 2957.7331481288
0.00000000243 1.73888991150 432.0148168474
0.00000000213 2.96147626163 67.6680515665
0.00000000253 3.09431326008 29.2049475286
0.00000000244 3.15828383212 7.0016724162
0.00000000258 3.94711896782 1049.0869894507
0.00000000210 0.92691531069 864.2420820159
0.00000000216 0.12205673729 28.5718080822
0.00000000217 4.30267078355 637.4496057592
0.00000000215 4.11358919807 540.7366653585
0.00000000226 3.91981304355 361.3778198643
0.00000000206 3.06573974753 638.4128136057
0.00000000212 2.07343849515 1357.6145525811
0.00000000206 4.76320283392 244.791664827
0.00000000215 1.25169484126 477.8039162072
0.00000000202 0.83522072662 1901.5326116773
0.00000000199 4.85324797953 453.424893819
0.00000000207 3.81971465476 287.9376816534
0.00000000203 2.14025039560 5856.4776591154
0.00000000250 5.24129479641 2015.6710861598
0.00000000236 4.28324419129 432.2272651685
0.00000000211 1.68715027741 535.9107402181
0.00000000197 4.71448115756 394.3548619616
0.00000000195 5.87802401359 572.2292347475
0.00000000200 4.89097544068 5650.2921106782
0.00000000193 4.20778436350 141.6988906084
0.00000000235 6.03805082386 1044.4040766622
0.00000000195 3.38080072732 334.5511169213
0.00000000215 4.89303865565 226.0417167313
0.00000000195 2.79052383726 25448.00585526019
0.00000000213 1.01587660832 420.4478517217
0.00000000248 0.66849102314 627.3671133418
0.00000000195 0.58357607695 661.2379273164
0.00000000239 1.61549656794 484.7050148869
0.00000000190 4.59542290510 464.7312265138
0.00000000236 4.74825845225 448.6895914038
0.00000000197 0.70877760895 5268.4554629428
0.00000000198 5.24830954641 835.7878940127
0.00000000214 0.49644344151 114.3991069134
0.00000000200 3.90819588718 418.5214360287
0.00000000192 3.08447389331 219.891377577
0.00000000252 0.59577510798 481.7360694703
0.00000000210 1.47873307456 205.4347889118
0.00000000197 2.47312566093 1041.2226829245
0.00000000197 5.78596362795 1699.2792165032
0.00000000229 2.15294563190 55.1378785943
0.00000000211 5.72331015659 465.9550667912
0.00000000219 5.09141093915 71.6002048296
0.00000000201 2.71361439451 586.3133163972
0.00000000207 4.09887010479 432.7485300303
0.00000000210 0.93478002718 551.031606097
0.00000000180 0.75887949038 640.8604941605
0.00000000185 0.06297798536 9580.5018068978
0.00000000183 0.75734481539 4649.8988176312
0.00000000178 2.54931047505 426.0769260142
0.00000000183 5.40214111593 449.232108125
0.00000000192 5.83214375216 212.4053235607
0.00000000191 5.76589986514 188.1693135244
0.00000000200 1.17340443616 4952.0635932862
0.00000000175 3.62894671655 62.038977274
0.00000000179 5.33862243149 504.561183181
0.00000000178 5.46255862891 1080.7225711916
0.00000000223 3.48334535620 827.9235874865
0.00000000206 1.31950519903 230.7075831773
0.00000000173 0.34682515407 775.233389447
0.00000000203 4.55782575605 398.1440028728
0.00000000171 5.02502465606 93.531546663
0.00000000197 2.52828823882 286.596221297
0.00000000203 4.46272731830 1141.1340634054
0.00000000171 1.17621965762 439.1283638482
0.00000000235 0.71854455488 2854.6403739102
0.00000000170 2.52247386072 4230.414173756
0.00000000170 5.35148826943 3060.8259223474
0.00000000171 0.83639716225 1165.6560981455
0.00000000202 4.78048042035 1596.1864422846
0.00000000168 4.46665083242 1251.3403846248
0.00000000216 2.76419314772 336.8387387817
0.00000000201 4.40543178813 119.767548775
0.00000000177 3.71459442547 1056.2005364515
0.00000000195 4.50146605932 172.2452984934
0.00000000178 3.30601144188 1670.82502850
0.00000000187 0.29230663399 420.9691165835
0.00000000165 1.42862210897 393.4610900843
0.00000000164 2.21783343046 19999.97290154599
0.00000000183 3.54662980988 639.9454704238
0.00000000197 6.09329045432 450.9772132642
0.00000000162 2.04232180441 232.942815411
0.00000000162 5.41741841020 597.3590166611
0.00000000161 5.23936155671 98.4269077726
0.00000000160 0.55319954265 5429.8794682394
0.00000000178 0.75722309082 3171.0322435668
0.00000000189 5.30587912038 1257.7031721002
0.00000000183 1.39488377050 561.934294009
0.00000000161 2.58835334097 1026.2448293975
0.00000000169 2.39224696880 214.5711198252
0.00000000160 0.02332053390 952.0963702766
0.00000000165 5.52028556416 238.4288773516
0.00000000167 4.22204525301 121.8427223143
0.00000000156 2.23201534856 353.301065017
0.00000000155 2.37254283146 3067.9394693482
0.00000000173 1.47028209831 33.1371007917
0.00000000163 4.38548740081 81.8951455681
0.00000000165 2.66510591872 423.6774295692
0.00000000158 0.00790966605 107.7586406646
0.00000000154 2.82175953097 428.0826635843
0.00000000174 1.28271482494 460.5384408198
0.00000000154 1.66553955952 115.6229471908
0.00000000172 5.68697470237 364.3467652809
0.00000000157 1.52766501087 426.7100654606
0.00000000150 3.14467817848 820.0592809603
0.00000000152 1.25095906759 1261.6353253633
0.00000000201 4.38127083242 418.0001711669
0.00000000155 2.82889364566 184.8449074348
0.00000000170 0.52637509428 558.0021407459
0.00000000180 4.57118365613 1457.525933062
0.00000000147 1.04705196368 100.1720129118
0.00000000146 1.97663966745 9360.089164459
0.00000000179 3.16621849840 857.1285350151
0.00000000144 3.54638621538 614.6244920485
0.00000000148 5.79801573208 856.3777754897
0.00000000191 6.11542019555 606.7601855223
0.00000000158 0.11592836628 384.0599212231
0.00000000149 3.60725261749 205.6642835754
0.00000000187 6.26535099398 1037.2905296614
0.00000000183 3.32728254607 1262.3860848887
0.00000000164 4.78384880793 74.6385862154
0.00000000159 1.79960566477 326.6868103951
0.00000000149 2.79221326468 427.1194557378
0.00000000169 3.44710717206 649.4585138696
0.00000000159 0.85238137539 419.4364597654
0.00000000138 1.19046476833 422.405405182
0.00000000142 2.77065540297 2847.5268269094
0.00000000163 4.06958340535 1372.5924061081
0.00000000145 5.52904758486 909.8187330546
0.00000000136 2.18168456444 3370.1042450032
0.00000000182 2.04294180021 429.5189521828
0.00000000171 4.16864035753 213.0384630071
0.00000000133 1.27630544358 1578.0271950199
0.00000000152 0.66132933864 494.2662424425
0.00000000131 5.61666236101 842.9014410135
0.00000000169 0.34789506026 639.8491022042
0.00000000173 2.17720588116 2435.155730035
0.00000000128 1.78174364933 658.0565335787
0.00000000137 5.11560090352 1912.5783119412
0.00000000142 0.75190926039 594.6507036754
0.00000000153 2.78684650106 476.1069951778
0.00000000154 4.94704832787 10220.3990932118
0.00000000128 5.66820405576 225.0785088848
0.00000000138 2.82615622179 2303.6087678132
0.00000000132 1.49741990377 196.0336200506
0.00000000129 4.41175966459 433.7599219866
0.00000000171 6.24909192531 1051.517623663
0.00000000160 1.85890098130 201.5196819912
0.00000000121 5.40484928163 502.8642621516
0.00000000153 4.63947153460 427.3489504014
0.00000000121 3.74544495912 430.79097657
0.00000000120 4.62909460174 203.2647871304
0.00000000129 3.53374989244 1578.7779545453
0.00000000135 1.43937419165 850.0149880143
0.00000000137 4.80520057291 1570.9136480191
0.00000000121 4.87948813075 224.6054281328
0.00000000130 3.34197255602 0.5212648618
0.00000000119 2.83299489060 373.9079928365
0.00000000125 4.91969530984 1152.1797636693
0.00000000115 5.04850642628 3377.217792004
0.00000000138 4.38122571755 1159.2933106701
0.00000000134 0.37323424806 550.1378342197
0.00000000113 2.73735702901 1276.6131788903
0.00000000127 2.13685901715 2751.5475996916
0.00000000153 3.56452485886 1688.9842757647
0.00000000141 2.84269332500 223.3334037456
0.00000000135 2.18590537692 3259.8979237838
0.00000000139 0.66224045852 425.8474313506
0.00000000123 4.98137061996 1286.9081196288
0.00000000110 1.95470890132 3686.4961146598
0.00000000141 4.08645824679 765.8846102125
0.00000000107 2.27167812704 1474.9344208013
0.00000000107 0.67574920664 214.5229357154
0.00000000108 4.14668671928 402.2191684878
0.00000000109 0.60965715164 227.3137411185
0.00000000123 4.75563063820 1055.4497769261
0.00000000116 4.48344664917 1773.9178027186
0.00000000107 2.40194959139 162.0933701068
0.00000000114 0.31513063843 1089.129394439
0.00000000107 2.78085038171 1144.3154571431
0.00000000107 1.45794674623 212.0752551606
0.00000000117 3.32755679932 568.2970814844
0.00000000105 0.77526801011 4546.8060434126
0.00000000104 5.58638472767 258.5456780766
0.00000000103 0.00011902774 1250.5896250994
0.00000000124 0.75407666346 1403.3342159717
0.00000000116 5.58340550636 4120.2078525366
0.00000000105 5.65016987846 299.1263942692
0.00000000107 5.21539682701 214.1928673153
0.00000000104 4.49107029871 1379.7059531089
0.00000000122 4.67678900588 199.2844497575
0.00000000105 2.31569581172 200.5564741447
0.00000000105 4.46551837753 216.0074084237
0.00000000099 2.99447140993 96.8729990951
0.00000000118 4.76736796759 1884.124123938
0.00000000097 4.51150496941 0.0481841098
0.00000000102 1.14650803737 1268.7488723641
0.00000000124 5.36175829995 2004.6253858959
0.00000000113 2.10434715032 976.7360250957
0.00000000099 2.06115127438 210.5907824523
0.00000000102 0.14631144439 650.1922270525
0.00000000096 4.50945686426 991.7138786227
0.00000000121 0.53237694918 838.218528225
0.00000000111 3.17587281166 1987.2168981566
0.00000000113 0.65690102007 369.9758395734
0.00000000097 5.08571198619 153.4953503977
0.00000000095 4.10494845439 10213.285546211
0.00000000109 4.59330410482 1471.0022675382
0.00000000098 1.97227067133 555.5544601911
0.00000000099 3.74114595447 619.2903584945
0.00000000093 1.81950573050 1523.6924655777
0.00000000105 5.49083925380 501.2367770914
0.00000000092 1.24014873712 1123.1178284926
0.00000000113 1.72036934079 220.364458329
0.00000000091 0.17221579825 1097.0942747017
0.00000000098 1.79805037973 1254.5217783625
0.00000000112 4.45867298294 763.4369296577
0.00000000091 3.20001937333 962.5089310941
0.00000000094 2.86714047622 548.4409131903
0.00000000101 3.07892909093 725.5815727933
0.00000000115 3.37491688156 313.9441891018
0.00000000089 4.83279938124 657.1627617014
0.00000000106 3.73569157743 220.9339073006
0.00000000088 4.81404995864 670.4960838257
0.00000000093 2.11909409613 731.6837278378
0.00000000091 2.84990081277 1158.5425511447
0.00000000088 5.43215955591 894.8408795276
0.00000000109 0.99369307649 49.5088043018
0.00000000088 4.57978939179 3590.516887442
0.00000000090 6.22046531228 206.9363079626
0.00000000089 1.38380314332 2431.9743362973
0.00000000089 0.85422789927 885.4397106664
0.00000000092 1.70846492069 4525.4654024102
0.00000000088 4.19065380742 20426.571092422
0.00000000103 5.09211864667 213.4591541324
0.00000000114 4.77634498556 2332.0629558164
0.00000000090 5.94905546946 434.6749457233
0.00000000085 6.00473791340 1997.5118388951
0.00000000093 4.74694917061 25874.6040461362
0.00000000088 3.93572406470 924.0458270562
0.00000000085 2.23193157611 4223.3006267552
0.00000000097 5.28832295436 226.6324175623
0.00000000090 2.77655931107 355.7487455718
0.00000000087 2.86761196300 2005.3761454213
0.00000000101 5.96125293373 140.9651774255
0.00000000103 1.70664595857 213.1390367436
0.00000000086 5.87484967593 5636.0650166766
0.00000000081 3.27163515580 392.6579409322
0.00000000110 2.15873993795 0.9632078465
0.00000000091 4.18922453316 714.5358725294
0.00000000084 0.82519318544 875.830299001
0.00000000090 1.61216801859 219.6618829134
0.00000000083 0.51126636938 366.0436863103
0.00000000095 3.18236269647 401.3253966105
0.00000000080 0.86894269984 233.9060232575
0.00000000079 1.86255607416 1371.8416465827
0.00000000088 3.90599024940 1030.927742186
0.00000000099 3.26868558102 988.532484885
0.00000000084 6.03336793666 199.9657733137
0.00000000090 2.82003299044 4841.8572720668
0.00000000084 2.92855920153 700.4517908797
0.00000000103 5.93497932729 3384.3313390048
0.00000000078 5.48349540273 1166.4068576709
0.00000000094 2.30477326334 4443.713269194
0.00000000081 4.94647597211 746.9222137957
0.00000000084 2.56214102684 960.2213092337
0.00000000082 0.04782722111 608.877797677
0.00000000082 5.83227223542 769.8167634756
0.00000000082 0.85049036010 2228.9701815978
0.00000000096 4.26079753884 562.1467423301
0.00000000085 5.60454891423 177.8743727859
0.00000000080 2.70295280428 1706.392763504
0.00000000080 2.38017647755 3156.8051495652
0.00000000077 0.86072619300 599.6466385215
0.00000000087 3.23866124089 9786.687355335
0.00000000077 4.92131979643 628.5909536192
0.00000000086 1.60736733611 1048.3362299253
0.00000000078 5.37725237047 155.1922714271
0.00000000099 4.60217992901 1493.093668066
0.00000000075 1.58021212251 2115.5824666407
0.00000000077 5.31973680960 700.6642392008
0.00000000074 0.97806259478 455.0523788792
0.00000000099 0.79638071608 4017.115078318
0.00000000078 3.39406953094 106.0135355254
0.00000000073 4.04232842619 907.3710524998
0.00000000078 3.51704454140 969.6224780949
0.00000000074 3.12025543151 201.9927627432
0.00000000088 1.09928677784 1246.6574718363
0.00000000078 5.49208074374 477.0007670551
0.00000000079 2.75804430794 847.0460425977