9.55758135486 0.0 0.0
0.52921382865 2.39226219573 213.299095438
0.01873679867 5.23549604660 206.1855484372
0.01464663929 1.64763042902 426.598190876
0.00821891141 5.93520042303 316.3918696566
0.00547506923 5.01532618980 103.0927742186
0.00371684650 2.27114821115 220.4126424388
0.00361778765 3.13904301847 7.1135470008
0.00140617506 5.70406606781 632.7837393132
0.00108974848 3.29313390175 110.2063212194
0.00069006962 5.94099540992 419.4846438752
0.00061053367 0.94037691801 639.897286314
0.00048913294 1.55733638681 202.2533951741
0.00034143772 0.19519102597 277.0349937414
0.00032401773 5.47084567016 949.1756089698
0.00020936596 0.46349251129 735.8765135318
0.00020839300 1.52102476129 433.7117378768
0.00020746751 5.33255457763 199.0720014364
0.00015298404 3.05943814940 529.6909650946
0.00014296484 2.60433479142 323.5054166574
0.00011993338 5.98050967385 846.0828347512
0.00011380257 1.73105427040 522.5774180938
0.00012884624 1.64890652873 138.5174968707
0.00007752664 5.85190720634 95.9792272178
0.00009796004 5.20477537945 1265.5674786264
0.00006465823 0.17732249942 1052.2683831884
0.00006770608 3.00432308205 14.2270940016
0.00005850459 1.45520063003 415.5524906121
0.00005307420 0.59742200200 63.7358983034
0.00004695487 2.14913875148 227.5261894396
0.00004044055 1.64006628713 209.3669421749
0.00003688237 0.78017261355 412.3710968744
0.00003376576 3.69526804193 224.3447957019
0.00002885428 1.38764476428 838.9692877504
0.00002975955 5.68469131750 210.1177017003
0.00003419618 4.94550542171 1581.959348283
0.00003460944 1.85088698050 175.1660598002
0.00003400702 0.55385265588 350.3321196004
0.00002507656 3.53854849756 742.9900605326
0.00002448261 6.18411000897 1368.660252845
0.00002406134 2.96557066697 117.3198682202
0.00002881100 0.17962517668 853.196381752
0.00002173933 0.01504273441 340.7708920448
0.00002024755 5.05404443168 11.0457002639
0.00001740284 2.34658553206 309.2783226558
0.00001861491 5.93369815396 625.6701923124
0.00001888373 0.02965674854 3.9321532631
0.00001610962 1.17294612833 74.7815985673
0.00001462651 1.92592107843 216.4804891757
0.00001474674 5.67670456599 203.7378678824
0.00001395118 5.93681366484 127.4717966068
0.00001781073 0.76321113173 217.2312487011
0.00001817173 5.77721016746 490.3340891794
0.00001472651 1.40074361969 137.0330241624
0.00001304238 0.77242217158 647.0108333148
0.00001149625 5.74018465658 1162.4747044078
0.00001126660 4.46695542616 265.9892934775
0.00001277624 2.98416387533 1059.3819301892
0.00001207069 0.75304212507 351.8165923087
0.00001071373 1.13559402672 1155.361157407
0.00001020836 5.91216407900 1685.0521225016
0.00001314853 5.11211291628 211.8146227297
0.00001295446 4.69181789263 1898.3512179396
0.00001099067 1.81772713286 149.5631971346
0.00000998700 2.63153637392 200.7689224658
0.00000985887 2.25994579127 956.2891559706
0.00000932498 3.66976516070 554.0699874828
0.00000664378 0.60293797633 728.762966531
0.00000659773 4.66626568448 195.1398481733
0.00000617730 5.62079509269 942.062061969
0.00000626321 5.94223805240 1478.8665740644
0.00000482324 1.84048475590 479.2883889155
0.00000488024 2.79370056377 3.1813937377
0.00000469977 0.83852490947 1471.7530270636
0.00000451795 5.64511397088 2001.4439921582
0.00000553115 3.41113180428 269.9214467406
0.00000534419 1.26448338991 275.5505210331
0.00000472465 1.88197647900 515.463871093
0.00000405564 1.63989371862 536.8045120954
0.00000516979 4.44301732436 2214.7430875962
0.00000453031 3.00355936608 302.164775655
0.00000494358 2.28631779029 278.5194664497
0.00000489957 5.80627763476 191.2076949102
0.00000427438 0.05728625421 284.1485407422
0.00000339681 1.40193253039 440.8252848776
0.00000340671 0.89095123731 628.8515860501
0.00000385941 1.99711336197 1272.6810256272
0.00000288229 1.12166658438 422.6660376129
0.00000294130 0.42566345584 312.1990839626
0.00000262480 0.31730778329 1045.1548361876
0.00000295348 0.67123785008 88.865680217
0.00000342778 5.85587331618 1795.258443721
0.00000341376 2.37619847718 525.4981794006
0.00000233840 4.22716164833 114.1384744825
0.00000223693 2.28109311966 330.6189636582
0.00000275816 0.47831420035 38.1330356378
0.00000224509 0.54737895493 1788.1448967202
0.00000303382 0.87951215556 6069.7767545534
0.00000292033 6.21435200687 210.8514148832
0.00000226021 0.37470024598 142.4496501338
0.00000277361 5.32007209923 692.5874843535
0.00000242981 5.37191322470 1258.4539316256
0.00000205518 0.95727934819 288.0806940053
0.00000207418 5.38074389449 2317.8358618148
0.00000186792 6.03513906344 404.5067903482
0.00000218728 5.25467962646 212.3358875915
0.00000221952 5.94565685178 39.3568759152
0.00000179461 4.41088860030 408.4389436113
0.00000241484 1.12472797872 388.4651552382
0.00000197242 3.90215848857 52.6901980395
0.00000236745 0.90816434282 1375.7737998458
0.00000172018 5.56321647759 213.3472795478
0.00000169893 2.85627663958 99.1606209555
0.00000214211 4.20220398238 2531.1349572528
0.00000171967 2.36549740400 213.2509113282
0.00000165592 2.63731901847 215.7467759928
0.00000230764 5.49430203101 191.9584544356
0.00000177457 0.38131833670 430.5303441391
0.00000191521 2.95905308803 437.6438911399
0.00000163278 3.45811838277 617.8058857862
0.00000162306 5.73059706733 203.0041546995
0.00000175037 5.71409014243 1066.49547719
0.00000182912 5.66913964019 2111.6503133776
0.00000150093 4.40713052025 417.0369633204
0.00000187955 6.07914706117 563.6312150384
0.00000144751 5.08115407500 423.4167971383
0.00000137424 5.43711941387 222.8603229936
0.00000172859 1.84924132022 1589.0728952838
0.00000165367 2.89085128458 214.2623032845
0.00000145738 1.56566786572 831.8557407496
0.00000176715 2.30250511690 9999.986450773
0.00000129054 2.55327736040 414.0680179038
0.00000120072 0.04355666836 1361.5467058442
0.00000143538 0.99839503339 76.2660712756
0.00000108866 2.09239199100 207.6700211455
0.00000131903 2.85788215274 312.4597163935
0.00000112006 0.26268721967 2104.5367663768
0.00000125243 4.78336081984 205.2223405907
0.00000104426 3.63700546876 65.2203710117
0.00000107397 3.66971473274 212.7778305762
0.00000108678 2.85493119127 21.3406410024
0.00000097432 5.12133810135 2634.2277314714
0.00000109144 1.63235702020 208.633228992
0.00000096681 4.19670884921 305.3461693927
0.00000096356 2.56061375123 1692.1656695024
0.00000085950 4.54551656203 210.3783341312
0.00000099199 5.13700784528 1574.8458012822
0.00000112586 5.03077528575 703.6331846174
0.00000083820 1.18242417124 429.7795846137
0.00000089023 5.38777022000 107.0249274817
0.00000110307 2.43652629097 355.7487455718
0.00000090436 4.20939381417 213.8203602998
0.00000095576 5.44345029853 2428.0421830342
0.00000094196 2.39809539458 483.2205421786
0.00000085658 0.03212125891 860.3099287528
0.00000088781 4.05795823648 128.9562693151
0.00000081952 1.66413587720 62.2514255951
0.00000090968 3.96769274342 2847.5268269094
0.00000084136 4.60800956822 177.8743727859
0.00000088291 3.86573756854 140.001969579
0.00000093309 0.73847907603 831.1049812242
0.00000091950 2.94820357852 35.4247226521
0.00000096733 4.84623402274 131.4039498699
0.00000086987 1.33651321637 1905.4647649404
0.00000071036 0.99289997732 405.2575498736
0.00000095225 2.51496477958 2.4476805548
0.00000072500 4.63319492132 245.5424243524
0.00000082455 1.52813728425 145.6310438715
0.00000076780 3.15262144591 767.3690829208
0.00000070362 4.04036200412 173.9422195228
0.00000086190 2.29886507805 85.8272988312
0.00000066726 4.75093122174 70.8494453042
0.00000065893 2.47299311250 280.9671470045
0.00000065129 0.09259103795 9.5612275556
0.00000071669 0.01187527275 565.1156877467
0.00000066488 1.08200099735 339.2864193365
0.00000063441 2.01741294636 234.6397364404
0.00000060956 5.11950202312 756.3233826569
0.00000057792 6.05712220674 1677.9385755008
0.00000064168 1.28718951847 1148.2476104062
0.00000073324 4.37823969640 425.1137181677
0.00000057179 6.26635812249 2420.9286360334
0.00000055012 3.85870982169 342.2553647531
0.00000055347 1.60366629590 543.0242872189
0.00000064075 4.09799744422 327.4375699205
0.00000057804 5.46967524925 347.8844390456
0.00000073568 3.72317864427 92.0470739547
0.00000073650 3.57067095117 1.4844727083
0.00000065011 2.44916996344 267.4737661858
0.00000054545 3.71490034335 344.7030453079
0.00000049834 3.93491116778 192.6921676185
0.00000049536 3.22835315683 333.657345044
0.00000047617 3.92991700611 199.2844497575
0.00000049487 4.90287053223 217.491881132
0.00000046390 2.63757382235 10.2949407385
0.00000062822 4.40222532856 214.7835681463
0.00000046317 2.09597817820 212.5483359126
0.00000054399 1.06837441326 362.8622925726
0.00000058898 2.62274564952 225.8292684102
0.00000048458 3.15145995815 216.2198567448
0.00000046304 4.86526668367 2950.619601128
0.00000046012 4.97405657859 198.321241911
0.00000046680 2.44971808455 207.1487562837
0.00000044544 1.77853306195 223.5940361765
0.00000044526 5.55789993555 264.5048207692
0.00000055807 4.29420266501 329.7251917809
0.00000049470 5.20710403390 2744.4340526908
0.00000058832 4.23073251588 700.6642392008
0.00000052681 3.79401248595 343.2185725996
0.00000041599 0.74365516186 125.9873238985
0.00000056184 2.06967234741 124.433415221
0.00000047914 2.38951194877 207.8824694666
0.00000043427 1.83764074596 106.2741679563
0.00000039822 4.00880264668 12.5301729722
0.00000053915 4.97995268146 134.5853436076
0.00000049974 5.75533228241 320.3240229197
0.00000046661 2.06519866248 2008.557539159
0.00000044845 5.35638703411 218.9281697305
0.00000040789 4.92568693313 1891.2376709388
0.00000042917 0.39624025575 357.4456666012
0.00000037986 2.06627721117 247.2393453818
0.00000048733 5.32762223699 3127.3133312618
0.00000041080 2.47538730007 237.6781178262
0.00000034595 5.62346550573 99.9113804809
0.00000040736 4.08372789207 621.7380390493
0.00000034217 0.73134343646 750.1036075334
0.00000033970 5.31274574257 206.233732547
0.00000036432 1.68823737636 22.0914005278
0.00000039263 3.45659244390 241.6102710893
0.00000039247 4.39637044405 18.1592472647
0.00000034703 2.24942082303 487.3651437628
0.00000033115 4.86602845858 209.106309744
0.00000032805 1.06026635194 252.6559713532
0.00000039031 3.73882100198 3163.918696566
0.00000032427 2.22874162802 319.5732633943
0.00000034475 1.82451837226 380.12776796
0.00000041741 0.08219629974 210.3301500214
0.00000033602 5.80228769156 251.4321310758
0.00000031221 1.96490815234 244.318584075
0.00000034820 5.96330410021 217.964961884
0.00000038505 4.43924639932 160.6088973985
0.00000036106 3.83276808968 56.6223513026
0.00000030287 2.25797096745 1169.5882514086
0.00000031085 4.90133840375 144.1465711632
0.00000032208 3.57884943983 231.4583427027
0.00000028857 5.80423567126 1994.3304451574
0.00000032178 2.13176978399 206.1373643274
0.00000031795 3.81800770982 73.297125859
0.00000029001 2.21676176185 14.977853527
0.00000034903 5.65223709850 497.4476361802
0.00000032246 1.92866027151 98.8999885246
0.00000032119 0.99531311844 1464.6394800628
0.00000029114 5.98247860339 2737.32050569
0.00000036706 4.75493516593 348.8476468921
0.00000027506 6.12108141844 214.0498549634
0.00000028512 1.68678188105 78.7137518304
0.00000027266 0.24241265140 313.2104759189
0.00000028789 0.04439781853 5.6290742925
0.00000032512 3.77917498543 33.9402499438
0.00000035016 3.43495537908 273.1028404783
0.00000027130 5.20559983787 148.0787244263
0.00000033098 2.44781346214 969.6224780949
0.00000027876 1.44457982350 258.8757464767
0.00000027324 4.26031692550 179.3588454942
0.00000029185 4.84536228119 905.8865797915
0.00000027869 0.78770357978 546.956440482
0.00000027570 2.45214321650 254.9435932136
0.00000028930 6.03256439022 188.9200730498
0.00000034313 6.00978682828 166.828672522
0.00000025943 0.65129538567 654.1243803156
0.00000033574 1.23583695762 2221.856634597
0.00000024357 0.52261322301 894.8408795276
0.00000027769 5.17801023424 5.4166259714
0.00000025596 3.35872554982 0.9632078465
0.00000022984 3.52465920210 458.8415197904
0.00000024471 0.00612626886 69.1525242748
0.00000028688 0.76245403349 488.8496164711
0.00000023664 2.54807644282 196.6243208816
0.00000025432 5.28932962898 636.7158925763
0.00000031152 2.04977568414 282.4516197128
0.00000025224 4.97246368293 3060.8259223474
0.00000029605 3.92681945757 206.706813299
0.00000022223 3.25151461044 681.5417840896
0.00000027913 2.72520521957 32.2433289144
0.00000022107 4.75818706798 213.1872208534
0.00000021662 4.61542319262 3267.0114707846
0.00000027048 2.86264558816 24.3790223882
0.00000022107 3.16802956645 213.4109700226
0.00000020731 1.67138184255 274.0660483248
0.00000025352 5.12122578609 168.0525127994
0.00000028000 4.72415728042 552.5855147745
0.00000026154 1.59534268938 491.8185618877
0.00000021984 0.87565381783 635.9651330509
0.00000027121 5.53473514339 555.5544601911
0.00000025282 1.78091725384 182.279606801
0.00000019559 2.14658471778 54.1746707478
0.00000027020 3.57938591854 561.1835344836
0.00000021398 3.86074898701 116.4260963429
0.00000019880 5.59172876182 4.192785694
0.00000019455 0.10611239153 218.7157214094
0.00000019933 2.90526601486 120.358249606
0.00000025474 1.62678013615 2324.9494088156
0.00000025565 2.09824642636 248.7238180901
0.00000019858 2.52079265160 1485.9801210652
0.00000018516 2.54810951896 213.5115437591
0.00000018516 5.37755110510 213.0866471169
0.00000019770 0.07539381290 842.1506814881
0.00000023660 1.60734696991 738.7972748386
0.00000020404 2.95125083804 59.8037450403
0.00000024267 3.15706315958 240.3864308119
0.00000018338 3.18779671933 295.0512286542
0.00000017466 2.90466924741 477.8039162072
0.00000020744 1.06468673750 494.2662424425
0.00000020425 1.84152404390 533.6231183577
0.00000021401 0.64115941242 189.7232222019
0.00000016379 3.98279877350 2.9207613068
0.00000016058 0.59325161303 746.9222137957
0.00000017014 4.74645535598 2207.6295405954
0.00000020479 6.05098286202 173.6815870919
0.00000015443 1.49110952141 543.9180590962
0.00000019833 4.93811673788 121.2520214833
0.00000017073 0.71316728361 1781.0313497194
0.00000017213 0.67923942083 151.0476698429
0.00000015031 5.52780819403 2310.722314814
0.00000015525 5.71027236377 3053.7123753466
0.00000015852 4.45624558241 643.8294395771
0.00000016033 0.63293747499 358.9301393095
0.00000014591 5.26184260227 472.1748419147
0.00000016544 3.52801242983 3480.3105662226
0.00000018834 0.55399472524 4.665866446
0.00000017549 2.26583782913 672.1406152284
0.00000018022 2.71080286082 181.806526049
0.00000015918 5.23473369828 135.5485514541
0.00000013931 3.19357128657 213.5597278689
0.00000014074 0.80929029505 221.3758502853
0.00000013931 4.73208739639 213.0384630071
0.00000014594 2.65461071698 292.0128472684
0.00000014383 0.21121098879 235.3904959658
0.00000016173 0.91043299219 280.003939158
0.00000013328 3.54955934512 205.6642835754
0.00000016559 5.38896753750 424.1505103212
0.00000016104 0.82547975762 176.6505325085
0.00000012726 0.75928182731 721.6494195302
0.00000012745 3.55415994159 153.4953503977
0.00000014455 0.12149539513 313.6835566709
0.00000016497 3.26380729084 6283.0758499914
0.00000016566 1.62651930127 5856.4776591154
0.00000015039 1.25437397471 2641.3412784722
0.00000015688 1.18940728810 486.4019359163
0.00000011898 0.91072314364 416.3032501375
0.00000011709 1.10722547914 81.7521332162
0.00000012984 4.74370547048 3377.217792004
0.00000013213 4.95593892766 1279.794572628
0.00000016123 0.98390715272 2538.2485042536
0.00000014673 2.63437960547 618.5566453116
0.00000011539 0.63828316888 28.3111756513
0.00000011339 4.36553205735 3583.4033404412
0.00000014901 1.75796184641 569.0478410098
0.00000011246 5.99191155570 193.655375465
0.00000014753 2.92291248767 167.0893049529
0.00000012755 3.61745093436 67.6680515665
0.00000013536 2.50325109462 1802.3719907218
0.00000012238 0.27162703042 1044.4040766622
0.00000011034 6.28008547861 629.6023455755
0.00000014387 0.38039001729 601.7642506762
0.00000012310 2.18899826214 650.9429865779
0.00000010854 0.14262616333 501.3797894433
0.00000015105 2.67152088150 46.470422916
0.00000010735 2.86920913253 113.3877149571
0.00000014686 6.05254709898 468.2426886516
0.00000010576 2.06017585814 429.0458714308
0.00000012292 1.82443833563 241.8709035202
0.00000011154 1.20110507523 172.2452984934
0.00000013687 2.20307346288 228.276948965
0.00000010679 5.07369541820 162.8965192589
0.00000012030 3.18736701996 72.0732855816
0.00000012160 4.51222901843 425.6349830295
0.00000009941 1.49887209210 226.6324175623
0.00000012101 4.14977794208 1108.1399749656
0.00000010287 2.10680007794 1033.3583763983
0.00000010771 4.68125923293 129.9194771616
0.00000009592 4.80075106366 426.6463749858
0.00000012949 5.11601756130 219.4494345923
0.00000009921 2.81125800889 518.6452648307
0.00000012272 5.33779805565 776.9303104764
0.00000009486 4.85709302918 820.0592809603
0.00000011392 3.86350991469 405.9912630565
0.00000009281 0.70440206655 403.0223176399
0.00000009617 1.60410621884 426.5500067662
0.00000010112 2.76486875630 210.5907824523
0.00000010872 1.35809078598 170.7608257851
0.00000012502 6.06479177955 875.830299001
0.00000010175 2.36250012243 685.4739373527
0.00000012211 2.04456082125 508.3503240922
0.00000009502 3.18475934663 286.596221297
0.00000010133 4.02559667441 381.3516082374
0.00000008889 3.62576694345 319.3126309634
0.00000008927 5.46319224261 3370.1042450032
0.00000010052 5.16107251039 216.0074084237
0.00000008553 3.87970879218 630.3360587584
0.00000008401 5.65557131026 213.4591541324
0.00000008401 2.27009862215 213.1390367436
0.00000009962 5.97645215717 6.1503391543
0.00000011664 0.95814408096 694.0719570618
0.00000008686 2.33879748618 220.364458329
0.00000008135 5.54067608923 220.4608265486
0.00000009144 0.45077461958 2097.423219376
0.00000009579 2.76806282069 556.5176680376
0.00000008128 5.54123343077 181.0557665236
0.00000010807 0.06096432609 691.1030116452
0.00000009578 2.84972091302 184.0941479094
0.00000009848 2.37490871749 945.2434557067
0.00000008512 0.17361504982 289.5651667136
0.00000008689 0.84670554895 2957.7331481288
0.00000007633 0.00567409646 7.1617311106
0.00000009022 3.38436801047 731.9443602687
0.00000007888 5.78452089815 230.8252032563
0.00000009472 2.26694157732 8.0767548473
0.00000007461 5.29596435777 2627.1141844706
0.00000007616 3.10561406310 7.065362891
0.00000009879 4.69447221853 10213.285546211
0.00000007264 0.07122374466 100.6450936638
0.00000008001 1.60939840798 696.5196376166
0.00000007601 4.90123787776 51.2057253312
0.00000007716 4.69702238883 436.1594184316
0.00000009866 5.25569996364 699.7010313543
0.00000007375 4.52777394099 616.3214130779
0.00000009388 2.44919199853 2118.7638603784
0.00000007300 4.01885475010 212.0270710508
0.00000009071 2.75662160229 130.4407420234
0.00000007175 5.62469707711 31.492569389
0.00000006915 0.57642247068 739.8086667949
0.00000008909 2.19570530999 427.5613987225
0.00000009167 2.04679688754 204.7010757289
0.00000007766 3.27192916123 3796.7024358792
0.00000006842 0.55589113901 135.336103133
0.00000009154 3.04674464726 9786.687355335
0.00000008677 4.27082106143 141.2258098564
0.00000006709 5.66109188592 480.7728616238
0.00000006946 4.12352001440 662.531203563
0.00000007240 3.90653111215 214.5711198252
0.00000006717 4.61311587500 2524.021410252
0.00000006566 2.67659365854 194.1766403268
0.00000006537 6.25555511414 31.019488637
0.00000007484 5.56871021201 271.4059194489
0.00000007956 5.04685375986 411.620337349
0.00000008039 3.08941959611 353.301065017
0.00000007069 1.10060234302 282.6640680339
0.00000006105 0.81728612933 593.426863398
0.00000006140 3.79672318503 180.1619946463
0.00000006761 3.84307989405 412.5835451955
0.00000006034 5.43418203960 724.8308132679
0.00000008102 4.51051495778 268.4369740323
0.00000006029 1.24355734058 447.9388318784
0.00000007613 0.79977414552 2854.6403739102
0.00000007425 2.29359441900 532.6117264014
0.00000005896 2.06866571185 454.9093665273
0.00000006005 2.87167092054 426.0769260142
0.00000007278 0.88193016589 457.617679513
0.00000005744 1.73450672261 50.4025761791
0.00000006355 6.27053564712 313.9441891018
0.00000006193 3.99658934587 835.0371344873
0.00000007429 5.38166639065 953.1077622329
0.00000005813 0.52655128116 1038.0412891868
0.00000006145 4.52475150505 3693.6096616606
0.00000005624 0.46667684775 610.6923387854
0.00000006075 3.46609452590 278.2588340188
0.00000005877 5.51717146635 1073.6090241908
0.00000005521 0.45012859744 643.0786800517
0.00000006700 4.22406253654 916.9322800554
0.00000006720 4.19624148194 938.1299087059
0.00000005508 4.07398606097 3899.7952100978
0.00000005441 2.79849882662 397.3932433474
0.00000006134 4.90393524057 0.5212648618
0.00000005695 4.11782098393 391.1734682239
0.00000005754 4.42718264879 165.6048322446
0.00000005400 3.26290414060 20.6069278195
0.00000005879 6.17871813155 291.262087743
0.00000006722 2.18622342890 627.3671133418
0.00000005359 2.29438108352 331.2096644892
0.00000005390 3.74281931890 418.5214360287
0.00000006683 2.13438701667 285.6330134505
0.00000006419 5.65171900155 518.3846323998
0.00000006193 4.89768396188 450.9772132642
0.00000005687 3.48764525546 230.5645708254
0.00000005064 4.09065475521 6.592282139
0.00000005037 2.59990654740 66.70484372
0.00000005191 4.39610445378 84.3428261229
0.00000004977 2.71603834658 558.0021407459
0.00000005308 0.63718449606 114.3991069134
0.00000005221 4.65473413721 310.7146112543
0.00000004896 3.77009699230 423.6774295692
0.00000005931 2.73953602204 219.891377577
0.00000006357 1.40137012390 606.7601855223
0.00000006528 2.95896329675 624.919432787
0.00000004734 0.23182011937 1063.3140834523
0.00000006408 1.16687419680 268.9582388941
0.00000005179 1.95231681037 1182.9215735329
0.00000004785 1.59071523410 420.9691165835
0.00000006093 0.30791927132 524.0137066923
0.00000005161 0.14373018373 2413.8150890326
0.00000004854 5.21382590347 3686.4961146598
0.00000004648 3.71025478809 305.0855369618
0.00000005072 1.73257574940 337.732510659
0.00000004926 2.12141378228 104.0559820651
0.00000004959 0.46912887724 3274.1250177854
0.00000004797 3.68003355961 240.125798381
0.00000004881 2.56296192969 980.6681783588
0.00000004538 5.06386842515 103.1409583284
0.00000005243 4.56756453601 238.9019581036
0.00000005396 3.52859562249 107.2855599126
0.00000004504 1.68251875362 196.0336200506
0.00000004897 4.89294590398 102.1295663721
0.00000004329 1.45425771576 409.9234163196
0.00000004522 1.86757053063 103.0445901088
0.00000005627 1.48094428399 105.5404547734
0.00000005549 6.23714371031 112.6540017742
0.00000005089 3.40647640515 427.1194557378
0.00000004206 0.15752956829 958.576777831
0.00000005782 3.55197606731 25874.6040461362
0.00000004946 0.49718145204 511.5317178299
0.00000004401 3.75996694142 1171.875873269
0.00000004159 5.94760152108 316.4400537664
0.00000004129 4.67603982685 106.0135355254
0.00000004896 3.54149603851 960.2213092337
0.00000005302 2.03239262703 2435.155730035
0.00000004083 3.22253056977 775.233389447
0.00000004044 3.11555925708 115.6229471908
0.00000004310 4.15198847307 823.9914342234
0.00000005212 0.72733303302 810.6581120991
0.00000004007 2.01729253216 597.3590166611
0.00000004562 5.59558196490 778.4147831847
0.00000004147 2.75091730849 316.3436855468
0.00000004254 3.94241247597 422.405405182
0.00000004600 1.45697260622 184.9879197867
0.00000003893 6.03446446847 945.9942152321
0.00000004020 1.20560354979 850.0149880143
0.00000003887 4.17726970779 97.6761482472
0.00000004430 3.99621211317 393.4610900843
0.00000003840 1.21234108241 212.0752551606
0.00000004201 6.27730992986 0.7507595254
0.00000004863 1.13422250397 526.9826521089
0.00000004447 1.35547164147 211.6021744086
0.00000003820 5.03658989770 2943.5060541272
0.00000003840 0.43014354282 214.5229357154
0.00000004730 3.62040936733 638.4128136057
0.00000004868 5.75868955321 1246.6574718363
0.00000005306 1.97377190922 526.5095713569
0.00000003931 2.36660571051 909.8187330546
0.00000003795 5.98201295154 325.9530972122
0.00000003660 2.77163682449 123.5396433437
0.00000003733 6.24886866050 159.1244246902
0.00000003630 5.31291201362 406.954470903
0.00000004125 2.26202662047 453.424893819
0.00000003804 1.94311852072 421.1815649046
0.00000003921 3.03212850210 317.3550775031
0.00000004474 0.79005911356 838.218528225
0.00000003887 3.66517061000 216.2680408546
0.00000004124 2.07692454360 988.532484885
0.00000003826 5.00388072945 7.6348118626
0.00000003511 0.85041677251 299.1263942692
0.00000004470 0.81353118479 43.2890291783
0.00000004400 1.68614665169 824.7421937488
0.00000003581 2.35235960566 337.8019466282
0.00000004556 1.19671843654 421.93232443
0.00000004606 3.48411536111 913.9633346388
0.00000003434 0.71560801606 20.4468691251
0.00000004419 5.41935926211 963.4027029714
0.00000003733 2.84428537908 739.0579072695
0.00000004535 3.73475254758 37.8724032069
0.00000003493 0.95852190622 436.8931316145
0.00000004367 6.08179089265 760.25553592
0.00000003597 2.77342512545 444.7574381407
0.00000003724 0.59005210557 256.4280659219
0.00000004626 1.36732630873 495.7507151508
0.00000004325 4.75343402622 40.8413486235
0.00000004192 1.53217061691 298.2326223919
0.00000003397 3.25386995141 4113.0943055358
0.00000003534 5.01937599581 386.9806825299
0.00000004444 2.22449419566 318.8395502114
0.00000003634 1.51814005753 41.6444977756
0.00000004432 1.80184528105 829.6205085159
0.00000003209 1.74496507797 952.3570027075
0.00000004471 2.64501992639 832.5894539325
0.00000004170 3.10349766466 60.7669528868
0.00000003718 4.79840355539 238.4288773516
0.00000003372 5.52902680091 143.9341228421
0.00000003231 4.07749274895 426.4863162914
0.00000003187 0.26747560612 1354.4331588434
0.00000003249 6.19660166578 754.8389099486
0.00000003832 5.62257892389 315.4286618101
0.00000003102 2.69222024207 343.7398374614
0.00000004045 4.02570628270 376.1956146969
0.00000003576 0.38532787280 214.9960164674
0.00000003231 2.48733524742 426.7100654606
0.00000003272 0.55922563072 619.2903584945
0.00000003145 5.53069704309 402.2191684878
0.00000003594 3.09973315674 1048.3362299253
0.00000003913 5.76369811680 239.1625905345
0.00000003130 0.12587768357 3590.516887442
0.00000003223 2.37297249115 429.5189521828
0.00000002959 1.88185764818 93.531546663
0.00000003401 5.91727053879 570.7447620392
0.00000002893 5.69690703144 1262.3860848887
0.00000003194 4.15518147251 366.7944458357
0.00000003267 2.08541911320 806.725958836
0.00000002923 1.13173771167 262.0571402144
0.00000003342 1.79129601981 443.8636662634
0.00000003519 1.86888683578 439.1283638482
0.00000003331 6.05086663762 108.7218485111
0.00000003434 5.44390765201 84.9335269539
0.00000002942 2.72795635418 541.5398145106
0.00000002965 0.02681640831 221.1634019642
0.00000002978 5.29375140441 313.4711083498
0.00000003473 2.06103634915 1261.6353253633
0.00000003689 1.11165149425 395.578702239
0.00000002793 0.38781777981 211.8628068395
0.00000003181 1.01693719457 418.0001711669
0.00000003747 3.89168631842 220.9339073006
0.00000003290 0.63073796473 3171.0322435668
0.00000003086 2.17469905033 306.830642101
0.00000003119 0.92371206211 205.4347889118
0.00000002987 2.01186468194 117.9105690512
0.00000002793 1.25466684542 214.7353840365
0.00000002715 1.86769320511 426.8106391971
0.00000002715 4.69713479126 426.3857425549
0.00000002890 0.64154774742 263.0203480609
0.00000003311 3.01441319731 336.8387387817
0.00000002746 2.69963506849 380.3884003909
0.00000003123 2.19601758733 2.9689454166
0.00000003006 5.91067479448 2.7083129857
0.00000002644 2.97696438264 384.0599212231
0.00000003645 5.61049552466 423.6292454594
0.00000003498 0.19746089391 576.1613880106
0.00000002794 4.27284753268 4010.0015313172
0.00000003389 1.49948217445 885.4397106664
0.00000002663 4.57051350603 361.3778198643
0.00000003034 2.08124822690 2751.5475996916
0.00000002581 0.17405799614 1056.2005364515
0.00000003049 1.03668168368 732.6951197941
0.00000002559 3.96471171390 430.79097657
0.00000002715 6.16166361673 572.2292347475
0.00000002534 5.31015667874 427.3489504014
0.00000002591 4.91947374252 464.7312265138
0.00000002715 4.62802876900 140.9651774255
0.00000002580 3.27421375191 136.0698163159
0.00000002605 0.99538186951 92.3077063856
0.00000002498 0.20316576938 110.2545053292
0.00000002592 4.30914764493 561.934294009
0.00000003139 5.41283857071 328.2407190726
0.00000002668 1.90490897736 88.1149206916
0.00000002975 3.34497161574 273.8536000037
0.00000002896 5.62348887158 1699.2792165032
0.00000003016 1.06868053473 7.8643065262
0.00000002711 2.27577147546 519.3960243561
0.00000002646 1.38294890847 460.5384408198
0.00000002670 2.55002171454 195.8906076987
0.00000002465 3.82257543008 77.7505439839
0.00000002860 2.57578667803 505.3119427064
0.00000002909 0.81750588929 45.5766510387
0.00000002434 4.67002316303 2840.4132799086
0.00000003297 1.33975572602 305.6068018236
0.00000003360 3.38474137719 162.0933701068
0.00000003327 2.32322471286 285.3723810196
0.00000002434 3.71460437051 4216.1870797544
0.00000002400 4.51737346541 540.7366653585
0.00000002506 1.31681285875 36.6485629295
0.00000002388 1.13864271701 23.5758732361
0.00000002367 0.92796234913 757.2171545342
0.00000003057 1.71218695964 256.5881246163
0.00000002342 1.45192564703 131.5469622218
0.00000002514 0.09021648201 206.9363079626
0.00000003153 0.85842354898 705.1176573257
0.00000002412 0.54879873444 107.7586406646
0.00000002427 2.04627850771 124.5028511902
0.00000002320 0.02863836432 317.142629182
0.00000002632 1.41253794767 211.6545640353
0.00000002871 5.74770120564 322.0209439491
0.00000002296 1.38115687263 425.8474313506
0.00000003103 1.03244576602 100.3844612329
0.00000002323 4.89135719082 3259.8979237838
0.00000002708 5.36850947426 432.0148168474
0.00000003210 4.49278521063 432.2272651685
0.00000002276 6.04688191978 214.1022445901
0.00000002276 1.96882478275 212.4959462859
0.00000002501 3.32056063100 110.1581371096
0.00000002829 2.66887892162 141.4864422873
0.00000003092 6.00298888734 465.9550667912
0.00000002246 2.10578934642 441.576044403
0.00000002314 5.22234612103 303.8616966844
0.00000002588 0.08042775105 133.1008708993
0.00000002292 5.00278268122 431.264057322
0.00000002856 5.42593711539 315.1680293792
0.00000002201 5.91127594022 867.4234757536
0.00000002749 1.42536872532 42.5382696529
0.00000003057 6.17400625369 109.2431133729
0.00000002263 4.62327588198 188.0263011725
0.00000002484 4.68809498416 1596.1864422846
0.00000002774 0.96127776136 41.0537969446
0.00000002274 4.94055830711 4002.8879843164
0.00000002541 0.83705615200 12352.8526045448
0.00000002645 4.96474980727 710.7467316182
0.00000002236 5.48729571140 200.5564741447
0.00000002872 2.64762368923 39.6175083461
0.00000002122 4.04560058177 118.0706277456
0.00000002944 3.76699797630 428.0826635843
0.00000002245 5.67078632283 6467.9257579616
0.00000002227 1.15684015463 227.3137411185
0.00000002541 1.09551842708 184.7272873558
0.00000002311 6.13117019885 2730.2069586892
0.00000002523 1.75026771081 1578.0271950199
0.00000002826 1.01897881938 87.3117715395
0.00000002703 1.25988186933 28.5718080822
0.00000002174 1.22467852410 209.1544938538
0.00000002079 3.44743142758 111.1695290659
0.00000002068 4.72242654672 765.8846102125
0.00000002111 2.19792675105 449.232108125
0.00000002456 4.30511454445 1382.8873468466
0.00000002072 0.60946281465 335.1418177523
0.00000002761 6.07901608056 2914.0142358238
0.00000002235 2.88625133130 207.0793203145
0.00000002040 2.51317012035 426.8588233069
0.00000002068 4.24177127582 96.8729990951
0.00000002212 1.21619926123 640.8604941605
0.00000002390 0.81726710450 550.1378342197
0.00000002518 2.99015150463 745.277682393
0.00000002040 4.05168623017 426.3375584451
0.00000002189 1.65687779035 219.6618829134
0.00000002529 4.34280337125 221.8971151471
0.00000002554 5.56906813525 214.1928673153
0.00000002712 1.60469055821 1050.9963588012
0.00000002204 0.38959601910 217.4436970222
0.00000002252 3.46799691105 481.7360694703
0.00000002542 1.31713271917 462.0229135281
0.00000002035 1.13356999548 842.9014410135
0.00000002013 2.61457337660 315.6411101312
0.00000001985 2.98251882415 668.2084619653
0.00000001995 5.36620538717 1041.2226829245
0.00000002357 1.94161571159 233.9060232575
0.00000002072 2.97593151443 304.1223291153
0.00000002040 2.04492641594 1097.0942747017
0.00000002139 3.12500079869 1276.6131788903
0.00000002712 1.49710379225 3340.6124266998
0.00000002138 4.52114042572 378.9039276826
0.00000002708 0.01014338187 389.9496279465
0.00000001989 2.66756812577 301.4140161296
0.00000002281 3.34201090267 220.2001941177
0.00000001944 0.04553582326 16.6747745564
0.00000001941 5.52054449349 175.4266922311
0.00000002377 3.03550341735 774.4826299216
0.00000002049 0.27858181430 146.594251718
0.00000001907 1.80796641977 192.8522263129
0.00000002014 2.26726355818 198.1087935899
0.00000001894 4.66837052854 220.3007678542
0.00000001953 3.95325956567 103.6140390804
0.00000001985 0.60283431486 3487.4241132234
0.00000001907 0.26838618029 171.6545976624
0.00000002397 4.52014748152 484.7050148869
0.00000002215 2.81175588657 25.1297819136
0.00000002065 1.44937608998 864.2420820159
0.00000002626 5.01886635967 1269.4996318895
0.00000001973 2.73564949410 14.0146456805
0.00000002433 3.72005264961 25558.2121764796
0.00000001878 5.62259036586 1310.3933701397
0.00000001908 0.17685540317 244.791664827
0.00000002490 4.74033063304 637.4496057592
0.00000001974 2.68790170927 769.8167634756
0.00000001843 0.01683962790 233.7459645631
0.00000002002 4.17267014873 315.8706047948
0.00000002107 2.88563182217 328.9220426288
0.00000002506 5.73769491309 544.5087599272
0.00000001836 3.41496980986 195.7729876197
0.00000002554 2.35660179716 212.4053235607
0.00000002133 3.38876216948 420.005908737
0.00000002515 1.52053666175 170.0100662597
0.00000001825 2.10573290416 326.6868103951
0.00000001825 4.04945265223 190.4045457581
0.00000001787 4.44171369035 4319.279853973
0.00000002218 1.85338838467 635.231419868
0.00000002065 4.56320119053 316.9131345184
0.00000002069 0.33119237753 589.4947101349
0.00000001848 4.76669755831 3576.2897934404
0.00000001823 2.76149096005 28.4541880032
0.00000002057 0.15132453320 354.2642728635
0.00000002195 2.39000779621 420.4478517217
0.00000001871 4.24693452218 1119.1856752295
0.00000001783 0.01994273456 1670.82502850
0.00000002408 3.76786817334 1254.5217783625
0.00000002055 2.40761448423 187.4356003415
0.00000001860 3.67887919311 1321.4390704036
0.00000001927 1.44376020353 230.7075831773
0.00000001909 2.66281572243 525.7588118315
0.00000001715 0.76853202855 295.1942410061
0.00000001709 0.87394066872 92.7978334801
0.00000001988 3.51782474137 226.7924762567
0.00000001970 1.30348659196 1385.174968707
0.00000001702 1.87642719428 241.7532834412
0.00000001714 0.24096394211 314.9073969483
0.00000002221 4.82210413830 1585.8915015461
0.00000001897 0.64334758324 55.6591434561
0.00000001832 2.83112577682 385.5443939314
0.00000001801 3.92659370910 334.5511169213
0.00000001677 2.65266412786 6.3627874754
0.00000001979 1.01174165465 26.826702943
0.00000002146 4.95169353871 186.2117600641
0.00000001737 5.96819633430 837.6972633632
0.00000001938 3.43779546456 102.5715093568
0.00000002274 3.50826019622 1570.9136480191
0.00000002099 1.88961540842 598.8434893694
0.00000001808 4.01090709296 638.9340784675
0.00000001838 1.87731292420 1304.9243545416
0.00000002167 5.96734709712 815.0633461142
0.00000001884 4.24447812450 13.4933808187
0.00000001880 0.33845094634 214.9436268407
0.00000001722 3.46884545009 238.5718897035
0.00000001817 3.07678560214 220.5245170234
0.00000001683 5.59063267232 229.9738699944
0.00000001643 4.14582161982 639.9454704238
0.00000001656 4.18430555350 4326.3934009738
0.00000001629 3.24277564727 281.1795953256
0.00000001836 3.87300444123 310.9752436852
0.00000001696 6.03578305716 152.5321425512
0.00000001625 2.29563193313 3067.9394693482
0.00000001734 0.01027974479 827.9235874865
0.00000002223 2.02052647478 259.769518354
0.00000002029 5.24794186900 2015.6710861598
0.00000001653 2.12349382663 491.5579294568
0.00000001759 5.55819179511 170.9732741062
0.00000001935 4.82674512778 101.8689339412
0.00000001952 0.80897783353 1049.0869894507
0.00000001932 5.93295011372 249.9476583675
0.00000001586 2.23089970089 749.2098356561
0.00000001645 0.94872114837 639.8491022042
0.00000001773 2.55608046714 9985.7593567714
0.00000001773 1.22355983261 199.9657733137
0.00000001795 3.78543930681 172.4577468145
0.00000001847 4.51726084312 199.8057146193
0.00000001571 5.97174519645 280.2163874791
0.00000001744 1.92870917122 934.9485149682
0.00000002133 4.62326373227 271.61836777
0.00000002108 2.43724800610 453.6855262499
0.00000001609 4.96540433043 285.1117485887
0.00000001575 2.61587292010 632.7355552034
0.00000001752 5.21532265401 25448.00585526019
0.00000002157 3.55259066996 594.6507036754
0.00000001536 1.78514076335 913.7508863177
0.00000001870 6.14683645342 347.3631741838
0.00000001536 4.09095438925 236.1936451179
0.00000001553 0.37345849706 17.2654753874
0.00000001608 0.14675669740 364.3467652809
0.00000002122 5.47722724050 369.0820676961
0.00000001691 3.73922627413 10.0343083076
0.00000001787 3.85525912954 392.6579409322
0.00000001562 0.79805735081 66.1835788582
0.00000001495 2.19380669823 407.4757357648
0.00000001515 4.70072295492 211.2933578679
0.00000001767 3.11910667879 2921.1277828246
0.00000001515 3.31498374761 215.3048330081
0.00000001871 5.21036243597 248.4631856592
0.00000001557 5.64355948418 200.0352092829
0.00000001486 5.75676101208 632.831923423
0.00000001718 2.85718283854 1364.7280995819
0.00000001843 0.48469493939 1127.0499817557
0.00000001511 1.99675973060 205.9731001161
0.00000001633 2.07074945596 378.6432952517
0.00000001661 5.25307910207 219.5188705615
0.00000001937 4.84740152093 857.1285350151
0.00000001437 6.25465521582 1379.7059531089
0.00000001542 1.21935754108 398.1440028728
0.00000001620 2.84316789810 633.7469471597
0.00000001489 4.10155671855 77837.11123384659
0.00000001573 4.23741356107 203.8979265768
0.00000001631 2.40624856411 419.4364597654
0.00000001690 0.65475720351 2700.7151403858
0.00000001869 3.54435221295 354.5249052944
0.00000001929 4.34743346077 971.1069508032
0.00000001451 0.99592525811 642.3449668688
0.00000001743 2.48841204719 976.7360250957
0.00000001817 3.95203885550 6076.8903015542
0.00000001758 3.58375338295 968.1380053866
0.00000001399 4.59770409984 224.6054281328
0.00000001484 5.76191841490 448.6895914038
0.00000001523 0.78390897622 661.2379273164
0.00000001655 1.31748248488 25668.418497699
0.00000001438 5.12958189872 71.8126531507
0.00000001423 6.22837994155 904.4021070832
0.00000001929 4.90721606846 206.3979967583
0.00000001510 3.77771207288 222.7002642992
0.00000001636 1.44790851578 1894.4190646765
0.00000001419 0.21487856183 434.6749457233
0.00000001767 0.25099531027 125.1841747464
0.00000001564 3.94804398924 9566.2747128962
0.00000001802 2.42800455399 348.635198571
0.00000001880 4.95438371109 201.5196819912
0.00000001630 0.09698687303 155.7829722581
0.00000001406 3.65940442223 316.5037442412
0.00000001495 0.77832279170 5959.570433334
0.00000001407 5.37485378705 317.8763423649
0.00000001356 3.09618769665 254.1404440615
0.00000001408 5.24970924980 316.279995072
0.00000001544 5.13922144133 768.8535556291
0.00000001881 4.12588104870 562.1467423301
0.00000001370 4.74495578534 1357.6145525811
0.00000001485 2.18712736768 9889.7801295536
0.00000001369 1.31846306523 1160.8301730051
0.00000001394 5.66924517860 1736.9915610157
0.00000001811 1.57682442573 1141.1340634054
0.00000001546 5.46572516167 226.0417167313
0.00000001455 5.49358339565 504.561183181
0.00000001495 5.96827635581 1226.2106027112
0.00000001447 1.44933809994 893.3564068193
0.00000001307 2.55868405014 310.7627953641
0.00000001301 5.76220041204 714.6788848813
0.00000001471 4.33649196996 25.2727942655
0.00000001492 0.22387011859 702.1487119091
0.00000001345 3.00386561569 843.6351541964
0.00000001306 2.90378602257 1091.6252591036
0.00000001434 3.43728063453 251.1714986449
0.00000001651 4.31521847696 2228.9701815978
0.00000001315 4.99261176008 17.5261078183
0.00000001407 5.79229630947 188.1693135244
0.00000001544 3.66627022939 373.9079928365
0.00000001479 3.22975472634 395.105621487
0.00000001323 0.24630123172 346.3999663373
0.00000001544 5.17153313343 141.6988906084
0.00000001302 3.67881511748 253.4591205053
0.00000001274 5.73640322425 2303.6087678132
0.00000001747 0.24653700930 263.7016716171
0.00000001690 5.50438014857 419.532827985
0.00000001242 5.02512547428 354.9979860464
0.00000001744 3.70453251764 147.1155165798
0.00000001498 4.70203004844 100.1720129118
0.00000001331 1.03420766654 1159.2933106701
0.00000001557 0.57740217353 3178.1457905676
0.00000001531 5.60136729946 260.360219185
0.00000001597 4.46013103327 432.7485300303
0.00000001291 0.77502618084 48.7580447764
0.00000001228 0.10949459285 1372.5924061081
0.00000001573 4.00132484524 1264.2954542392
0.00000001464 4.41842460719 763.4369296577
0.00000001269 6.06534948978 25.8634950965
0.00000001572 1.31215103171 322.6116447801
0.00000001287 4.82368466592 535.9107402181
0.00000001205 0.24105241435 466.7582159433
0.00000001188 1.27112537278 1184.4060462412
0.00000001199 1.78020373551 102.3420146932
0.00000001186 4.72251265892 795.6802585721
0.00000001497 3.44614317326 3024.2205570432
0.00000001265 5.78046227081 531.978586955
0.00000001230 5.18147817992 752.3912293938
0.00000001158 2.23776758082 318.679491517
0.00000001175 4.35535063059 3892.681663097
0.00000001571 1.60745561424 67.8804998876
0.00000001150 3.42711148400 306.0969289181
0.00000001385 0.89711064123 6073.7089078165
0.00000001136 5.53065311813 1578.7779545453
0.00000001247 1.94513483418 623.2225117576
0.00000001366 3.99684537321 6065.8446012903
0.00000001142 4.35845106342 1834.6153196362
0.00000001140 3.13401303125 611.4430983108
0.00000001127 0.61883337338 1166.4068576709
0.00000001403 0.92404432675 799.6124118352
0.00000001174 1.77470409548 3384.3313390048
0.00000001173 5.43655584105 494.4786907636
0.00000001425 2.65840274172 1253.7710188371
0.00000001314 0.15326588436 493.303034596
0.00000001134 1.16341619317 255.8373650909
0.00000001564 1.09100285617 683.0262567979
0.00000001217 2.18290106978 17.4084877393
0.00000001410 4.08121265308 97.4636999261
0.00000001297 6.02104813490 225.0785088848
0.00000001108 1.99635939822 3700.7232086614
0.00000001142 5.96306227849 1144.3154571431
0.00000001304 5.24544813643 5650.2921106782
0.00000001304 0.78547708972 1773.9178027186
0.00000001138 4.47018614395 680.0573113813
0.00000001384 3.74284963831 272.5815756165
0.00000001411 1.62072757889 25771.5112719176
0.00000001149 4.21885813289 332.1728723357
0.00000001098 3.75659421786 318.3976072267
0.00000001117 3.50712069727 847.0460425977
0.00000001072 1.41288617325 1268.7488723641
0.00000001295 2.32056477953 10003.9186040361
0.00000001094 5.12244388591 314.3861320865
0.00000001128 4.05700139843 118.8737768977
0.00000001277 5.42029902662 9996.0542975099
0.00000001086 1.80330451960 1457.525933062
0.00000001265 5.85587479874 82.8583534146
0.00000001058 0.73867502165 670.916774951
0.00000001188 2.10062104482 423.8898778903
0.00000001051 1.50055229907 196.8367692027
0.00000001296 2.88467024494 223.3334037456
0.00000001049 3.43787192741 771.3012361839
0.00000001360 4.79139479372 321.808495628
0.00000001204 3.03693665003 608.404716925
0.00000001068 3.48313991728 754.0357607965
0.00000001175 0.91096377814 740.0692992258
0.00000001391 4.58075086255 1248.1419445446
0.00000001378 1.56539991797 409.1897031367
0.00000001110 0.75388880657 1482.7987273275
0.00000001152 4.43705273794 10220.3990932118
0.00000001043 1.17588440529 398.2870152247
0.00000001115 3.88267720500 128.3655684841
0.00000001293 0.02397468965 2723.0934116884
0.00000001044 4.55436071665 89.7594520943
0.00000001190 4.49552956816 429.3065038617
0.00000001253 1.16885224716 455.1699989582
0.00000001122 5.72161306640 78263.70942472259
0.00000001050 2.29914438978 848.530515306
0.00000001083 4.69013639040 1.2720243872
0.00000001252 5.28238896229 6080.8224548173
0.00000001036 1.37191316671 1251.3403846248
0.00000001047 6.05833150471 206.4461808681
0.00000001106 4.43961682956 633.305004175
0.00000001083 5.04862249728 629.8629780064
0.00000001024 4.87634491793 433.7599219866
0.00000001087 3.62653860280 582.3811631341
0.00000001082 4.07686503205 1245.172999128
0.00000001161 4.20513144049 827.1728279611
0.00000001010 0.83370133581 16.4623262353
0.00000001415 0.47625687277 774.0095491696
0.00000001258 0.13038090471 101.6083015103
0.00000001197 0.79148395839 9580.5018068978
0.00000001402 4.82957073563 883.7951792637
0.00000000999 2.32497777320 61.2882177486
0.00000001110 5.88801273512 657.1627617014
0.00000000996 4.99081075982 426.7582495704
0.00000001117 6.11410083484 870.4618571394
0.00000001070 0.29336435059 119.767548775
0.00000000996 1.60533807172 426.4381321816
0.00000001032 4.72428387546 201.9927627432
0.00000001101 3.93919206905 632.2624744514
0.00000001118 4.40767803642 532.1386456494
0.00000001014 5.79119811472 6460.8122109608
0.00000001064 0.19404592323 6386.16862421
0.00000001336 4.79375117329 2332.0629558164
0.00000001002 5.95184354004 3906.9087570986
0.00000001310 0.60237129875 1123.1178284926
0.00000000984 0.24370826999 229.7614216733
0.00000001192 0.39183403313 1178.9894202698
0.00000000983 6.19356591342 962.5089310941
0.00000001032 5.86748597956 108.50940019
0.00000001105 3.86281159011 736.8397213783
0.00000001056 4.23985464910 113.1270825262
0.00000000976 1.83523959034 5.8897067234
0.00000001043 3.02320720148 347.4113582936
0.00000001063 3.90644958468 683.1863154923
0.00000001041 2.36429894351 821.5437536686
0.00000000972 4.01268690768 469.7271613599
0.00000001106 5.22834029531 1459.9565672743
0.00000001217 4.61800510389 990.2294059144
0.00000001171 0.42265751679 10011.0321510369
0.00000001171 6.15008203965 737.3128021303
0.00000000950 2.20627976392 199.1201855462
0.00000001155 4.33358864948 1055.4497769261
0.00000000976 1.05304205075 8.3373872782
0.00000000986 4.77927211762 109.6850563576
0.00000000965 4.09286645443 522.529233984
0.00000001203 5.48783494218 2810.9214616052
0.00000001139 1.05860663139 369.9758395734
0.00000001083 3.06419651551 700.4517908797
0.00000000962 5.58253892259 47.061123747
0.00000001097 4.27064998408 384.2723695442
0.00000001006 5.89037944896 10007.0999977738
0.00000000967 1.56852913547 157.6399519819
0.00000001213 0.31515805319 707.5653378805
0.00000001114 5.58206045644 92.940845832
0.00000000937 5.19215522052 316.1312372257
0.00000000951 3.65476455359 1235.6117715724
0.00000000981 2.37620383333 35.212274331
0.00000000929 6.06911430142 0.0481841098
0.00000000961 1.69324063398 433.663553767
0.00000000933 3.13487131274 387.2413149608
0.00000000993 3.58058926281 735.828329422
0.00000001287 6.08212342139 1329.3033769298
0.00000001015 6.19122845232 401.3253966105
0.00000001024 1.90798238649 1175.8080265321
0.00000001037 0.76313958988 733.428832977
0.00000001072 4.95817300234 631.8205314667
0.00000000993 0.31814583417 1365.4788591073
0.00000001134 5.87478488618 6058.7310542895
0.00000000999 3.52478664564 27.0873353739
0.00000000959 5.43627627442 46.2097904851
0.00000000915 4.87266214195 18.9100067901
0.00000000999 1.19719347548 104.5772469269
0.00000000963 2.72059732893 308.3151148093
0.00000001166 0.83821274577 4.1446015842
0.00000001039 2.40020830681 6475.0393049624
0.00000001141 2.92863924940 1037.2905296614
0.00000001005 6.12430441703 6275.9623029906
0.00000001224 1.73535287415 5120.6011455836
0.00000000924 5.70601816488 614.8369403696
0.00000000976 3.65075292234 3281.2385647862
0.00000001042 1.10027795842 1518.2234499796
0.00000000890 4.03192782386 1314.3255234028
0.00000000919 4.36994806815 1151.4290041439
0.00000000988 4.17719296131 98.4269077726
0.00000001224 1.56813277780 498.9321088885
0.00000000914 0.84094751548 8.8104680302
0.00000001226 3.52834223937 80.4106728598
0.00000000882 0.83665470112 294.3004691288
0.00000001049 0.47324130220 495.9631634719
0.00000000939 4.68295941083 4105.980758535
0.00000000896 3.65029741088 414.8187774292
0.00000001235 1.23871819142 357.2332182801
0.00000001218 0.18349810348 1090.4014188262
0.00000000909 5.12780284661 1173.5204046717
0.00000000948 5.30478380123 199.0238173266
0.00000001075 2.39947623423 311.7260032106
0.00000000871 0.34963934486 338.4832701844
0.00000000895 1.41605139181 877.1023233882
0.00000000895 6.05936094663 1987.2168981566
0.00000001151 1.92096829093 757.8078553652
0.00000000864 0.73362618982 1152.1797636693
0.00000001161 5.43333581656 1089.129394439
0.00000000957 3.12919808399 628.5909536192
0.00000000860 5.69748024851 103.843533744
0.00000000910 3.29147304619 159.7151255212
0.00000000870 0.77956473768 907.3710524998
0.00000001158 3.33343863758 6290.1893969922
0.00000001036 3.11936047271 5429.8794682394
0.00000000852 6.23629650974 938.8806682313
0.00000000888 5.86925802792 156.6767441354
0.00000000832 5.19725706044 475.3562356524
0.00000001039 4.56635505777 1912.5783119412
0.00000000850 4.08197558202 3333.498879699
0.00000000890 0.24277485157 3803.81598288
0.00000000887 3.46938383985 1748.788020805
0.00000000862 3.35450376868 425.3261664888
0.00000000812 4.75534187737 620.253566341
0.00000000876 4.06819335830 413.8555695827
0.00000000920 5.33063977936 110.7275860812
0.00000001065 0.20426944617 439.9315130003
0.00000000898 5.42633037147 236.8749686741
0.00000000862 3.24167644464 427.8702152632
0.00000000839 4.55976894141 77.962992305
0.00000000793 5.01131700831 109.9938728983
0.00000000883 5.91547058278 13.3333221243
0.00000000791 2.21809404489 110.4187695405
0.00000000842 5.04957483607 444.1242986943
0.00000000844 3.26239911598 635.70450062
0.00000000887 4.23752031725 3553.9115221378
0.00000000813 1.94182459500 627.1546650207
0.00000000953 1.84900597155 835.7878940127
0.00000000966 4.55013458162 9360.089164459
0.00000001092 0.58153747940 203.2647871304
0.00000000814 4.01510494376 604.4725636619
0.00000000811 1.22144185843 254.3528923826
0.00000000786 3.84829878956 194.3890886479
0.00000000774 3.76050639310 219.1406180516
0.00000000781 5.08832725435 802.7938055729
0.00000000876 5.19448877884 948.2124011233
0.00000001077 4.29979657165 5753.3848848968
0.00000000901 1.36051594017 1201.831580323
0.00000000774 4.80415223158 394.3548619616
0.00000000780 4.94962976798 532.8723588323
0.00000000827 5.64337714429 2620.0006374698
0.00000000772 2.30361551098 949.12742486
0.00000000818 2.52609626540 26301.2022370122
0.00000000855 3.28701649613 95.0160193713
0.00000000928 0.72021151346 740.2817475469
0.00000000974 1.55167938413 186.472392495
0.00000000895 5.83218231202 4539.6924964118
0.00000000824 3.48188126089 845.3320752258
0.00000000751 5.07329791290 476.1069951778
0.00000000773 2.77996323939 688.6553310904
0.00000000939 3.68460642343 817.7716590999
0.00000000910 4.40175612169 2648.454825473
0.00000000753 0.04254534997 1534.7381658416
0.00000000741 0.04675642866 846.131018861
0.00000000736 0.63322927327 58.1068240109
0.00000000776 5.42586716249 5540.0857894588
0.00000000860 4.24463603685 29.2049475286
0.00000000751 2.43181413413 625.8826406335
0.00000000852 3.11058720799 232.4215505492
0.00000000722 5.34176028966 949.2237930796
0.00000000722 0.45293446355 522.6256022036
0.00000000896 0.32751625766 229.340730548
0.00000000722 3.96121088528 1474.9344208013
0.00000000715 4.41679796625 19.1224551112
0.00000000788 0.99170388242 121.8427223143
0.00000000713 3.68141955548 4532.578949411
0.00000000722 4.16734185316 232.2091022281
0.00000000969 2.31953080666 566.600160455
0.00000000795 6.16762624120 1475.6851803267
0.00000000713 0.83529892802 1884.124123938
0.00000000731 6.11847213487 1239.5439248355
0.00000000871 5.94461985599 11.3063326948
0.00000000750 5.31040934310 9683.5945811164
0.00000000861 1.84312756285 984.6003316219
0.00000000695 4.78088165969 10419.4710946482
0.00000000746 1.40148355303 782.3469364478
0.00000000829 5.85923720925 845.1196269047
0.00000000739 5.21951835749 3679.382567659
0.00000000692 3.38736418117 6489.2613984286
0.00000000694 3.07863807714 316.6043179777
0.00000000690 5.86681311380 316.1794213355
0.00000000714 5.38707933404 567.8240007324
0.00000000774 3.17401887776 846.0346506414
0.00000000750 3.05400490211 66.9172920411
0.00000000767 0.12081849650 485.8806710545
0.00000000705 0.57839934869 1053.7528558967
0.00000000684 4.88442270630 2545.3620512544
0.00000000684 5.35202323443 1193.9672737968
0.00000000692 3.63694823733 599.6466385215
0.00000000883 1.46307267703 112.9146342051
0.00000000827 2.59300433753 232.942815411
0.00000000686 2.16126205234 529.7391492044