0.00495672739 3.74107356792 529.6909650946
0.00271802376 4.01601149775 213.299095438
0.00155435675 2.17052050061 38.1330356378
0.00083792997 2.33967985523 74.7815985673
0.00029374249 0.0 0.0
0.00012013079 4.09073224903 1059.3819301892
0.00007577257 3.24151897354 426.598190876
0.00001941380 1.01219474101 206.1855484372
0.00001940649 4.79769963661 149.5631971346
0.00001888831 3.89252804366 220.4126424388
0.00001434208 3.86895363775 522.5774180938
0.00001406367 0.47598335150 536.8045120954
0.00001185835 0.77770585045 76.2660712756
0.00000813685 3.25483611884 36.6485629295
0.00000767074 4.22743731914 39.6175083461
0.00000624814 0.27936466811 73.297125859
0.00000436640 4.44044655092 1589.0728952838
0.00000379145 5.15640874752 7.1135470008
0.00000315393 6.15699854629 419.4846438752
0.00000308784 2.49456658747 639.897286314
0.00000278795 4.93431870348 110.2063212194
0.00000303993 4.89507841707 6283.0758499914
0.00000227188 5.27839813806 103.0927742186
0.00000216162 5.80298032120 316.3918696566
0.00000176764 0.03416525046 10213.285546211
0.00000135792 2.00151020964 1.4844727083
0.00000116993 2.42475255571 632.7837393132
0.00000105413 3.12332213850 433.7117378768
0.00000097988 3.02626461372 1052.2683831884
0.00000109101 3.15781282608 1162.4747044078
0.00000069588 0.82196495080 1066.49547719
0.00000056882 1.32304578699 949.1756089698
0.00000066120 0.27653561007 846.0828347512
0.00000063189 5.79436684832 148.0787244263
0.00000063139 0.73209797865 224.3447957019
0.00000048979 3.06244424367 3340.6124266998
0.00000037824 4.58891701161 35.1640902212
0.00000031150 1.37429681895 63.7358983034
0.00000030682 4.22246917155 11.0457002639
0.00000028741 3.71398829023 151.0476698429
0.00000028580 2.84721981555 41.1019810544
0.00000023782 3.76207354349 227.5261894396
0.00000023267 0.46827104623 85.8272988312
0.00000022744 1.67012539714 71.8126531507
0.00000018818 4.79056538983 2118.7638603784
0.00000022286 3.93734569173 2.9689454166
0.00000021992 0.11232184552 77.7505439839
0.00000020026 4.02923197304 209.3669421749
0.00000019681 0.87544248531 217.2312487011
0.00000019075 5.91973929854 202.2533951741
0.00000016571 2.54911337935 735.8765135318
0.00000015738 5.27754524439 742.9900605326
0.00000018319 3.06472848621 323.5054166574
0.00000017360 3.01137661271 138.5174968707
0.00000015488 4.00542220967 515.463871093
0.00000016367 1.83137880912 853.196381752
0.00000011229 1.18029367551 199.0720014364
0.00000010836 0.34161370756 543.9180590962
0.00000011587 0.61075744193 525.7588118315
0.00000011447 3.72704255770 533.6231183577
0.00000007920 2.43547958386 1478.8665740644
0.00000008322 3.52503621824 1692.1656695024
0.00000007185 3.51955509534 216.4804891757
0.00000007015 1.38855213071 210.1177017003
0.00000007120 2.46055859947 415.5524906121
0.00000006867 4.39735582882 117.3198682202
0.00000007226 4.04267257839 1265.5674786264
0.00000006955 2.86501952800 956.2891559706
0.00000007493 5.01430547428 14.2270940016
0.00000006597 2.37676813421 647.0108333148
0.00000007380 3.27302208820 1581.959348283
0.00000006401 5.30226825802 95.9792272178
0.00000006244 5.44473078234 70.8494453042
0.00000005074 4.24610777191 526.5095713569
0.00000004978 0.09070559075 532.8723588323
0.00000005875 2.36907113150 78.7137518304
0.00000006109 5.67990095410 111.4301614968
0.00000006233 1.25490462048 26087.9031415742
0.00000004359 0.60967414268 1375.7737998458
0.00000004712 4.78612693635 114.3991069134
0.00000005185 1.85847454376 222.8603229936
0.00000003758 1.16737031996 1596.1864422846
0.00000004288 1.51938558324 277.0349937414
0.00000004598 0.76405567220 146.594251718
0.00000003754 1.04640420137 490.3340891794
0.00000002821 3.43414737256 299.1263942692
0.00000003418 2.52366884638 351.8165923087
0.00000002655 2.90453219642 625.6701923124
0.00000002982 0.59289983624 109.9456887885
0.00000002539 4.85191300379 12566.1516999828
0.00000002283 3.40048550603 6681.2248533996
0.00000002336 5.79016324229 33.6796175129
0.00000002549 0.03994924305 1169.5882514086
0.00000002289 2.78836600930 1045.1548361876
0.00000001945 3.29102485680 1155.361157407
0.00000001859 2.69741164079 4.4534181249
0.00000001646 3.01660183388 440.8252848776
0.00000001539 5.57331447211 65.2203710117
0.00000001433 1.48123692595 942.062061969
0.00000001390 6.12238564495 412.3710968744
0.00000001413 1.64650599332 42.5864537627
0.00000001483 1.40459440941 210.8514148832
0.00000001423 5.98922157377 225.8292684102
0.00000001472 3.48774945967 215.7467759928
0.00000001090 2.83082031323 422.6660376129
0.00000001047 0.50899510052 309.2783226558
0.00000001369 5.12813131118 79.2350166922
0.00000001022 0.96352485877 145.6310438715
0.00000001422 2.40975714524 152.5321425512
0.00000001034 3.22353796512 1795.258443721
0.00000000979 2.33360006154 84.3428261229
0.00000000966 6.19909761751 1272.6810256272
0.00000001090 2.86573865299 70.3281804424
0.00000001075 0.57961253778 212.3358875915
0.00000001070 4.31120526838 214.2623032845
0.00000001244 2.87441597074 184.7272873558
0.00000001098 2.95983802473 137.0330241624
0.00000000891 5.14100716567 2648.454825473
0.00000000889 3.98790631605 213.2509113282
0.00000000889 0.90251570889 213.3472795478
0.00000000967 4.53246389020 437.6438911399
0.00000000819 0.57163728715 529.6427809848
0.00000000819 3.76946397274 529.7391492044
0.00000000811 2.26915207928 288.0806940053
0.00000001037 4.27554240329 527.2432845398
0.00000001031 0.06363683037 532.1386456494
0.00000000797 4.06306935733 203.7378678824
0.00000000859 2.39272132973 74.6697239827
0.00000000858 5.42820178780 74.8934731519
0.00000000734 5.35841388096 112.9146342051
0.00000000709 1.92302056629 628.8515860501
0.00000000926 2.97025862788 160.6088973985
0.00000000826 3.32684274495 838.9692877504
0.00000000648 2.95455543165 2008.557539159
0.00000000692 2.83117936839 9.5612275556
0.00000000598 0.91405116799 20426.571092422
0.00000000624 0.50120316917 430.5303441391
0.00000000599 3.24438777522 2111.6503133776
0.00000000832 2.20242516999 380.12776796
0.00000000662 4.47978464665 1063.3140834523
0.00000000616 5.14603483362 1368.660252845
0.00000000639 3.15793381912 12.5301729722
0.00000000599 0.38463092695 423.4167971383
0.00000000648 3.43475812975 528.7277572481
0.00000000646 0.90574398043 530.6541729411
0.00000000635 4.30621635713 52175.8062831484
0.00000000547 3.88827567459 2221.856634597
0.00000000538 6.04102038970 127.4717966068
0.00000000542 0.91953382373 1055.4497769261
0.00000000672 3.08200615608 221.3758502853
0.00000000566 2.70414246898 728.762966531
0.00000000490 2.97472409276 71.6002048296
0.00000000649 1.32346646305 22.0914005278
0.00000000471 4.83320292258 77.962992305
0.00000000623 2.85969660852 330.6189636582
0.00000000652 2.72637797985 388.4651552382
0.00000000468 0.69788003422 1073.6090241908
0.00000000574 5.66932742997 87.3117715395
0.00000000605 1.98317483331 984.6003316219
0.00000000541 3.08246188636 72.3339180125
0.00000000467 5.34128135139 212.7778305762
0.00000000466 5.83324087524 213.8203602998
0.00000000418 2.75937640828 429.7795846137
0.00000000462 1.66174622090 860.3099287528
0.00000000511 4.91405448075 77.2292791221
0.00000000384 0.64251152112 340.7708920448
0.00000000354 2.54868316520 62.2514255951
0.00000000395 3.93999186550 52.6901980395
0.00000000406 2.27584736071 350.3321196004
0.00000000396 1.99989177453 145.1097790097
0.00000000385 6.13244198192 909.8187330546
0.00000000313 3.62090724113 234.6397364404
0.00000000382 1.81523910449 186.2117600641
0.00000000301 0.77539464542 3.9321532631
0.00000000400 1.38752434540 454.9093665273
0.00000000372 4.82853244691 3.1813937377
0.00000000288 0.91857388482 1905.4647649404
0.00000000308 2.68902321898 362.8622925726
0.00000000335 0.71030115582 200.7689224658
0.00000000311 4.44573637765 297.6419215609
0.00000000264 3.81456195150 1485.9801210652
0.00000000289 1.92464337356 529.1697002328
0.00000000366 2.92406939426 604.4725636619
0.00000000288 2.41719522186 530.2122299564
0.00000000314 1.84357518690 108.4612160802
0.00000000262 4.15566435137 1258.4539316256
0.00000000274 1.54026728979 565.1156877467
0.00000000268 0.19545433539 140.001969579
0.00000000320 0.32229958420 703.6331846174
0.00000000243 0.44342371962 1062.5633239269
0.00000000248 0.09445957496 210.3783341312
0.00000000248 4.79327801971 216.2198567448
0.00000000241 3.24545153339 37.611770776
0.00000000255 4.90697050745 153.4953503977
0.00000000237 3.72326482255 212.5483359126
0.00000000236 1.16575065097 214.0498549634
0.00000000236 4.23871934676 38.6543004996
0.00000000252 4.61065643475 209.106309744
0.00000000247 0.27272991614 217.491881132
0.00000000225 3.38119852586 223.5940361765
0.00000000224 5.51904045547 38.084851528
0.00000000223 1.96313876697 38.1812197476
0.00000000245 4.21060733239 173.9422195228
0.00000000217 1.51605950497 2125.8774073792
0.00000000234 0.55106604784 74.2603337055
0.00000000233 0.98887023825 75.3028634291
0.00000000247 0.56642494969 252.6559713532
0.00000000204 0.84533704687 18.1592472647
0.00000000282 1.41766310537 563.6312150384
0.00000000207 5.75479453376 142.4496501338
0.00000000204 0.27721513871 417.0369633204
0.00000000195 4.23402090499 66.70484372
0.00000000211 5.13588313603 37.1698277913
0.00000000215 0.35886038032 1699.2792165032
0.00000000227 5.15751336106 207.8824694666
0.00000000203 2.35104519506 39.0962434843
0.00000000202 4.05217682796 207.6700211455
0.00000000182 3.89203001563 1898.3512179396
0.00000000219 6.03807342488 218.7157214094
0.00000000206 5.35930784504 88.865680217
0.00000000188 2.43290559306 1471.7530270636
0.00000000185 4.15018423748 508.3503240922
0.00000000195 0.82662766477 218.9281697305
0.00000000224 4.06529944699 1056.2005364515
0.00000000172 2.96155542160 526.7702037878
0.00000000186 0.73069210814 554.0699874828
0.00000000194 2.50663265946 28.5718080822
0.00000000169 1.38093325803 532.6117264014
0.00000000192 3.08542976535 1574.8458012822
0.00000000217 3.59114151623 124.433415221
0.00000000176 1.20681960915 525.4981794006
0.00000000172 5.60194767636 211.8146227297
0.00000000160 3.73878048271 10021.8372800994
0.00000000188 3.44598602635 569.0478410098
0.00000000158 0.33551046271 528.9402055692
0.00000000157 4.00545168863 530.44172462
0.00000000177 0.70756419313 32.1951448046
0.00000000191 4.12314886390 183.2428146475
0.00000000179 1.49110102879 5.9378908332
0.00000000170 5.83704197169 305.3461693927
0.00000000207 1.81656116060 73.8183907208
0.00000000175 1.28027815287 217.964961884
0.00000000148 4.39633643688 519.3960243561
0.00000000147 3.63497942528 82.8583534146
0.00000000203 2.54569209930 453.424893819
0.00000000191 5.96603240618 425.1137181677
0.00000000148 3.53096991388 414.0680179038
0.00000000200 0.25134097583 1439.5096981492
0.00000000165 5.22234420384 231.4583427027
0.00000000141 5.69421526925 408.4389436113
0.00000000191 6.04625942487 75.7448064138
0.00000000178 3.84899225076 1685.0521225016
0.00000000149 3.15621899577 533.8837507886
0.00000000157 3.61532012746 208.633228992
0.00000000153 4.99836680146 47.6942631934
0.00000000184 2.16301573772 1021.2488945514
0.00000000139 5.84452648935 373.9079928365
0.00000000138 5.61172177506 214.7835681463
0.00000000129 1.54390762080 203.0041546995
0.00000000128 5.24161490581 479.2883889155
0.00000000130 2.26702486739 654.1243803156
0.00000000144 1.54442458059 4.192785694
0.00000000139 1.22510407970 251.4321310758
0.00000000160 5.11540883899 265.9892934775
0.00000000121 5.05113331022 56.6223513026
0.00000000115 6.22459411775 539.9859058331
0.00000000114 0.09813992796 213.1872208534
0.00000000114 4.79116773360 213.4109700226
0.00000000123 5.10501021239 98.8999885246
0.00000000116 0.64506154486 524.0618908021
0.00000000115 3.69498632982 535.3200393871
0.00000000127 0.63003020942 540.7366653585
0.00000000118 0.24752969879 983.1158589136
0.00000000118 0.19804778544 525.0250986486
0.00000000100 3.71645704441 529.851023789
0.00000000100 0.62422783083 529.5309064002
0.00000000102 1.31527898088 963.4027029714
0.00000000099 1.87542989608 198.321241911
0.00000000111 1.30109743855 80.1982245387
0.00000000096 4.17152569130 213.5115437591
0.00000000096 0.71778197027 213.0866471169
0.00000000099 0.19873228449 551.031606097
0.00000000112 3.45345978303 2324.9494088156
0.00000000111 4.13924061941 534.3568315406
0.00000000117 1.76475239313 524.2743391232
0.00000000125 4.85236761160 21.3406410024
0.00000000095 5.28465176922 327.4375699205
0.00000000115 2.57406093768 535.107591066
0.00000000100 2.94090698274 195.1398481733
0.00000000097 1.07440129398 78263.70942472259
0.00000000096 0.06385619665 35.685355083
0.00000000113 1.72263005108 114.1384744825
0.00000000091 0.08598161680 1802.3719907218
0.00000000089 3.16908258340 1382.8873468466
0.00000000102 4.42228976166 219.891377577
0.00000000086 2.85915032438 228.276948965
0.00000000100 3.39323367399 96.8729990951
0.00000000084 2.61330768505 74.7334144575
0.00000000084 5.20716850754 74.8297826771
0.00000000114 1.15232105885 177.8743727859
0.00000000087 1.13401038923 40.5807161926
0.00000000081 3.33902328234 191.2076949102
0.00000000093 1.06738164563 74.5209661364
0.00000000093 0.46802035326 75.0422309982
0.00000000079 4.31891477024 38.0211610532
0.00000000079 3.16332905605 38.2449102224
0.00000000080 1.40233563562 191.9584544356
0.00000000079 4.46070108071 278.5194664497
0.00000000080 3.95392779576 175.1660598002
0.00000000083 2.35608099285 300.6108669775
0.00000000078 0.92843223712 30.0562807905
0.00000000097 5.32653372215 259.5088859231
0.00000000077 2.50991636518 205.2223405907
0.00000000085 0.43515691954 44.070926471
0.00000000096 6.24127646307 131.4039498699
0.00000000091 3.88112259566 80.7194894005
0.00000000078 2.59112277976 74.6215398729
0.00000000078 5.22948432343 74.9416572617
0.00000000075 2.21732650708 302.164775655
0.00000000072 4.81698863150 213.5597278689
0.00000000072 0.07231943414 213.0384630071
0.00000000096 4.24511131293 483.2205421786
0.00000000069 3.45966511571 529.4785167735
0.00000000069 0.88102053266 529.9034134157
0.00000000094 3.68180477512 248.7238180901
0.00000000077 3.59376629306 518.6452648307
0.00000000066 2.02327672376 635.9651330509
0.00000000064 3.46792160676 2214.7430875962
0.00000000063 3.22324471895 20.6069278195
0.00000000084 0.70408445885 424.1505103212
0.00000000082 1.17323562782 154.0166152595
0.00000000065 5.99619164093 284.1485407422
0.00000000076 3.59374291647 831.8557407496
0.00000000081 3.70025004502 37.8724032069
0.00000000069 2.58402361347 275.5505210331
0.00000000071 3.88813675038 835.0371344873
0.00000000080 3.78188046031 38.3936680687
0.00000000073 0.88865626886 115.8835796217
0.00000000069 2.49762583501 511.5317178299
0.00000000058 0.25471831888 46.2097904851
0.00000000068 1.09479629612 643.8294395771
0.00000000079 5.72688311333 531.1754378029
0.00000000079 0.46444983025 404.5067903482
0.00000000077 4.08353330283 618.5566453116
0.00000000056 1.44522132533 842.1506814881
0.00000000062 0.88771657360 99.1606209555
0.00000000065 1.84460485390 547.8502123593
0.00000000062 4.06674027154 68.8437077341
0.00000000061 0.01100073598 121.2520214833
0.00000000076 4.86986651697 528.2064923863
0.00000000075 4.71498755910 227.3137411185
0.00000000061 3.81064825215 650.9429865779
0.00000000064 4.29409388919 159.1244246902
0.00000000061 2.96999279527 429.0458714308
0.00000000057 3.46227126270 92.940845832
0.00000000068 0.43233787470 219.4494345923
0.00000000059 5.80351575464 33.9402499438
0.00000000062 5.86330508473 2.4476805548
0.00000000062 6.09623774456 425.6349830295
0.00000000051 5.10012533555 1048.3362299253
0.00000000054 3.07019079387 59.8037450403
0.00000000050 1.48104982763 960.2213092337
0.00000000059 5.90527689512 72.0732855816
0.00000000050 0.12167728428 426.6463749858
0.00000000064 4.78297114148 269.9214467406
0.00000000050 4.78368432558 514.7131115676
0.00000000051 5.96112457648 387.2413149608
0.00000000055 1.61378048542 42.3258213318
0.00000000051 3.43355246408 2641.3412784722
0.00000000063 1.40789341724 750.1036075334
0.00000000050 3.20702872042 426.5500067662
0.00000000063 3.98505374586 494.2662424425
0.00000000053 2.43583780027 2428.0421830342
0.00000000047 5.83569926578 544.6688186216
0.00000000048 2.00982466333 39.3568759152
0.00000000055 5.26856872787 81.8951455681
0.00000000059 2.11187321665 488.8496164711
0.00000000063 4.17349551052 1364.7280995819
0.00000000054 3.62421804697 427.5613987225
0.00000000052 4.38844382678 210.5907824523
0.00000000051 0.50117453824 216.0074084237
0.00000000046 4.79961635192 106.2741679563
0.00000000050 4.62538441124 1056.9342496344
0.00000000048 1.32358795195 501.3797894433
0.00000000050 1.09462754777 355.7487455718
0.00000000044 5.16479782395 74.0308390419
0.00000000044 3.40081468635 2538.2485042536
0.00000000055 2.70454523909 14.977853527
0.00000000057 3.17248775727 491.8185618877
0.00000000043 0.99595677376 213.4591541324
0.00000000043 3.89366939283 213.1390367436
0.00000000043 2.65544175682 75.5323580927
0.00000000043 0.76354191371 220.4608265486
0.00000000054 0.68459749075 187.6962327724
0.00000000057 0.63863230611 1061.829610744
0.00000000050 5.56308110598 296.1574488526
0.00000000047 0.24841658475 1279.794572628
0.00000000041 4.51930257295 128.9562693151
0.00000000056 5.45458264580 1057.8974574809
0.00000000053 1.93518633525 601.7642506762
0.00000000045 5.49394122920 3178.1457905676
0.00000000047 5.03443210464 679.2541622292
0.00000000054 4.48267339963 207.1487562837
0.00000000040 4.11879245377 1059.430114299
0.00000000042 3.87088947499 220.364458329
0.00000000046 4.69192941021 10.2949407385
0.00000000051 5.74770428324 344.7030453079
0.00000000054 1.04857075083 188.9200730498
0.00000000041 2.70677059989 67.6680515665
0.00000000044 0.29252718625 179.3588454942
0.00000000044 1.83547130154 289.5651667136
0.00000000040 4.83551999164 149.45132255
0.00000000040 0.02735864866 436.1594184316
0.00000000047 2.80270200743 1038.0412891868
0.00000000037 3.31019033964 1788.1448967202
0.00000000045 2.39073394193 358.9301393095
0.00000000047 1.00325671943 523.5406259403
0.00000000036 2.92998162283 68.1893164283
0.00000000036 4.28412749882 2751.5475996916
0.00000000040 0.92098132614 1059.3337460794
0.00000000038 5.64242804993 212.0270710508
0.00000000037 5.53010012107 214.5711198252
0.00000000039 2.30481475888 1514.2912967165
0.00000000040 0.87236752974 497.4476361802
0.00000000035 4.30307025009 672.1406152284
0.00000000047 2.48361583884 50.4025761791
0.00000000035 4.65523345776 89.7594520943
0.00000000035 5.32328344021 69.1525242748
0.00000000043 2.91924315729 312.4597163935
0.00000000040 1.58760278423 149.6750717192
0.00000000042 3.33159283750 535.8413042489
0.00000000036 3.18170063426 144.1465711632
0.00000000033 2.37919979646 54.1746707478
0.00000000044 3.78834210571 237.6781178262
0.00000000035 1.74685819003 529.9515975255
0.00000000035 2.59415719377 529.4303326637
0.00000000032 4.15757729853 206.1373643274
0.00000000040 4.91765336511 1593.0050485469
0.00000000032 0.69603648293 522.529233984
0.00000000044 0.60569420427 1512.8068240082
0.00000000034 3.91727152081 522.6256022036
0.00000000032 4.94879963135 81.3738807063
0.00000000036 3.21789957686 143.6253063014
0.00000000034 5.20057828474 1361.5467058442
0.00000000032 4.93095676351 767.3690829208
0.00000000036 3.05228952146 106.9767433719
0.00000000031 1.35404435495 35.212274331
0.00000000033 1.35404998174 1060.3451380357
0.00000000032 4.80881910582 18849.2275499742
0.00000000036 1.23021540997 181.0557665236
0.00000000029 1.24410667204 1585.1407420207
0.00000000030 5.47125895037 458.8415197904
0.00000000030 1.04324019127 206.233732547
0.00000000033 3.71848916507 245.5424243524
0.00000000034 3.84184270652 92.0470739547
0.00000000029 4.54475250390 426.0769260142
0.00000000027 2.00149954913 643.0786800517
0.00000000029 0.41759634551 536.7563279856
0.00000000027 4.36788488657 113.3877149571
0.00000000026 3.63270001708 536.8526962052
0.00000000030 4.55790675044 247.2393453818
0.00000000031 2.95281812365 567.8240007324
0.00000000026 4.09640475404 2001.4439921582
0.00000000026 2.06712180785 312.1990839626
0.00000000027 4.56810285368 558.0021407459
0.00000000026 2.19672734069 528.4189407074
0.00000000033 5.60590635849 68.5618234438
0.00000000026 2.14391745890 530.9629894818
0.00000000034 2.24082486732 81.0013736908
0.00000000032 3.06209611372 885.4397106664
0.00000000027 0.11026948051 69.3649725959
0.00000000029 5.32028981868 181.7583419392
0.00000000024 6.14830012198 41.0537969446
0.00000000031 0.66559323336 235.3904959658
0.00000000027 4.38319692097 88.7962442478
0.00000000026 5.05798020797 427.1194557378
0.00000000026 0.46301099062 206.706813299
0.00000000023 5.42203185877 146.3818033969
0.00000000024 2.92749869616 447.9388318784
0.00000000026 2.59525206009 746.9222137957
0.00000000023 5.88384962075 31.5407534988
0.00000000031 3.78497688028 1058.4187223427
0.00000000023 1.70061470411 934.9485149682
0.00000000023 1.81054497604 14.0146456805
0.00000000026 4.93016524161 342.2553647531
0.00000000029 0.23984449899 23.5758732361
0.00000000023 2.53647453704 523.0986829556
0.00000000027 3.05550059377 258.0244132148
0.00000000029 1.56958922292 1023.9572075371
0.00000000021 3.01607737644 420.9691165835
0.00000000022 1.08435169766 491.5579294568
0.00000000028 1.89166907104 162.0933701068
0.00000000026 0.76643908895 152.0108776894
0.00000000026 0.06021608153 1158.5425511447
0.00000000024 4.28461358360 260.9933586314
0.00000000023 2.51081319916 4.665866446
0.00000000022 2.53548727754 337.732510659
0.00000000024 3.30132330920 1134.1635287565
0.00000000021 1.80330951791 536.2832472336
0.00000000021 3.62446848832 521.6142102473
0.00000000020 3.10946208664 692.5874843535
0.00000000020 2.83591185309 212.0752551606
0.00000000020 2.05371431350 214.5229357154
0.00000000020 5.53175498038 630.3360587584
0.00000000020 2.96877128550 2104.5367663768
0.00000000026 0.67723932625 776.9303104764
0.00000000023 3.14028242096 495.7507151508
0.00000000022 5.46738021368 391.1734682239
0.00000000019 5.79794377748 2.9207613068
0.00000000023 4.74205819227 353.301065017
0.00000000021 6.19036413024 320.3240229197
0.00000000019 5.50124179878 423.6774295692
0.00000000021 5.57097088010 621.7380390493
0.00000000019 1.03272558133 1603.2999892854
0.00000000019 1.51428153438 44.7253177768
0.00000000020 3.04457317761 211.6021744086
0.00000000021 3.47252263966 73.4090004436
0.00000000020 0.64353479758 372.4235201282
0.00000000019 1.69613741566 6.1503391543
0.00000000023 0.24495600934 561.934294009
0.00000000020 5.61075502521 157.6399519819
0.00000000021 4.72389831021 134.5853436076
0.00000000023 5.41241581728 8.0767548473
0.00000000018 3.20573786676 2531.1349572528
0.00000000018 5.75169680594 99.9113804809
0.00000000018 4.12538298541 104351.61256629678
0.00000000017 1.49131618722 953.1077622329
0.00000000020 3.28882834991 696.5196376166
0.00000000019 5.05188282673 1098.7388061044
0.00000000018 3.28242315954 184.9879197867
0.00000000017 3.04543466944 230.5645708254
0.00000000023 6.00963896724 916.9322800554
0.00000000017 3.20560881801 267.4737661858
0.00000000018 3.88202573179 182.279606801
0.00000000023 6.25048261828 6.2197751235
0.00000000018 2.54015443097 31.019488637
0.00000000019 0.27995809484 7.4223635415
0.00000000017 5.12544427579 600.5404103988
0.00000000021 4.27520120566 286.596221297
0.00000000017 2.82710574399 152.7445908723
0.00000000020 3.15496505590 1166.4068576709
0.00000000019 0.93260332932 778.4147831847
0.00000000017 0.71577565405 537.7677199419
0.00000000017 0.80031134767 526.9826521089
0.00000000019 5.70255270090 220.9339073006
0.00000000016 0.85872562979 125.9873238985
0.00000000016 1.29170718466 241.6102710893
0.00000000017 0.67834725691 32.2433289144
0.00000000016 1.08234577224 2435.155730035
0.00000000016 2.63929129920 436.8931316145
0.00000000016 0.09975901912 135.5485514541
0.00000000017 2.24648465702 2744.4340526908
0.00000000020 5.59753462144 141.4864422873
0.00000000016 3.01487400340 627.3671133418
0.00000000016 0.71201836603 2228.9701815978
0.00000000017 1.83689902078 214.9960164674
0.00000000020 4.00993370051 505.3119427064
0.00000000015 3.31455438934 1049.0869894507
0.00000000015 2.20607541706 319.5732633943
0.00000000018 1.47352611971 576.1613880106
0.00000000016 6.07005900395 636.7158925763
0.00000000016 5.19901196241 731.9443602687
0.00000000018 0.61423288161 1969.2006632438
0.00000000016 0.38827434188 416.3032501375
0.00000000016 5.12479514781 95.3885263868
0.00000000017 1.84286799688 221.1634019642
0.00000000015 3.57429118232 532.3992780803
0.00000000015 0.29047743947 617.8058857862
0.00000000015 5.08007114480 7.065362891
0.00000000015 4.08934218455 988.532484885
0.00000000016 3.89518074256 273.1028404783
0.00000000016 4.69568881762 107.0249274817
0.00000000018 1.55087961326 24.3790223882
0.00000000018 2.58391340476 421.93232443
0.00000000014 2.01138855049 211.8628068395
0.00000000014 2.87823761610 214.7353840365
0.00000000016 0.32998009587 73.1852512744
0.00000000015 4.43527029177 444.7574381407
0.00000000014 2.27226995206 1058.8606653274
0.00000000017 3.47272468105 439.1283638482
0.00000000015 4.98128142959 51.2057253312
0.00000000018 3.88128660770 523.4711899711
0.00000000014 3.53454927143 219.6618829134
0.00000000015 1.90941686167 30.7106720963
0.00000000013 5.70370503525 5.4166259714
0.00000000014 2.58219550011 292.0128472684
0.00000000018 5.28683736240 45.2465826386
0.00000000014 1.68702875678 1070.4276304531
0.00000000014 5.78637079670 430.79097657
0.00000000015 2.01136997449 199.2844497575
0.00000000014 4.00457707297 429.5189521828
0.00000000013 2.97004270413 425.8474313506
0.00000000014 0.97437425190 282.4516197128
0.00000000017 1.83348947424 1151.4290041439
0.00000000014 4.78996313082 2015.6710861598
0.00000000013 4.21520509231 1585.8915015461
0.00000000017 0.48416118894 535.9107402181
0.00000000013 3.45936802493 46.470422916
0.00000000016 5.76249012660 418.5214360287
0.00000000013 3.90798490709 598.8434893694
0.00000000016 5.22774546552 638.4128136057
0.00000000013 0.46709169716 498.6714764576
0.00000000013 0.79337465407 1592.2542890215
0.00000000015 4.25318608646 945.2434557067
0.00000000016 5.92993311098 347.8844390456
0.00000000014 0.16692912019 36.7604375141
0.00000000012 3.75584044196 421.1815649046
0.00000000013 1.87797520486 2655.5683724738
0.00000000013 4.07633589921 13362.4497067992
0.00000000015 2.90133577623 205.4347889118
0.00000000014 2.49938225869 1550.939859646
0.00000000012 4.01378199978 597.3590166611
0.00000000012 3.84453802064 560.7104537316
0.00000000012 3.79179070423 35.4247226521
0.00000000012 1.71351399381 339.2864193365
0.00000000014 5.52394393779 147.1155165798
0.00000000016 1.82129928700 1289.9465010146
0.00000000014 1.39672973940 192.6921676185
0.00000000014 0.98564818086 39.5056337615
0.00000000014 2.01080991907 7.1617311106
0.00000000012 4.15404190165 2317.8358618148
0.00000000011 0.00734522377 938.1299087059
0.00000000012 5.35882506787 608.404716925
0.00000000012 0.86405998048 166.828672522
0.00000000012 5.95648425326 527.9940440652
0.00000000012 4.66738670229 531.387886124
0.00000000011 3.36881418888 33.1371007917
0.00000000014 2.76750382786 1059.903195051
0.00000000015 2.03673871596 150.5264049811
0.00000000013 6.23673461623 432.2272651685
0.00000000012 3.91938817205 116.4260963429
0.00000000013 5.47892889469 205.6642835754
0.00000000011 2.09919951698 5.6290742925
0.00000000012 2.30318503256 120.9913890524
0.00000000011 4.76409724067 528.2546764961
0.00000000011 5.85977371488 531.1272536931
0.00000000011 1.36669731999 206.9363079626
0.00000000010 0.52628058703 427.3489504014
0.00000000011 2.96498568744 629.6023455755
0.00000000011 3.44074661251 150.0844619964
0.00000000010 3.96428676306 1891.2376709388
0.00000000011 3.59458961446 1148.2476104062
0.00000000013 5.16830110187 428.0826635843
0.00000000011 2.85370771355 209.1544938538
0.00000000010 0.83219814671 210.3301500214
0.00000000011 1.00519361513 244.318584075
0.00000000014 4.25769082986 381.6122406683
0.00000000012 1.00985107812 28.3111756513
0.00000000010 4.22443079945 415.2918581812
0.00000000014 1.44401516208 1173.5204046717
0.00000000011 4.32318890062 27.0873353739
0.00000000010 4.38248905741 605.9570363702
0.00000000013 3.98017256784 212.4053235607
0.00000000013 0.90945359875 214.1928673153
0.00000000010 1.51395699369 867.4234757536
0.00000000011 2.02395638599 217.4436970222
0.00000000013 3.28064944943 378.6432952517
0.00000000010 4.77279277602 181.806526049
0.00000000013 4.73304249071 60.7669528868
0.00000000011 1.50524823194 760.25553592
0.00000000013 2.90587483400 721.6494195302
0.00000000010 0.58477845760 460.5384408198
0.00000000009 3.68049453811 1159.2933106701
0.00000000012 1.24750093919 1041.2226829245
0.00000000010 0.54444836634 431.264057322
0.00000000010 3.86442437133 546.956440482
0.00000000009 5.73768781210 405.2575498736
0.00000000012 4.72677764054 450.9772132642
0.00000000012 3.19048334390 738.7972748386
0.00000000011 5.44274383166 218.4069048687
0.00000000009 5.75989455513 1165.6560981455
0.00000000009 5.59272866151 528.4671248172
0.00000000009 0.03279656103 465.9550667912
0.00000000008 5.03177372934 530.914805372
0.00000000009 0.70755225378 754.0357607965
0.00000000009 1.62201862141 69.6737891366
0.00000000009 1.64864876033 41.6444977756
0.00000000008 4.86069962324 405.9912630565
0.00000000008 3.04567788139 131.5469622218
0.00000000008 3.30595652486 1056.4611688824
0.00000000010 1.63940870221 448.6895914038
0.00000000008 3.29997540369 192.8522263129
0.00000000011 1.68540938250 1020.025054274
0.00000000008 6.03813286552 361.3778198643
0.00000000010 5.98984255240 381.3516082374
0.00000000009 4.70828980485 0.7507595254
0.00000000010 5.89858083622 189.1807054807
0.00000000008 0.33717409862 464.7312265138
0.00000000008 0.99970183807 6.592282139
0.00000000009 3.28890530109 36.5366883449
0.00000000010 3.77821648391 530.5847369719
0.00000000010 0.56246916446 528.7971932173
0.00000000009 4.72230764398 556.5176680376
0.00000000008 4.43807120661 422.405405182
0.00000000009 4.29850392051 29.2049475286
0.00000000008 3.85222972174 100.3844612329
0.00000000008 6.23579223483 411.620337349
0.00000000008 0.68482481630 1058.6311706638
0.00000000008 4.91506773158 533.8355666788
0.00000000008 0.46834372601 462.0229135281
0.00000000008 5.78385088790 0.5212648618
0.00000000008 6.22890340169 79.889407998
0.00000000008 3.94629223845 333.657345044
0.00000000009 4.26734987210 39.7293829307
0.00000000008 2.98826447179 120.358249606
0.00000000007 4.89759618258 521.8266585684
0.00000000007 4.81486070504 412.5835451955
0.00000000007 0.15046277095 313.2104759189
0.00000000009 2.63948646596 395.578702239
0.00000000009 0.18123663037 710.7467316182
0.00000000007 0.10534331873 244.791664827
0.00000000008 5.75679711029 525.5463635104
0.00000000007 4.59358863317 19.1224551112
0.00000000007 5.72649982853 537.5552716208
0.00000000010 0.23615439292 456.3938392356
0.00000000007 1.58965037142 233.7459645631
0.00000000008 1.73038484337 1062.302691496
0.00000000010 3.49567833493 259.769518354
0.00000000008 3.78820033364 103.3534066495
0.00000000007 3.52893695460 1064.7985561606
0.00000000007 3.50458401378 1063.5747158832
0.00000000009 4.25855108963 148.5999892881
0.00000000008 4.35494896361 1060.1326897146
0.00000000007 4.18123300134 216.2680408546
0.00000000008 6.18508958274 129.9194771616
0.00000000008 1.89853583330 214.9436268407
0.00000000008 2.99109033329 211.6545640353
0.00000000007 0.72133340576 229.9738699944
0.00000000009 2.82114719216 2957.7331481288
0.00000000007 3.54737716837 212.4959462859
0.00000000007 1.34224899822 214.1022445901
0.00000000008 2.42480688145 73.88782669
0.00000000008 5.39618820814 75.6753704446
0.00000000008 3.72293090245 49.1787359017
0.00000000007 5.95875655215 1054.7160637432
0.00000000008 3.07286040894 149.0419322728
0.00000000008 4.99659134331 280.9671470045
0.00000000007 5.96564353962 357.4456666012
0.00000000009 3.89981919489 2854.6403739102
0.00000000007 5.04857218291 329.7251917809
0.00000000007 3.86168937650 154.979823106
0.00000000008 3.12816807705 294.6729761443
0.00000000007 3.78332896542 952.3570027075
0.00000000008 5.73133921156 1201.831580323
0.00000000007 0.36133441585 2332.0629558164
0.00000000006 3.01172168751 2847.5268269094
0.00000000007 3.48727268248 420.4478517217
0.00000000006 1.96425017097 37.9205873167
0.00000000007 0.66525617500 36.8610112506
0.00000000006 5.50212297763 38.3454839589
0.00000000006 5.63043166558 426.4863162914
0.00000000006 4.63825478592 33.0252262071
0.00000000009 4.10279491097 602.9880909536
0.00000000006 1.19826616917 55.6591434561
0.00000000007 1.79305149357 849.2642284889
0.00000000006 3.29356764845 457.617679513
0.00000000007 4.46483659098 207.0793203145
0.00000000006 5.47075643317 857.1285350151
0.00000000006 6.25757589401 57.255490749
0.00000000006 0.06512506807 224.6054281328
0.00000000006 3.59601043985 1912.5783119412
0.00000000006 4.04027416405 426.7100654606
0.00000000007 6.14448582917 1060.8664028975
0.00000000007 4.94594921512 3337.0893083508
0.00000000006 1.48251823620 92.3077063856
0.00000000007 4.32054884833 3344.1355450488
0.00000000006 4.67134101381 223.3334037456
0.00000000006 0.53274286800 39.405060025
0.00000000006 4.26003431797 1251.3403846248
0.00000000008 4.10145064477 76.154196691
0.00000000006 0.83091105650 155.7829722581
0.00000000006 3.53728434401 1035.002907801
0.00000000006 2.41219986345 241.8709035202
0.00000000006 0.51482671448 7.6348118626
0.00000000006 5.22034396444 392.6579409322
0.00000000007 1.54740986712 1055.1891444952
0.00000000006 0.43830851001 219.5188705615
0.00000000006 2.07146984114 162.8965192589
0.00000000006 0.65626106294 402.2191684878
0.00000000006 0.85946852291 156.1554792736
0.00000000006 5.34953429692 531.3354964973
0.00000000006 5.27433665863 528.0464336919
0.00000000007 1.90233313085 945.9942152321
0.00000000006 1.32173573792 498.1983957056
0.00000000006 5.47616505716 81.7521332162
0.00000000007 2.66511124480 82.2039621088
0.00000000006 2.99272955808 76.4785195967
0.00000000006 0.28522323423 156.6767441354
0.00000000006 3.25560830629 130.4407420234
0.00000000006 1.49336841119 334.2904844904
0.00000000006 2.78868028616 810.6581120991
0.00000000006 4.05189163556 1276.6131788903
0.00000000006 0.74648713132 45.5766510387
0.00000000005 1.56723570226 1091.6252591036
0.00000000005 5.16689514098 486.4019359163
0.00000000006 5.69647372175 432.0148168474
0.00000000005 5.97606140060 513.2286388593
0.00000000005 2.80547070168 43.2408450685
0.00000000006 4.20221293198 112.6540017742
0.00000000005 3.42063212174 426.8106391971
0.00000000006 5.53567196142 343.2185725996
0.00000000005 6.25007370789 426.3857425549
0.00000000005 2.11475391410 40.8413486235
0.00000000005 1.07114948574 1176.7017984094
0.00000000006 4.35018202282 555.5544601911
0.00000000007 3.25502109518 480.7728616238
0.00000000006 5.50591480598 45.5553991793
0.00000000006 2.11503907739 1053.9653042178
0.00000000006 0.11648592918 905.8865797915
0.00000000006 4.34609955932 61.448276443
0.00000000005 4.48746056535 1064.0477966352
0.00000000005 4.64780966762 546.1532913299
0.00000000007 2.80124535661 739.8086667949
0.00000000006 0.09149219033 175.4266922311
0.00000000005 5.86719012624 850.0149880143
0.00000000005 4.52187462738 831.1049812242
0.00000000007 1.01801357612 141.2258098564
0.00000000006 1.87732236496 707.5653378805
0.00000000005 0.07074556893 477.8039162072
0.00000000006 6.25947656335 1053.7528558967
0.00000000005 3.10917828323 230.7075831773
0.00000000005 3.31582229343 79.4474650133
0.00000000005 0.97346840268 1059.2218714948
0.00000000005 6.26376043409 419.532827985
0.00000000005 3.37579261237 66.9172920411
0.00000000006 0.99308338453 908.3342603463
0.00000000005 1.98839166500 3060.8259223474
0.00000000006 6.22377861122 264.5048207692
0.00000000005 4.45167685413 240.3864308119
0.00000000005 2.95473256444 199.9657733137
0.00000000006 2.33487799441 0.9632078465
0.00000000006 0.92085079421 423.6292454594
0.00000000005 5.29580913561 17.5261078183
0.00000000005 2.71857840469 263.7016716171
0.00000000005 3.77881171215 2634.2277314714
0.00000000005 3.53192616999 88.1149206916
0.00000000006 2.68640681528 42.5382696529
0.00000000005 4.93516969960 543.0242872189
0.00000000005 0.63675156838 171.6545976624
0.00000000005 3.63699488756 6279.5527316424
0.00000000005 3.01156282125 6286.5989683404
0.00000000005 4.38214412277 550.1378342197
0.00000000006 0.22930701912 206.3979967583
0.00000000005 4.80699392718 54.3347294422
0.00000000005 1.86321803706 552.5855147745
0.00000000006 6.25058895655 155.5010879678
0.00000000005 1.93476799444 226.6324175623
0.00000000005 4.06630537724 1059.5419888836
0.00000000005 4.82159245737 375.3924655448
0.00000000004 2.73598330927 642.3449668688
0.00000000006 0.67056603152 512.4254897072
0.00000000005 1.15267682699 1493.093668066
0.00000000005 0.27747044087 1069.6768709277
0.00000000005 3.52972228707 285.3723810196
0.00000000004 6.25556999942 220.3007678542
0.00000000004 1.64858927732 36.4361146084
0.00000000005 5.33131270004 172.4577468145
0.00000000005 4.87742365971 1677.9385755008
0.00000000004 6.27927534054 211.2933578679
0.00000000004 4.89353613323 215.3048330081
0.00000000005 4.90086872027 220.2001941177
0.00000000005 6.21439512691 637.4496057592
0.00000000005 4.65890918275 512.2824773553
0.00000000005 1.28078583936 724.8308132679
0.00000000004 6.19234387362 509.2440959695
0.00000000005 2.18198362724 107.7586406646
0.00000000005 1.62861230846 364.3467652809
0.00000000005 6.05836432635 199.8057146193
0.00000000005 5.81548506359 203.8979265768
0.00000000005 3.57390612265 233.9060232575
0.00000000005 3.08908573078 419.4364597654
0.00000000006 4.40106876451 256.5399405065
0.00000000005 2.29103192715 782.3469364478
0.00000000004 4.56650617837 0.1118745846
0.00000000005 0.07297233694 32.7164096664
0.00000000004 5.83359066112 39.8299566672
0.00000000004 0.56516359810 1080.7225711916
0.00000000006 3.13906767677 593.426863398
0.00000000005 2.31158885429 98.3574718034
0.00000000004 4.96541612753 195.7729876197
0.00000000004 5.67115944458 1127.0499817557
0.00000000004 1.60737367789 1489.9122743283
0.00000000005 1.62517014838 25.6028626656
0.00000000004 2.40061325089 58.1068240109
0.00000000005 1.06948878908 302.0953396858
0.00000000005 3.58042687309 409.9234163196
0.00000000004 5.35653580706 222.7002642992
0.00000000004 4.06609488545 426.8588233069
0.00000000004 2.60346786398 441.576044403
0.00000000004 0.23300105047 93.9040536785
0.00000000004 5.60461099527 426.3375584451
0.00000000005 5.17494898485 668.2084619653
0.00000000004 3.52879251319 149.3025647037
0.00000000004 5.56101865812 1578.0271950199
0.00000000004 0.14381117442 970.5162499722
0.00000000004 1.38562882401 149.6113812444
0.00000000004 6.12960118533 348.8476468921
0.00000000004 1.38463224406 512.1648572763
0.00000000005 3.10990191439 170.0100662597
0.00000000004 3.06553092210 519.656656787
0.00000000005 1.28224947279 757.2171545342
0.00000000005 3.94680491377 1065.0110044817
0.00000000004 4.66347910913 220.5245170234
0.00000000004 2.17156919397 472.1748419147
0.00000000005 1.44837843510 702.1487119091
0.00000000004 3.58468959797 469.8872200543
0.00000000004 5.07495410032 149.5150130248
0.00000000004 2.00328764995 1012.9115072732
0.00000000004 4.06678976074 980.6681783588
0.00000000004 3.87454314122 3171.0322435668
0.00000000004 5.04483866646 420.005908737
0.00000000004 4.42105300635 73.5577582899
0.00000000004 0.91808329819 196.6243208816
0.00000000004 2.75591015873 74.1484591209
0.00000000004 5.06508493086 75.4147380137
0.00000000004 2.95983673431 76.42612997
0.00000000004 2.95605354194 547.2170729129
0.00000000004 1.86055139375 434.6749457233
0.00000000004 0.35994914656 554.8207470082
0.00000000004 4.24181231038 105.4922706636
0.00000000004 3.25525826705 36.6967470393
0.00000000004 3.43887250550 241.7532834412
0.00000000004 2.04104726622 1894.4190646765
0.00000000005 4.79668909650 251.1714986449
0.00000000004 0.74241453708 303.8616966844
0.00000000005 3.65577645782 228.7982138268
0.00000000004 3.60324160920 2207.6295405954
0.00000000004 5.50781222588 991.7138786227
0.00000000005 4.95348326539 306.830642101
0.00000000004 3.13526908304 254.9435932136
0.00000000005 6.28132440672 81.682697247
0.00000000004 0.09955372013 230.8252032563
0.00000000004 5.14767051376 111.1695290659
0.00000000004 5.69029445241 107.2855599126
0.00000000005 1.81491003474 1025.4416802454
0.00000000004 0.23827089423 502.8642621516
0.00000000004 3.03403218377 864.2420820159
0.00000000004 4.26189559841 82.6459050935
0.00000000004 1.40793491013 149.723255829
0.00000000004 6.19905331529 19.643719973
0.00000000005 2.43683958020 705.1176573257
0.00000000004 1.45153572664 572.2292347475
0.00000000004 2.13774051943 258.8757464767
0.00000000004 5.40099325431 1087.6931058405
0.00000000004 1.38867112725 567.5633683015
0.00000000004 5.53765573189 580.0935412737
0.00000000004 6.27057119053 394.3548619616
0.00000000003 3.45288650377 140.9651774255
0.00000000004 5.36284964319 100.6450936638
0.00000000003 0.89310088564 130439.51570787099
0.00000000004 5.80893733291 1587.5884225755
0.00000000004 2.89095140471 1567.7322542814
0.00000000004 4.52643489849 143.9341228421
0.00000000004 0.96145989389 2042.4977891028
0.00000000004 3.96859441386 193.655375465
0.00000000004 5.02425178015 238.5718897035
0.00000000004 5.11695904237 110.1581371096
0.00000000003 5.17950094296 73.1370671646
0.00000000004 2.93179041114 149.8238295655
0.00000000003 4.76622902140 611.4430983108
0.00000000004 1.09513559040 188.1693135244
0.00000000004 0.25248020511 180.2738692309
0.00000000004 5.28426892997 67.3592350258
0.00000000004 5.35419077202 775.233389447
0.00000000003 3.52142207371 280.003939158
0.00000000003 1.23056459844 1059.5943785103
0.00000000003 0.75885628840 589.4947101349
0.00000000003 4.16966612993 3067.9394693482
0.00000000004 5.70802804049 1215.1649024473
0.00000000004 5.05264801420 149.4031384402
0.00000000004 0.63582211896 386.9806825299
0.00000000004 1.71469452484 370.9390474199
0.00000000003 0.94878833235 714.6788848813
0.00000000003 1.50958836322 531.6967026647
0.00000000003 4.73293055490 26.0235537909
0.00000000003 2.83054697992 527.6852275245
0.00000000004 5.92517735863 547.0994528339
0.00000000004 1.08892988858 43.5496616092
0.00000000003 3.80935500835 119.5069163441
0.00000000004 1.25315522683 76.3779458602
0.00000000003 4.56981162018 36.1272980677
0.00000000003 2.80378740729 1049.8207026336
0.00000000004 1.41709455573 173.6815870919
0.00000000004 2.46761078183 295.0512286542
0.00000000004 1.80919366799 256.5881246163
0.00000000003 5.87177945625 135.336103133
0.00000000003 0.22690805842 203.2647871304
0.00000000003 2.83010447093 487.3651437628
0.00000000004 5.00226658838 739.0579072695
0.00000000003 5.86628100650 254.1404440615
0.00000000003 5.68498847387 639.9454704238
0.00000000004 3.50280012196 331.3215390738
0.00000000003 1.79235109505 110.2545053292
0.00000000004 5.36814372477 638.9340784675
0.00000000003 3.80920918148 1059.1694818681
0.00000000003 3.33130153368 274.0660483248
0.00000000004 5.97762333728 432.7485300303
0.00000000003 2.19320354072 1077.5411774539
0.00000000003 5.89724642359 43.2890291783
0.00000000004 6.06160976341 221.8971151471
0.00000000004 1.24083966170 815.0633461142
0.00000000004 1.33706645929 987.3086446076
0.00000000004 4.05650089284 196.0336200506
0.00000000004 1.06568745313 82.4858463991
0.00000000003 4.91752202451 206.2974230218
0.00000000004 2.69006131865 812.1425848074
0.00000000003 4.95770426549 201.9927627432
0.00000000003 2.48720016782 639.8491022042
0.00000000004 4.76320757504 226.7924762567
0.00000000003 2.47509856918 570.5323137181
0.00000000003 1.28045803659 539.7252734022
0.00000000003 4.43001668817 142.1408335931
0.00000000003 0.26851143457 16.04163511
0.00000000004 4.09050768363 986.0848043302
0.00000000003 4.27178324734 189.7232222019
0.00000000004 2.42280320221 2.7083129857
0.00000000003 5.07177336417 73.9784494152
0.00000000003 2.74922172542 75.5847477194
0.00000000003 2.94228501166 186.472392495
0.00000000003 3.24022391586 196.8367692027
0.00000000004 0.46903738793 1123.1178284926
0.00000000003 1.17647652114 61.2882177486
0.00000000004 1.54977795976 16.4623262353
0.00000000003 1.05692758404 31.492569389
0.00000000003 3.14008156083 262.4778313397
0.00000000004 2.10094499782 977.4867846211
0.00000000003 4.60797849528 70.0462961521
0.00000000003 3.39936446935 24.1183899573
0.00000000003 2.68939857071 3274.1250177854
0.00000000003 3.13208663729 468.2426886516
0.00000000003 2.05468089692 119.767548775
0.00000000003 1.50445590295 522.6892926784
0.00000000003 2.83622974542 536.6926375108
0.00000000003 4.24753418587 1269.4996318895
0.00000000003 0.06386018467 433.7599219866
0.00000000003 4.00822188770 504.561183181
0.00000000003 0.39985292097 76.7873361374
0.00000000003 2.94792508306 640.8604941605
0.00000000003 1.03128411434 1591.5205758386
0.00000000004 1.48263789161 109.2431133729
0.00000000003 5.46315849990 219.1406180516
0.00000000003 4.86651190509 3281.2385647862
0.00000000003 6.15520330614 194.1766403268
0.00000000003 4.97547279217 1586.625214729
0.00000000003 4.20682047645 334.5511169213
0.00000000003 2.72699112849 504.4181708291
0.00000000003 0.67418030776 406.954470903
0.00000000003 3.15892697874 433.663553767
0.00000000003 3.63739450025 423.8898778903
0.00000000003 1.54816733466 403.0223176399
0.00000000003 4.57883962911 572.9799942729
0.00000000003 1.52961235336 229.7614216733
0.00000000003 4.22545792443 36.9091953604
0.00000000003 0.12995290876 117.36805233
0.00000000003 4.16548884137 967.3348562345
0.00000000003 1.91141494309 240.125798381
0.00000000003 5.55886339362 332.8060117821
0.00000000003 0.49665437181 67.0773507355
0.00000000003 3.57780301242 176.6505325085
0.00000000003 2.23422402451 911.3032057629
0.00000000003 1.59884335861 554.9637593601
0.00000000003 5.00397045800 594.6507036754
0.00000000002 2.99942126405 95.2284676924
0.00000000002 2.40803733663 326.6868103951
0.00000000003 3.22197969145 79.5169009825
0.00000000003 0.83721030457 16.6747745564
0.00000000003 3.92030488432 238.4288773516
0.00000000003 6.03331138047 429.3065038617
0.00000000003 0.13209247291 70.1157321213
0.00000000003 0.22682424097 206.0736738526
0.00000000003 0.36288338054 25.2727942655
0.00000000002 2.77884523525 3163.918696566
0.00000000003 6.20488030565 71.1582618449
0.00000000002 0.24490397723 426.7582495704
0.00000000003 0.93888874769 1065.6017053127
0.00000000002 3.14261659631 426.4381321816
0.00000000002 2.59923028230 2420.9286360334
0.00000000003 1.79414521699 30639.856638633
0.00000000003 0.54825517106 5223.6939198022
0.00000000003 3.05410924296 539.2521926502
0.00000000002 4.61492764589 71.8608372605
0.00000000003 1.23810833026 536.91638668
0.00000000003 3.10257731811 522.4655435092
0.00000000003 3.74114935593 824.7421937488
0.00000000003 4.15041076765 520.129737539
0.00000000003 5.57861200970 649.4585138696
0.00000000002 1.20650158776 325.9530972122
0.00000000003 4.60094776462 14143.4952424306
0.00000000003 1.64598439202 389.9496279465
0.00000000002 5.42610406528 194.3890886479
0.00000000002 2.13751781140 661.2379273164
0.00000000002 5.77911104169 685.4739373527
0.00000000003 4.03703631420 453.6855262499
0.00000000003 1.16315937393 570.7447620392
0.00000000003 1.35227925748 1438.0252254409
0.00000000003 4.08732834854 187.4356003415
0.00000000002 6.18518169410 1074.3597837162
0.00000000002 5.66000038201 1474.9344208013
0.00000000003 1.49592875924 310.1720945331
0.00000000003 2.81154703953 7.8643065262
0.00000000002 1.44067071366 148.8124376092
0.00000000002 3.20606735784 77.7023598741
0.00000000003 2.53528580832 538.2889848037
0.00000000003 1.80539984005 521.0929453855
0.00000000003 1.62326858020 78.4049352897
0.00000000003 3.03232861785 522.7898664149
0.00000000003 1.30835703052 536.5920637743
0.00000000002 1.26208844735 1053.2315910349
0.00000000002 0.96979540290 65.3804297061
0.00000000002 0.71301262063 239.1625905345
0.00000000002 5.33265989690 1090.4014188262
0.00000000002 0.47625782923 3340.5951730476
0.00000000002 2.50702946072 3340.629680352
0.00000000003 5.09521237124 204.7010757289
0.00000000002 1.24505774654 295.1942410061
0.00000000002 3.30323765115 530.324104541
0.00000000002 1.03744799722 529.0578256482
0.00000000002 5.72234573912 207.4575728244
0.00000000002 2.62733117707 255.8373650909
0.00000000002 5.16721331017 13.4933808187
0.00000000003 5.13399706478 354.5249052944
0.00000000003 6.08282410016 526.722019678
0.00000000003 4.54104685539 532.6599105112
0.00000000002 0.44163304191 167.0893049529
0.00000000002 5.37532129852 22.633917249
0.00000000002 1.90967634944 944.9828232758
0.00000000002 5.21294925833 31.6526280834
0.00000000003 3.80441487846 380.3884003909
0.00000000002 3.41889190378 74.4090915518
0.00000000002 4.40210318581 75.1541055828
0.00000000003 0.66816474530 1094.8066528413
0.00000000002 3.56112540301 806.725958836
0.00000000002 4.46844174027 1589.1210793936
0.00000000003 2.95111966473 418.0001711669
0.00000000002 4.82679835752 102.1295663721
0.00000000002 2.58391066888 2043.9822618111
0.00000000002 5.74670707009 232.2091022281
0.00000000002 1.52408993850 249.9476583675
0.00000000002 4.43918079155 366.7944458357
0.00000000002 3.41297750019 172.2452984934
0.00000000003 2.93230657226 12036.4607348882
0.00000000002 0.00612328663 902.7051860538
0.00000000002 5.75373194008 48.9181034708
0.00000000002 3.35674586948 1.2238402774
0.00000000003 2.32905407901 1440.9941708575
0.00000000002 2.09399044010 103.0445901088
0.00000000002 5.39102833749 32.5039613453
0.00000000002 5.55196010525 2122.6960136415
0.00000000002 1.01566504534 224.2329211173
0.00000000002 3.03116665599 732.6951197941
0.00000000002 0.86649084433 842.9014410135
0.00000000003 3.68606434925 343.7398374614
0.00000000003 6.02117511548 18073.7049386502
0.00000000003 3.05460049513 17.2654753874
0.00000000002 5.41073772136 91.4563731237
0.00000000002 4.89151612035 425.3261664888
0.00000000002 0.59126331404 1067.4586850365
0.00000000002 4.62107232093 376.1956146969
0.00000000002 4.76752444087 142.9709149956
0.00000000002 3.52994258207 76.0054388447
0.00000000003 5.68565572016 562.1467423301
0.00000000002 5.27306326646 103.1409583284
0.00000000002 4.65855264132 28.4541880032
0.00000000002 3.65134273934 2950.619601128
0.00000000003 5.26984585000 1130.2313754934
0.00000000002 2.52670317471 756.3233826569
0.00000000002 3.52271104157 122.4758617607
0.00000000002 5.51577569640 291.262087743
0.00000000002 0.60740470225 74.1272072615
0.00000000002 0.93040508016 75.4359898731
0.00000000002 5.77645664148 1819.6374661092
0.00000000003 0.60498836032 1261.6353253633
0.00000000002 1.85555664567 1464.6394800628
0.00000000002 2.06434259625 535.5324877082
0.00000000002 2.27634305212 523.849442481
0.00000000002 4.12164064571 41.7563723602
0.00000000002 1.96400730017 57.5161231799
0.00000000002 4.77918976037 427.8702152632
0.00000000003 5.01002784894 2281.2304965106
0.00000000002 3.90181444901 84.9335269539
0.00000000002 3.84718355216 5.1078094307
0.00000000003 0.54601814517 451.9404211107
0.00000000002 0.56832772908 84.1827674285
0.00000000002 0.11787362118 1286.9081196288
0.00000000002 2.44604509044 373.0142209592
0.00000000002 2.76104934362 1254.5217783625
0.00000000002 1.80073602945 268.9582388941
0.00000000002 5.06000314395 150.31395666
0.00000000003 6.16475379508 190.4045457581
0.00000000002 1.91940270557 1553.6481726317
0.00000000002 0.31114054153 115.6229471908
0.00000000003 5.00377912422 236.1936451179
0.00000000002 4.64476266878 125.1841747464
0.00000000002 5.25070372187 25.0603459444
0.00000000002 4.42006573357 501.2367770914
0.00000000002 5.28801843822 128.3655684841
0.00000000002 3.02249467823 70.5888128733
0.00000000002 5.10744435319 7.7042478318
0.00000000002 5.35861260445 8.9068362498
0.00000000002 3.04911385331 170.7608257851
0.00000000002 2.09208111477 43.7621099303
0.00000000002 2.58715268947 1482.7987273275
0.00000000002 1.55803959969 105.5404547734
0.00000000002 4.27483694362 2942.4634232916
0.00000000002 3.64312531265 395.105621487
0.00000000002 3.78724123103 397.3932433474
0.00000000002 5.30289713782 1208.9451273238
0.00000000002 3.47367432068 2352.8661537718
0.00000000002 3.34926063770 34.5096989154
0.00000000002 1.28746156532 856.3777754897
0.00000000002 1.82250579965 1590.0361031303
0.00000000002 2.88017496092 90.8232336773
0.00000000002 0.86569328720 25.1297819136
0.00000000002 5.82517984367 3707.8367556622
0.00000000002 0.05106366865 72.4939767069
0.00000000002 4.70387132819 19.0105805266
0.00000000002 6.10472383058 488.63716815
0.00000000002 0.63038290420 88.274979386
0.00000000002 4.31395354097 586.3133163972
0.00000000002 1.45400978186 34.2008823747
0.00000000002 3.44171606671 821.703812363
0.00000000002 5.54085692156 487.1526954417
0.00000000002 4.19575798942 328.9220426288
0.00000000002 3.92682506750 1415.130675761
0.00000000002 4.22448248345 33.4671691918
0.00000000002 4.19192180047 58.319272332
0.00000000002 2.09427155308 1059.6425626201
0.00000000002 0.74372474115 110.7275860812
0.00000000002 3.81738357773 639.3760214522
0.00000000002 1.79308957531 3377.217792004
0.00000000002 4.44858286586 5753.3848848968
0.00000000002 2.75611972077 1051.3051753419
0.00000000002 2.43399105921 104.0559820651
0.00000000002 0.51120251384 1432.3961511484
0.00000000002 4.06827469318 1052.3165672982
0.00000000002 3.68132699390 1065.5322693435
0.00000000002 0.58609306122 990.2294059144
0.00000000002 4.72195055580 418.9633790134
0.00000000002 2.29134701681 384.0599212231
0.00000000002 4.04783302113 75.6329318292
0.00000000002 3.77316206846 73.9302653054
0.00000000002 1.27063061264 1589.024711174
0.00000000002 2.99346636217 447.2051186955
0.00000000002 4.88775575304 78.9743842613
0.00000000002 1.08474615002 503.8274699981
0.00000000002 1.40748927321 77.0692204277
0.00000000002 4.05134033671 224.4566702865
0.00000000002 2.49061752629 73.0846775379
0.00000000002 3.53154397673 91.2439248026
0.00000000002 0.86951502887 995.6460318858
0.00000000002 3.23309081096 215.9592243139
0.00000000002 1.65653535563 210.6389665621
0.00000000002 1.49658387647 709.0498105888
0.00000000002 2.50150285724 369.9758395734
0.00000000002 0.24570435319 109.6850563576
0.00000000002 2.15125665155 195.8906076987
0.00000000002 3.20943467045 1446.62324515
0.00000000002 4.61049328066 104.5772469269
0.00000000002 5.41117792365 1128.534454464
0.00000000002 0.46801985063 1268.7488723641
0.00000000002 3.46586788072 1578.7779545453
0.00000000002 1.38960202572 51.8870488874
0.00000000002 5.26444342978 1363.2436268736
0.00000000002 3.39317903533 76.2178871658
0.00000000002 4.99250310895 3738.761430108
0.00000000002 6.24731872709 55.1378785943
0.00000000002 0.58724309766 313.9441891018
0.00000000002 4.75847324755 1994.3304451574
0.00000000002 3.44954587134 5.6772584023
0.00000000002 2.42612359762 516.1975842759
0.00000000002 1.91456205075 543.1843459133
0.00000000002 2.52619967964 836.5216071956
0.00000000002 2.25904701884 6812.766815086
0.00000000002 1.29082175295 5621.8429232104
0.00000000002 3.55324813170 769.8167634756
0.00000000002 6.14691167648 76.3142553854
0.00000000002 2.08850902011 93.531546663
0.00000000002 4.33445271140 640.4185511758
0.00000000002 0.90445180404 683.1863154923
0.00000000002 5.35980800044 4705.7323075436
0.00000000002 3.71153973175 433.190473015
0.00000000002 0.54219297827 1688.2335162393
0.00000000002 6.23579594747 208.1912860073
0.00000000002 3.24568687761 502.6036297207
0.00000000002 3.05472992905 700.6642392008
0.00000000002 4.56030783124 293.188503436
0.00000000001 2.62311467688 774.0095491696
0.00000000002 4.26036104093 1340.3490771937
0.00000000002 2.54528509700 232.0490435337
0.00000000001 0.40719946484 184.0941479094
0.00000000002 5.54653763357 451.7279727896
0.00000000002 3.78961228004 1696.0978227655
0.00000000002 6.21479839139 0.8031491521