0.00000022088 4.54598360855 206.1855484372
0.00000021546 3.46116671016 220.4126424388
0.00000016300 1.14934178921 522.5774180938
0.00000015923 0.06221071687 536.8045120954
0.00000003093 2.22514436528 426.598190876
0.00000002568 2.47493921494 433.7117378768
0.00000002105 3.35595521974 227.5261894396
0.00000002639 0.0 0.0
0.00000001700 5.13510489936 1059.3819301892
0.00000001378 1.27086042787 515.463871093
0.00000001266 3.80209162712 419.4846438752
0.00000001363 4.63636570705 7.1135470008
0.00000001013 4.67704889552 199.0720014364
0.00000001037 0.69915801725 1066.49547719
0.00000000964 6.22045145850 543.9180590962
0.00000000849 1.26670686968 639.897286314
0.00000000678 0.79554783130 1052.2683831884
0.00000000392 4.59101411052 14.2270940016
0.00000000291 1.57357745396 647.0108333148
0.00000000248 5.85725743749 1589.0728952838
0.00000000214 2.46865385667 440.8252848776
0.00000000231 2.85226310193 216.4804891757
0.00000000220 5.18394074276 210.1177017003
0.00000000129 0.22762324749 1045.1548361876
0.00000000123 0.51351773704 853.196381752
0.00000000137 2.15435863260 529.6909650946
0.00000000092 3.22442461302 234.6397364404
0.00000000087 4.52965482365 103.0927742186
0.00000000092 3.90819414656 117.3198682202
0.00000000085 5.57189606315 95.9792272178
0.00000000094 2.25901632919 213.299095438
0.00000000075 1.30082808866 1596.1864422846
0.00000000078 4.96547279129 110.2063212194
0.00000000071 4.48281367743 632.7837393132
0.00000000076 3.40988387446 412.3710968744
0.00000000064 2.39566214965 316.3918696566
0.00000000056 1.44254805098 508.3503240922
0.00000000055 1.71252125469 323.5054166574
0.00000000048 0.40111970766 1073.6090241908
0.00000000056 6.19540120033 735.8765135318
0.00000000042 6.13276553266 625.6701923124
0.00000000039 5.02961841371 942.062061969
0.00000000036 3.01279484364 209.3669421749
0.00000000031 0.88356246900 1581.959348283
0.00000000031 6.03310463140 551.031606097
0.00000000032 4.98300318004 217.2312487011
0.00000000033 0.75212348383 860.3099287528
0.00000000030 4.51763020093 70.8494453042
0.00000000027 2.35184788494 149.5631971346
0.00000000028 1.91930691377 330.6189636582
0.00000000027 0.05305218851 2118.7638603784
0.00000000028 0.17790568355 78.7137518304
0.00000000027 4.37487614145 21.3406410024
0.00000000029 5.17540731322 949.1756089698
0.00000000025 3.02081007506 124.433415221
0.00000000033 2.73570572399 223.5940361765
0.00000000025 5.88306502494 1169.5882514086
0.00000000024 6.25389986741 63.7358983034
0.00000000024 4.81432332838 191.9584544356
0.00000000028 0.01012773075 728.762966531
0.00000000024 1.59054971444 654.1243803156
0.00000000030 4.35202882411 309.2783226558
0.00000000022 0.58430377684 1155.361157407
0.00000000020 5.79574932921 88.865680217
0.00000000023 3.64404039148 956.2891559706
0.00000000019 4.74503190924 85.8272988312
0.00000000019 5.66498805054 73.297125859
0.00000000025 1.94036276937 429.7795846137
0.00000000024 1.95947716237 519.3960243561
0.00000000020 0.29570924626 71.6002048296
0.00000000018 4.38365354248 77.962992305
0.00000000016 4.70914310164 202.2533951741
0.00000000020 5.48263393467 539.9859058331
0.00000000016 3.45867068386 224.3447957019
0.00000000015 5.26771574252 302.164775655
0.00000000014 5.35318240788 76.2660712756
0.00000000017 5.40518600219 203.0041546995
0.00000000011 3.87206824630 11.0457002639
0.00000000010 2.40929335654 36.6485629295
0.00000000012 1.79980409055 422.6660376129
0.00000000009 1.93147151515 39.6175083461
0.00000000009 0.16500567398 1038.0412891868
0.00000000009 0.79081879948 838.9692877504
0.00000000009 2.40868380460 447.9388318784
0.00000000008 1.59402806626 618.5566453116
0.00000000009 2.51756026677 74.7815985673
0.00000000008 5.09979031312 423.4167971383
0.00000000009 0.33848481291 1574.8458012822
0.00000000007 1.37888755215 1258.4539316256
0.00000000006 1.09195739886 831.8557407496
0.00000000006 1.00867247429 138.5174968707
0.00000000006 4.91543048225 742.9900605326
0.00000000006 1.82818120946 2125.8774073792
0.00000000005 0.60506372351 145.6310438715
0.00000000007 5.32328426995 38.1330356378
0.00000000005 0.66965342943 195.1398481733
0.00000000004 0.41274254704 18.1592472647
0.00000000004 1.83690246048 337.732510659
0.00000000004 1.32611242407 1265.5674786264
0.00000000004 2.71001820282 437.6438911399
0.00000000003 5.02306065714 1485.9801210652
0.00000000004 4.61647130206 3.9321532631
0.00000000004 4.86205883099 3.1813937377
0.00000000003 0.24146698930 1699.2792165032
0.00000000003 2.54047104670 131.5469622218
0.00000000003 5.19663268688 934.9485149682
0.00000000003 1.89821812188 436.8931316145
0.00000000003 4.05827327245 846.0828347512
0.00000000003 0.84357940935 1062.5633239269
0.00000000003 0.21598966041 721.6494195302
0.00000000002 0.53670508526 2648.454825473
0.00000000002 3.92186370454 131.4039498699
0.00000000002 0.91291435645 1603.2999892854
0.00000000002 0.76104298796 867.4234757536
0.00000000002 1.08620559446 643.0786800517
0.00000000003 6.03930177407 1471.7530270636
0.00000000002 0.85856016250 635.9651330509
0.00000000002 4.22140945210 231.4583427027
0.00000000002 1.66761053003 56.6223513026
0.00000000002 2.40289635523 1368.660252845
0.00000000002 2.45646924027 269.9214467406
0.00000000002 0.51395931456 1272.6810256272
0.00000000002 3.61461152227 408.4389436113
0.00000000002 0.93616194604 963.4027029714
0.00000000002 1.58523848820 1685.0521225016
0.00000000002 5.51445164570 295.0512286542
0.00000000002 1.00442608560 1055.4497769261
0.00000000002 4.49509966736 22.0914005278
0.00000000002 3.08845244449 241.7532834412
0.00000000002 1.43941179659 151.0476698429
0.00000000001 3.44704587186 1382.8873468466
0.00000000002 0.57010178031 1788.1448967202
0.00000000002 0.42335354864 416.3032501375
0.00000000002 1.75951401058 526.5095713569
0.00000000002 2.58117163779 532.8723588323
0.00000000001 5.48681505441 277.0349937414
0.00000000002 0.13809144454 430.5303441391
0.00000000002 2.58174480747 92.940845832
0.00000000001 6.06441593546 81.7521332162
0.00000000001 0.71058040619 415.5524906121
0.00000000002 5.06827598270 1279.794572628
0.00000000001 5.87510766420 1162.4747044078
0.00000000001 3.29813464894 611.4430983108
0.00000000001 0.09891059453 2104.5367663768
0.00000000002 2.46195810488 1361.5467058442
0.00000000002 5.74044986985 1056.2005364515
0.00000000001 0.99824910705 160.6088973985
0.00000000001 1.62638790866 483.2205421786
0.00000000001 3.50149700133 35.1640902212
0.00000000001 5.76299413440 2420.9286360334
0.00000000001 0.83909020657 41.1019810544
0.00000000001 1.85607665951 184.8449074348
0.00000000001 6.01210640761 2008.557539159
0.00000000001 1.55579526823 661.2379273164
0.00000000001 3.18610098524 1141.1340634054
0.00000000001 2.71706778222 153.4953503977
0.00000000001 5.56272445862 1478.8665740644
0.00000000001 3.16336664316 405.2575498736
0.00000000001 5.98469019133 1069.6768709277
0.00000000001 2.34179341386 824.7421937488
0.00000000001 1.98918668419 2097.423219376
0.00000000001 3.14828548619 1884.124123938
0.00000000001 2.30589047070 1049.0869894507
0.00000000001 0.33221185756 127.4717966068
0.00000000001 1.01697211367 1251.3403846248
0.00000000001 0.51740544611 398.1440028728
0.00000000001 1.92391474730 1994.3304451574
0.00000000001 5.43547907327 52.6901980395
0.00000000001 6.12439543171 1080.7225711916
0.00000000001 5.01886732456 81.8951455681
0.00000000001 1.43286480461 1148.2476104062
0.00000000001 5.90371148838 67.6680515665
0.00000000001 0.54399015451 497.4476361802
0.00000000001 3.08298225417 65.2203710117
0.00000000001 3.24857906892 99.9113804809
0.00000000001 1.09299822176 2207.6295405954
0.00000000001 1.21511802190 362.8622925726
0.00000000001 6.06528783230 2840.4132799086
0.00000000001 3.60557527393 87.3117715395
0.00000000001 1.71749231580 2001.4439921582
0.00000000001 1.78357856645 84.3428261229
0.00000000001 3.83228371563 10.2949407385
0.00000000001 3.99500661462 113.3877149571
0.00000000001 1.51764002054 148.0787244263
0.00000000001 1.38776317458 2111.6503133776
0.00000000001 1.56601766592 1898.3512179396
0.00000000001 2.15426380820 525.7588118315
0.00000000001 2.18642184017 533.6231183577
0.00000000001 2.81628023205 146.3818033969
0.00000000001 5.95282849380 750.1036075334
0.00000000001 2.55909626745 2641.3412784722
0.00000000001 1.02781900657 1567.7322542814
0.00000000001 1.86378724420 650.9429865779
0.00000000001 2.20160587766 195.8906076987
0.00000000001 2.68802028893 230.7075831773
0.00000000001 4.62503696155 2538.2485042536
0.00000000001 3.08782857136 344.7030453079
0.00000000001 4.11498666639 927.8349679674
0.00000000001 3.42218194283 191.2076949102
0.00000000001 5.30495237690 636.7158925763
0.00000000001 0.22317096940 1905.4647649404
0.00000000000 4.61042977384 235.3904959658
0.00000000000 0.32708790118 1354.4331588434
0.00000000000 1.63826756079 2214.7430875962
0.00000000000 6.22055375222 2015.6710861598
0.00000000001 1.63051943172 2310.722314814