0.37546291728 4.39651506942 26087.9031415742
0.03825746672 1.16485604339 52175.8062831484
-0.02625615963 0.0 0.0
0.00584261333 4.21599394757 78263.70942472259
0.00105716695 0.98379033182 104351.61256629678
0.00021011730 4.03469353923 130439.51570787099
0.00004433373 0.80236674527 156527.41884944518
0.00000974967 3.85319674536 182615.32199101939
0.00000700327 4.45478725367 24978.5245894808
0.00000626468 1.18563492001 27197.2816936676
0.00000446989 2.97507181503 1059.3819301892
0.00000398401 1.86487895049 20426.571092422
0.00000277216 3.77909548342 31749.2351907264
0.00000190657 4.27201801941 53285.1848352418
0.00000181790 4.94857138217 1109.3785520934
0.00000194418 0.67806013045 4551.9534970588
0.00000221028 0.62082250658 208703.22513259358
0.00000190713 1.17385212686 5661.3320491522
0.00000138492 1.22446421973 51066.427731055
0.00000151693 2.67604566886 51116.4243529592
0.00000095481 0.16753795386 529.6909650946
0.00000114338 0.56002737806 57837.1383323006
0.00000075179 6.06954012703 27147.28507176339
0.00000074528 4.92454709213 46514.4742339962
0.00000068378 0.19832816518 25132.3033999656
0.00000065034 4.90982770245 21535.9496445154
0.00000083764 3.18666883018 10213.285546211
0.00000057815 5.70200416012 14765.2390432698
0.00000058577 5.41671940122 27043.5028831828
0.00000060503 4.99652964522 47623.8527860896
0.00000052662 2.29801650543 26617.5941066688
0.00000054816 5.30909046008 12566.1516999828
0.00000047830 1.04296800531 79373.08797681599
0.00000051223 3.53627826803 426.598190876
0.00000051287 3.67162149494 234791.12827416777
0.00000048376 3.51890954721 1589.0728952838
0.00000048308 3.65259825204 25558.2121764796
0.00000048571 5.72915514275 77204.32749453338
0.00000034348 5.67940957102 51646.11531805379
0.00000032947 2.99496495895 955.5997416086
0.00000044563 2.47566796995 41962.5207369374
0.00000028370 0.70313546811 30639.856638633
0.00000031389 4.27598213407 77154.33087262919
0.00000027626 6.14846127958 37410.5672398786
0.00000031953 3.61313384181 83925.04147387479
0.00000027138 0.33631401741 39609.6545831656
0.00000023212 2.29683623821 53131.406024757
0.00000026667 6.25618354827 36301.18868778519
0.00000025545 3.71486034105 11322.6640983044
0.00000027160 1.78091430845 6283.0758499914
0.00000020743 5.68024807830 15874.6175953632
0.00000023509 3.99714350287 13521.7514415914
0.00000016406 1.69451902864 72602.37737557039
0.00000016077 3.22492362452 9103.9069941176
0.00000021076 1.76532979749 73711.75592766379
0.00000015073 2.81196372969 18849.2275499742
0.00000017093 2.11618772835 51749.20809227239
0.00000015401 0.38409642418 7238.67559160
0.00000013833 2.86060252439 53235.18821333759
0.00000016621 2.16299341033 50586.73338786459
0.00000013461 5.21674902395 52705.49724824299
0.00000013312 5.80885733761 25028.521211385
0.00000013751 3.01700253042 63498.47038145279
0.00000012986 3.87848079183 26107.57290247399
0.00000013012 1.77284954668 26068.2333806744
0.00000013561 3.25355689343 51220.20654153979
0.00000013481 2.49743950723 103292.23063610759
0.00000012122 0.43923849384 260879.03141574195
0.00000011390 1.97720953024 19317.1925403286
0.00000010112 2.38879888058 77734.01845962799
0.00000011952 5.53005209823 68050.42387851159
0.00000012080 4.09566440961 105460.99111839019
0.00000009187 2.47899096314 40853.142184844
0.00000009526 2.10685579050 38654.05484155699
0.00000012384 3.88491364454 45892.73043315699
0.00000008930 0.47010685402 26084.0218062162
0.00000008927 5.18134720032 26091.7844769322
0.00000012067 3.39979120537 65697.55772473979
0.00000008856 0.33573269125 26514.5013324502
0.00000008880 0.74693819701 3442.5749449654
0.00000008473 0.38165820380 110012.94461544899
0.00000008768 4.86692437236 32370.9789915656
0.00000007627 3.72724507066 56727.7597802072
0.00000008150 0.32531424488 27676.976036858
0.00000007210 1.15776232612 6770.7106012456
0.00000007049 2.53147779108 33326.5787331742
0.00000007373 4.54270714371 23869.1460373874
0.00000005950 5.34652499897 79219.30916633119
0.00000007534 1.04407773149 103242.23401420339
0.00000005961 3.04054522257 62389.09182935939
0.00000006001 5.97534098237 59414.4818747484
0.00000006074 3.52491992077 32858.61374281979
0.00000005423 2.27094643224 43071.8992890308
0.00000005824 0.72194174801 19804.8272915828
0.00000006044 4.81765546230 99799.65906923798
0.00000006266 5.22643441280 25874.6040461362
0.00000006266 2.74603372834 639.897286314
0.00000005832 1.07051866290 28306.66024576099
0.00000005003 0.33033193603 26301.2022370122
0.00000005657 4.82919740832 22645.32819660879
0.00000004994 1.08270815662 213.299095438
0.00000004603 4.10818821236 26095.016688575
0.00000004092 0.55410491255 58946.51688439399
0.00000005440 5.17874103610 76674.63652943878
0.00000004418 1.60012301239 26080.78959457339
0.00000003888 4.74721605492 98690.28051714458
0.00000005320 5.16942669114 77837.11123384659
0.00000003619 5.54847850901 129380.13377768178
0.00000003309 1.95062167120 78793.40038981718
0.00000003903 0.75356452005 29530.4780865396
0.00000004017 4.06270853170 2118.7638603784
0.00000003055 5.92110388322 79323.09135491178
0.00000003593 0.17002529302 91785.46086631398
0.00000003054 5.55498513785 69159.80243060499
0.00000003082 2.29839877933 94138.32702008578
0.00000003462 0.65717640120 71980.63357473118
0.00000002908 3.48998577457 286966.93455731616
0.00000003697 6.07251486266 89586.37352302698
0.00000002722 5.88257146743 44937.1306915484
0.00000002714 5.41990364356 103821.92160120218
0.00000003249 0.27004450324 16983.9961474566
0.00000003195 4.87662483707 2218.7571041868
0.00000002650 4.82437940961 52156.1365222486
0.00000003239 2.70670864860 25934.1243310894
0.00000003208 2.94509218256 26241.681952059
0.00000003530 1.59643050751 7.1135470008
0.00000003077 0.02256903738 77308.10968311399
0.00000002481 5.31236272529 24498.8302462904
0.00000003094 0.86497244960 131548.89425996438
0.00000002727 0.19052309532 149.5631971346
0.00000002485 3.12313746508 1052.2683831884
0.00000002670 0.64762614763 52195.47604404819
0.00000002225 3.43314585329 136100.84775702319
0.00000001969 5.16585183325 64741.95798313119
0.00000002412 4.23189156828 54394.56338733519
0.00000002530 6.01975765668 1066.49547719
0.00000001942 1.68431166303 58458.88213313979
0.00000001869 0.48618542978 82815.66292178139
0.00000001825 1.94930670328 52179.6876185064
0.00000001832 5.52981828535 66941.04532641819
0.00000001778 1.93899005409 25619.9381512198
0.00000001820 3.52168197550 52171.9249477904
0.00000002115 2.90697905251 51535.90899683439
0.00000001965 5.03484402548 45405.0956819028
0.00000001705 3.71423083400 26555.8681319286
0.00000001639 3.39953737033 52602.4044740244
0.00000001664 3.83119379567 5327.4761083828
0.00000001925 5.78531479532 13655.8604911764
0.00000001650 1.58612017312 125887.56221081219
0.00000001514 3.39500148443 53764.8791784322
0.00000001866 4.09501965735 129330.13715577759
0.00000001627 4.79352239798 48733.23133818299
0.00000001673 4.32252049417 52168.69273614759
0.00000001445 6.10060041654 88476.99497093359
0.00000001654 6.12789079469 76.2660712756
0.00000001539 2.12017582322 105307.21230790539
0.00000001536 1.96319343567 102762.53967101299
0.00000001393 1.25587354727 26081.27458267419
0.00000001393 4.39574517890 26094.53170047421
0.00000001411 1.31309973304 49957.0491789616
0.00000001529 2.73364151205 85502.38501632259
0.00000001247 4.05247492508 51962.5071877104
0.00000001266 6.24072120577 35191.8101356918
0.00000001458 1.93796370187 103925.01437542078
0.00000001561 1.52798608608 6681.2248533996
0.00000001537 3.43210104670 52389.1053785864
0.00000001411 1.66986522557 50057.04242277
0.00000001014 1.81620829580 74821.13447975718
0.00000001232 0.84010473770 52182.9198301492
0.00000001068 5.82601643881 26727.8004278882
0.00000000963 2.31649309053 155468.03691925599
0.00000000991 3.22224423668 117873.36400788819
0.00000000939 3.69536889843 12432.0426503978
0.00000000956 1.51577387873 124778.18365871879
0.00000000851 3.47856448633 85034.42002596818
0.00000000907 3.70816916557 98068.53671630539
0.00000000827 4.98534406085 104881.30353139139
0.00000000827 4.70714045338 25661.3049506982
0.00000000794 5.34803060760 120226.23016165999
0.00000000846 2.52472705200 51123.53789995999
0.00000000903 5.45953667423 52026.2430860138
0.00000000923 2.83668265777 115674.27666460119
0.00000000834 5.95001308021 3340.6124266998
0.00000000706 0.25739782784 313054.83769889036
0.00000000802 3.91721323343 157636.79740153858
0.00000000929 3.79917679735 55618.3812281138
0.00000000773 2.32134386344 95247.70557217918
0.00000000723 2.69407605052 105410.99449648599
0.00000000859 5.91464456306 51109.31080595839
0.00000000716 2.17754981522 129909.82474277639
0.00000000677 0.70216648530 419.4846438752
0.00000000650 3.13131829872 64607.84893354619
0.00000000673 0.86671401461 28206.6670019526
0.00000000607 1.59220678788 78244.0396638228
0.00000000659 5.75914725971 52022.0274726636
0.00000000739 3.07428442368 103396.01282468818
0.00000000585 0.20238616925 162188.75089859738
0.00000000674 5.81169972173 38519.945791972
0.00000000730 3.41907506693 433.7117378768
0.00000000590 2.65601790847 71025.03383312259
0.00000000524 2.22406383572 10021.8372800994
0.00000000673 5.99514165920 52329.58509363319
0.00000000661 5.96096138275 77623.81213840858
0.00000000506 4.78871089926 23754.70674870219
0.00000000633 4.13478072308 45494.58142974879
0.00000000466 4.75460050527 84546.78527471398
0.00000000592 3.30852715140 7994.5284420242
0.00000000545 5.80602159358 52099.5402118728
0.00000000552 2.39711760878 1692.1656695024
0.00000000456 1.94151045577 90829.86112470538
0.00000000469 3.29068228268 26237.46633870879
0.00000000521 0.86596201958 80482.46652890938
0.00000000614 3.69895971929 78283.37918562238
0.00000000444 4.63869120122 151975.46535238638
0.00000000440 6.26532535664 27140.17152476259
0.00000000472 0.86276697768 155418.04029735178
0.00000000469 3.53622250201 108903.56606335558
0.00000000590 1.92833574451 853.196381752
0.00000000425 5.11858657725 632.7837393132
0.00000000447 1.04087892038 78256.59587772179
0.00000000453 3.64418740188 26137.8997634784
0.00000000454 2.00715474668 26037.90651966999
0.00000000436 0.82989514902 2333.196392872
0.00000000405 2.57594056066 1581.959348283
0.00000000418 5.03310520138 128850.44281258718
0.00000000429 2.31358963023 29428.515568274
0.00000000419 5.00087241120 78267.59076008058
0.00000000400 0.83625504703 28421.0995344462
0.00000000438 1.02063855266 78050.41032928458
0.00000000502 0.81791649248 26720.68688088739
0.00000000446 5.82498138989 25984.8103673556
0.00000000426 2.83085905523 27154.3986187642
0.00000000422 2.30407366448 93028.94846799239
0.00000000441 6.19559752006 26190.99591579279
0.00000000517 4.94804650401 25455.119402261
0.00000000390 4.99072482742 130012.91751699499
0.00000000366 3.54049188579 22747.2907148744
0.00000000364 0.17059200526 78690.30761559859
0.00000000360 2.87002870666 114564.89811250778
0.00000000418 0.29020498002 78259.82808936459
0.00000000352 0.48243014753 52643.7712735028
0.00000000447 4.62889752225 76144.94556434419
0.00000000393 0.20924522982 78477.00852016058
0.00000000337 0.17003651408 79852.78232000639
0.00000000423 1.38576321047 46848.3301747656
0.00000000328 5.12139261865 72936.23331633979
0.00000000356 6.07425645036 48835.19385644859
0.00000000335 2.06671111251 18207.81398823521
0.00000000316 4.36448926663 76044.9523205358
0.00000000403 5.17867896855 131395.11544947959
0.00000000368 5.56337901283 25565.3257234804
0.00000000417 1.80274920701 71492.99882347698
0.00000000299 4.63500144403 25973.46385288896
0.00000000297 1.02156805675 26202.34243025941
0.00000000295 2.68493144932 103.0927742186
0.00000000411 0.25560489631 1596.1864422846
0.00000000285 1.16807752441 52182.4348420484
0.00000000309 0.40904055994 74.7815985673
0.00000000372 1.49143639581 19406.6782881746
0.00000000293 4.67573472055 23969.1392811958
0.00000000303 4.97988934115 51707.84129279399
0.00000000287 2.94652251384 26164.1692128498
0.00000000370 3.57337038653 26162.6847401415
0.00000000321 0.05550391453 26610.48055966799
0.00000000324 6.13605453847 20760.4270331914
0.00000000267 6.27484488465 143961.26714946238
0.00000000282 2.62877155080 536.8045120954
0.00000000300 2.58633931300 224.3447957019
0.00000000366 5.76748576672 111590.28815789679
0.00000000258 5.37268509995 181555.94006083018
0.00000000343 2.03380599265 26013.1215430069
0.00000000273 1.10657254532 956.2891559706
0.00000000252 0.59000537549 25668.418497699
0.00000000244 4.83556134823 51756.3216392732
0.00000000285 4.30750157848 52169.17772424839
0.00000000321 1.57031879808 25771.5112719176
0.00000000320 4.08881851808 26404.2950112308
0.00000000237 0.47343036140 124156.43985787958
0.00000000305 3.88207196267 78270.82297172339
0.00000000277 1.42703926451 1162.4747044078
0.00000000274 5.58277756568 77211.44104153418
0.00000000279 2.68601229144 77197.21394753258
0.00000000259 4.47711002004 32769.1279949738
0.00000000229 0.93581945851 110.2063212194
0.00000000297 4.60046007507 2648.454825473
0.00000000218 4.72556155170 100909.03762133139
0.00000000277 4.66039961569 26507.38778544939
0.00000000212 0.53351044088 1478.8665740644
0.00000000220 0.21393446501 111122.32316754239
0.00000000213 0.60035314724 16066.0658614748
0.00000000212 3.53403079789 42153.969003049
0.00000000208 2.11083387325 146314.13330323418
0.00000000230 5.88454220643 141762.17980617538
0.00000000241 4.57150130406 150866.08680029298
0.00000000210 0.69225590128 183724.70054311278
0.00000000279 2.23082630295 78114.14622758799
0.00000000211 1.74747254431 130969.20667296558
0.00000000243 1.23801467525 11610.5519583742
0.00000000265 2.55781243216 39743.7636327506
0.00000000222 0.56159148263 81706.28436968799
0.00000000197 2.60291082834 52815.7035694624
0.00000000247 0.88342639891 71582.48457132299
0.00000000244 2.23408992933 51742.09454527159
0.00000000202 2.33370581573 25881.717593137
0.00000000196 3.28084664215 26294.08869001139
0.00000000177 1.97797395237 14477.35118320
0.00000000207 5.81290429105 1375.7737998458
0.00000000220 1.08810755857 7880.08915333899
0.00000000174 3.31130146787 339142.74084046457
0.00000000169 4.11217724456 106570.36967048359
0.00000000184 6.12955693514 129483.91596626239
0.00000000172 0.97217516384 51543.0225438352
0.00000000185 2.73333187819 103711.71527998279
0.00000000192 3.25987344029 50483.640613646
0.00000000191 5.22978475164 155997.72788435058
0.00000000196 5.36844580786 121335.60871375339
0.00000000149 3.30525660286 33967.99229491319
0.00000000152 2.53081717814 78109.93061423779
0.00000000167 3.75899797460 467.9649903544
0.00000000153 1.95502612633 44181.27784112419
0.00000000155 3.25656297117 188276.65404017158
0.00000000178 5.74884343681 131498.89763806018
0.00000000158 2.94930459323 61279.713277266
0.00000000205 3.72849237219 51322.60990139639
0.00000000159 5.67523653240 70269.18098269838
0.00000000142 3.09515542757 50593.84693486539
0.00000000148 4.64350567688 104331.94280539699
0.00000000152 5.28423765869 52101.02468458109
0.00000000158 2.76578351678 78417.48823520739
0.00000000173 5.18821469013 26624.70765366959
0.00000000139 2.47064593676 52278.89905736699
0.00000000162 0.92049935752 25780.3455206046
0.00000000159 4.73827541063 26395.46076254379
0.00000000150 4.09326692088 23888.81579828719
0.00000000149 0.46707747400 104371.28232719658
0.00000000130 4.64320618121 22759.76748529401
0.00000000125 1.65138113985 66653.15746634839
0.00000000127 3.92908708947 54294.57014352679
0.00000000139 3.82303818931 52808.59002246159
0.00000000133 1.43643107625 102232.84870591838
0.00000000170 2.57893150930 78187.44335344699
0.00000000119 1.41360479766 178063.36849396059
0.00000000121 3.91397388740 181505.94343892598
0.00000000149 2.93978448379 13362.4497067992
0.00000000122 2.54446157327 52072.71350892979
0.00000000139 5.71941525592 97112.93697469679
0.00000000115 4.07185769679 104344.49901929598
0.00000000117 1.54182773466 110634.68841628819
0.00000000127 0.21479421217 26521.614879451
0.00000000112 1.81733872734 154938.34595416138
0.00000000111 0.50939039069 18093.37469954999
0.00000000113 0.81015998025 25754.0472008048
0.00000000108 5.76941118774 25448.00585526019
0.00000000146 0.58342798299 60055.89543648739
0.00000000108 2.35657716458 24176.703658357
0.00000000110 4.84051151993 26421.7590823436
0.00000000104 0.13113326845 68241.87214462319
0.00000000145 1.30876998592 316.3918696566
0.00000000104 1.75849927543 156100.82065856918
0.00000000110 5.00176300515 116917.76426627958
0.00000000121 1.57094829203 28286.9904848612
0.00000000143 0.64505147056 25551.09862947879
0.00000000141 5.41856442991 50579.61984086379
0.00000000101 4.14115345148 26198.1094627936
0.00000000100 5.46137709146 25035.6347583858
0.00000000101 2.84451540031 74923.09699802278
0.00000000109 3.14296852629 51639.00177105299
0.00000000096 5.13699115630 323.5054166574
0.00000000100 3.26577605891 104564.91166173479
0.00000000132 2.63118128725 647.0108333148
0.00000000120 0.30678874176 134991.46920492979
0.00000000098 0.40293133382 31415.379249957
0.00000000110 0.16237016300 24356.7807886416
0.00000000127 4.13213704562 104138.31347085879
0.00000000103 5.28415599079 55516.4187098482
0.00000000097 3.48076257184 742.9900605326
0.00000000093 5.06100768596 52125.80966124419
0.00000000090 3.88628119026 54509.0026760204
0.00000000102 1.76819684789 104355.49390165479
0.00000000092 0.93585280841 29416.03879785439
0.00000000099 3.05816380866 51951.46148744649
0.00000000101 5.00210914828 26941.0995233262
0.00000000093 5.47802579149 27780.06881107659
0.00000000092 5.92381365319 140652.80125408198
0.00000000101 0.37463492787 52250.5878817157
0.00000000110 1.19226098509 49527.35145767539
0.00000000106 1.95430653957 157483.01859105378
0.00000000085 0.07491193588 52325.36948028299
0.00000000088 5.23856931735 36109.7404216736
0.00000000092 4.54873108884 51219.51712717779
0.00000000099 4.86416581345 97580.90196505119
0.00000000096 5.49023224946 27819.0254945068
0.00000000083 3.06701367899 53228.07466633679
0.00000000086 4.71420290052 52065.59996192899
0.00000000100 0.37157933173 52225.8029050526
0.00000000102 5.36307297883 119116.85160956658
0.00000000086 3.22100292543 104778.21075717278
0.00000000080 3.16723228694 27999.1026247914
0.00000000082 3.52865654881 78731.674415077
0.00000000091 6.01617993088 12725.453434775
0.00000000079 3.22192807282 40565.2543247742
0.00000000091 4.58356981907 51859.41441349179
0.00000000078 5.89716715733 53242.3017603384
0.00000000076 1.13153106088 102132.85546210999
0.00000000079 3.22173800911 105940.68546158058
0.00000000093 2.96543716449 2221.856634597
0.00000000090 4.23026579034 51013.33157874059
0.00000000089 0.85475471665 1911.1994832172
0.00000000075 4.78657001260 3328.13565628019
0.00000000089 2.51053764331 137678.19129947099
0.00000000073 5.12605342426 50696.93970908399
0.00000000102 3.34060456120 104347.73123093879
0.00000000072 3.05203065820 170049.17029103659
0.00000000088 0.84909576958 52492.19815280499
0.00000000078 5.73315772437 103285.11708910679
0.00000000076 2.77567349877 25021.4076643842
0.00000000074 1.54799312825 52595.29092702359
0.00000000075 1.65964856775 77844.22478084739
0.00000000076 5.29592084579 25953.79409198919
0.00000000093 3.12123076178 52698.38370124219
0.00000000071 1.81949696208 99024.13645791399
0.00000000069 5.67393312508 27669.86248985719
0.00000000082 4.53867872623 8194.2753332086
0.00000000070 3.97459919519 24998.19435038059
0.00000000073 0.37194429847 26222.0121911592
0.00000000066 4.21010251137 78270.33798362259
0.00000000075 0.63857154574 104358.72611329758
0.00000000068 1.33087179491 25977.69682035479
0.00000000065 5.87150671106 12546.481939083
0.00000000068 2.13534804773 207643.84320240439
0.00000000073 3.92326982541 97670.38771289718
0.00000000083 0.67057706395 522.5774180938
0.00000000077 5.28001515588 104202.04936916218
0.00000000080 5.28926332171 77829.99768684579
0.00000000068 2.82878970797 2111.6503133776
0.00000000079 3.79946681872 25446.4895798352
0.00000000062 3.49840489113 150244.34299945379
0.00000000070 3.33224029594 27684.0895838588
0.00000000060 4.35892959809 846.0828347512
0.00000000072 6.12464480054 50800.03248330259
0.00000000063 1.68487980742 27177.6119327678
0.00000000070 4.93912259682 17893.6278083656
0.00000000062 4.07249777023 52290.24557183361
0.00000000059 1.39971005804 52061.36699446317
0.00000000074 1.85368417401 26729.31670331319
0.00000000059 5.00188297268 220.4126424388
0.00000000067 1.68143884967 2008.557539159
0.00000000078 5.50238014696 26086.4186688659
0.00000000077 2.35428024909 103299.34418310839
0.00000000077 0.15680563848 26089.38761428249
0.00000000058 2.64366803071 167850.08294774959
0.00000000056 3.75317204098 209812.60368468695
0.00000000058 1.54141936736 25508.2155545754
0.00000000055 5.11846973847 44295.7171298094
0.00000000074 5.40235174363 90695.75207512038
0.00000000056 5.41213842126 22625.658435709
0.00000000058 5.00595087071 24448.8336243862
0.00000000066 1.74137162401 77795.74443436819
0.00000000060 3.25440342504 137210.22630911658
0.00000000053 6.01392123943 52252.07235442399
0.00000000055 5.16128806691 172402.03644480839
0.00000000063 0.49748028885 77410.51304297059
0.00000000055 3.60654464612 107794.18751126219
0.00000000067 1.36610006933 19.66976089979
0.00000000054 4.25219663118 60370.08161635699
0.00000000062 3.70491161314 949.1756089698
0.00000000072 1.66730834668 2199.087343287
0.00000000070 4.72694535646 24864.08530079559
0.00000000054 0.83991353377 25938.3399444396
0.00000000052 5.67389658184 26312.2479372761
0.00000000051 4.20616611062 55503.94193942859
0.00000000051 1.38932880278 126996.94076290558
0.00000000057 5.00882179696 38.1330356378
0.00000000052 4.12665298549 26667.590728573
0.00000000061 2.99099061629 38813.3565763492
0.00000000050 1.22898875729 58857.03113654799
0.00000000049 5.77137528617 129799.61842155698
0.00000000055 4.77668766562 157057.10981453978
0.00000000066 1.07578161516 78257.08086582259
0.00000000047 5.68018085277 51969.62073471119
0.00000000050 0.62769089958 27726.9726587622
0.00000000047 6.07590356304 76681.75007643958
0.00000000064 0.02610133525 76571.54375522019
0.00000000048 3.85151205518 77630.92568540938
0.00000000047 4.16677363723 27044.1922975448
0.00000000047 2.89523133719 155571.81910783658
0.00000000054 5.79169304973 23919.1426592916
0.00000000063 0.92748869514 27311.72098235281
0.00000000046 0.24060913723 29550.14784743939
0.00000000051 1.39209045161 28736.3579670472
0.00000000062 1.33564279040 176953.98994186718
0.00000000053 0.23746311564 27037.07875054399
0.00000000043 5.65844331747 78903.60671103658
0.00000000053 0.29722112114 54087.0057663656
0.00000000043 4.35653510451 1272.6810256272
0.00000000050 3.33106077360 1.4844727083
0.00000000043 3.66662961756 16703.062133499
0.00000000042 2.03378131455 1485.9801210652
0.00000000042 2.08219460796 78188.92782615528
0.00000000053 2.13789461791 147423.51185532758
0.00000000048 5.60385784254 65831.6667743248
0.00000000041 6.24695538371 206.1855484372
0.00000000048 5.45683494266 25138.7275326044
0.00000000053 0.12507223621 52381.99183158559
0.00000000041 3.35871947817 1795.258443721
0.00000000049 5.16281052467 26709.6469424134
0.00000000040 0.81354779862 132658.27281205778
0.00000000054 0.20680001648 153.7788104848
0.00000000048 0.50977666152 25466.159340735
0.00000000047 2.16892174570 76667.52298243798
0.00000000040 1.64818311544 26823.77965510599
0.00000000044 0.08844410692 365230.64398203876
0.00000000049 1.91714086006 75930.51303185058
0.00000000040 4.01884342217 25352.02662804239
0.00000000046 5.62653039055 104275.34649502118
0.00000000044 0.03463265500 214364.55718174578
0.00000000044 1.85079090927 52712.61079524379
0.00000000051 1.98801868265 182085.63102592478
0.00000000044 6.15351278676 28256.66362385679
0.00000000038 5.81365212706 104505.39137678158
0.00000000043 5.33420928917 25867.49049913539
0.00000000037 5.57899251145 104197.83375581198
0.00000000042 5.19722521758 25169.9728555924
0.00000000038 3.94772947506 26102.1302355758
0.00000000038 3.51956196186 130459.18546877075
0.00000000036 4.54511004825 128320.75184749259
0.00000000037 3.02198266683 26118.2300025786
0.00000000041 1.79637344087 1265.5674786264
0.00000000037 1.67070947391 24203.0019781568
0.00000000036 2.65041173436 26057.57628056979
0.00000000038 1.66427845773 26402.0893214438
0.00000000038 5.13531782692 9384.8410080752
0.00000000039 0.46607609112 27005.83342755599
0.00000000039 5.40354793843 151.0476698429
0.00000000037 5.42747720341 78366.80219894118
0.00000000037 4.00811594346 25773.71696170459
0.00000000034 3.56462720934 27566.76971563859
0.00000000045 0.79959361589 2125.8774073792
0.00000000035 0.56576540054 78896.49316403578
0.00000000034 1.75287834063 26073.67604757259
0.00000000038 1.41911789835 130419.8459469712
0.00000000044 2.53375250429 157586.80077963437
0.00000000034 3.67701355195 25985.94062330859
0.00000000033 0.53966934587 51852.30086649099
0.00000000035 4.00506060972 27972.80430499159
0.00000000035 2.61916970082 27463.67694142
0.00000000033 1.99538084924 26189.8656598398
0.00000000032 0.69003641909 207593.84658050018
0.00000000040 4.40927057090 148.0787244263
0.00000000035 3.16175106244 51653.22886505459
0.00000000034 3.96853644086 51868.2486621788
0.00000000038 5.50377225938 64901.25971792339
0.00000000043 3.02087771501 51528.79544983359
0.00000000036 0.94812382604 130226.21661243298
0.00000000042 0.56126000400 26308.315784013
0.00000000031 5.57428335318 78160.61665050399
0.00000000032 4.46013138626 204151.27163553478
0.00000000032 2.18005598447 51432.81622261579
0.00000000030 0.82681675219 130432.40216087017
0.00000000030 2.78120590799 116783.65521669458
0.00000000032 1.19634441527 26011.6370702986
0.00000000030 4.81616957225 182188.72380014337
0.00000000030 4.58762516085 49842.60989027639
0.00000000029 4.88576757444 181026.24909573558
0.00000000031 4.17809672541 26083.97098831109
0.00000000029 4.00562317628 23439.44831610119
0.00000000030 3.25773726286 94329.77528619739
0.00000000028 0.70524581752 80382.47328510099
0.00000000029 4.41924870429 114.3991069134
0.00000000030 0.97454681171 77101.23472031478
0.00000000031 3.62133003349 13541.42120249119
0.00000000027 5.91976429127 101011.00013959699
0.00000000037 4.29084367097 37698.4550999484
0.00000000029 1.50978551760 26091.83529483729
0.00000000027 1.62628759375 52509.6622239178
0.00000000027 0.05278402845 130652.81480330898
0.00000000028 4.62722813500 54374.8936264354
0.00000000034 1.33764060023 77307.42026875199
0.00000000028 5.03737783889 183570.92173262799
0.00000000026 5.99681746879 26049.7701059364
0.00000000030 0.32859851834 24395.7374720718
0.00000000034 1.25342876252 22003.9146348698
0.00000000033 6.20284454959 77726.90491262719
0.00000000029 4.59659721132 136722.59155786238
0.00000000035 1.49684301877 52483.36390411799
0.00000000033 2.75649306165 49953.94964855139
0.00000000026 1.90176515926 76784.84285065818
0.00000000031 6.01278123151 87367.61641884019
0.00000000034 0.00576676128 1905.4647649404
0.00000000029 2.06052680441 51226.63067417859
0.00000000028 5.93842433817 34282.1784747828
0.00000000032 3.35937950567 161079.37234650398
0.00000000031 4.07910584606 75615.25459924959
0.00000000033 6.12422500331 78039.36462902068
0.00000000027 0.91518492018 1223.81784077861
0.00000000033 2.48498925172 123200.84011627098
0.00000000029 0.08978768557 26575.53789282839
0.00000000025 3.43998049238 78338.49102328988
0.00000000024 2.66945427931 24824.745778996
0.00000000024 3.24564642216 1045.1548361876
0.00000000029 5.58510707424 25600.26839032
0.00000000027 0.73776364996 27170.98337386779
0.00000000027 4.92586138125 25004.8229092806
0.00000000026 5.97260588863 39450.3528483734
0.00000000023 3.00242836566 27351.06050415239
0.00000000024 2.49215995784 129373.02023068098
0.00000000025 2.88697470245 50064.15596977079
0.00000000025 5.00115643159 299.1263942692
0.00000000027 1.76553297822 143005.66740785378
0.00000000023 3.27216589351 52609.51802102519
0.00000000027 1.29818173739 24072.9214697764
0.00000000028 3.14979814758 65717.22748563958
0.00000000024 0.97156468917 52286.01260436779
0.00000000030 4.42414087291 30171.8916482786
0.00000000025 1.41122590276 48847.6706268682
0.00000000029 4.64941810533 3.9321532631
0.00000000026 1.50614892755 78153.50310350319
0.00000000023 1.32747738833 77947.31755506598
0.00000000023 1.63079770877 123668.80510662538
0.00000000030 2.27056118316 53906.92863608099
0.00000000022 1.83245731848 78213.71280281838
0.00000000025 5.93871501925 26724.8994135984
0.00000000025 6.00809531914 25450.90686955
0.00000000022 5.41897797101 50264.6067999312
0.00000000030 2.89300380445 1731.1223529326
0.00000000029 6.26467372784 6129.2970395066
0.00000000022 3.40134712578 6885.14988993081
0.00000000026 4.37859274213 28102.884813372
0.00000000024 6.19145581405 78786.28684281638
0.00000000025 0.11282707964 130435.63437251298
0.00000000022 3.21335876929 50444.6839302158
0.00000000021 0.94006911216 51955.39364070959
0.00000000022 3.51848051148 103498.41618454478
0.00000000021 2.37348270979 35472.7441496494
0.00000000023 2.05327785040 103917.90082841998
0.00000000023 4.96709654012 16342.5825857176
0.00000000025 2.29706808754 52174.32181044009
0.00000000022 3.88895575058 78580.10129437919
0.00000000022 0.65838685946 80596.9058175946
0.00000000024 3.86546209537 51841.950342379
0.00000000029 1.62800102685 14.2270940016
0.00000000023 5.40491354928 129387.24732468258
0.00000000020 1.31076853893 51329.7234483972
0.00000000025 2.01244999882 81604.32185142238
0.00000000021 3.01395405474 1063.3140834523
0.00000000021 0.67741466251 123758.29085447139
0.00000000027 2.90106794933 76887.93562487679
0.00000000023 3.97874341983 3462.2447058652
0.00000000020 1.71776764968 1089.7087911936
0.00000000022 2.28317396212 24491.71669928959
0.00000000021 5.53325591048 163766.09444104518
0.00000000022 3.98134921024 50167.24874398939
0.00000000020 5.13525290875 735.8765135318
0.00000000021 2.05459082055 130289.95251073639
0.00000000020 6.09945384418 196137.07343261078
0.00000000023 2.69768658787 166740.70439565618
0.00000000021 0.61205369640 96357.08412427259
0.00000000022 0.06669236593 26126.036177212
0.00000000022 5.71636060779 26734.913974889
0.00000000019 4.66884897067 78683.19406859778
0.00000000024 2.12828546843 145204.75475114079
0.00000000023 4.84049690148 27223.5800134674
0.00000000019 3.69323819425 130446.62925487179
0.00000000024 3.04675754545 52177.29075585669
0.00000000018 0.72295496626 112231.70171963578
0.00000000024 4.23773296616 24925.4284371664
0.00000000025 4.82366657336 130443.39704322898
0.00000000020 5.54482262721 39629.32434406539
0.00000000022 0.83649888960 24952.226269681
0.00000000019 6.21298740233 24505.94379329119
0.00000000020 0.30552664552 104819.57755665119
0.00000000019 6.23315092064 26248.310510959
0.00000000019 5.71365941775 25927.49577218939
0.00000000018 4.18931740994 128220.75860368418
0.00000000020 5.93600662958 25907.8260112896
0.00000000020 6.01080370881 26267.9802718588
0.00000000019 4.93432108959 52817.21984488739
0.00000000018 1.78785742512 53029.0026649004
0.00000000018 1.87891344947 26411.4085582316
0.00000000022 4.75001386674 103932.12792242158
0.00000000018 4.90666145829 27573.1938482774
0.00000000021 6.27990297281 130866.11389874699
0.00000000025 3.36120084514 78313.70604662679
0.00000000018 0.81718560103 52137.67324751059
0.00000000020 5.18305639217 233731.74634397858
0.00000000020 0.38279809837 12412.372889498
0.00000000018 3.15536708233 78413.27262185719
0.00000000017 2.29182997194 53867.97195265079
0.00000000019 3.08463122927 102659.44689679438
0.00000000017 0.77039059907 24602.61243487099
0.00000000019 6.28210678104 132028.58860315479
0.00000000016 2.69293004860 79330.20490191258
0.00000000018 6.15816966745 79315.97780791098
0.00000000016 2.78510813583 92741.06060792258
0.00000000019 2.01731902987 86143.79857806159
0.00000000016 1.31341405081 50903.1252575212
0.00000000016 2.44368919495 3.881335358
0.00000000016 3.65774554265 50689.82616208319
0.00000000016 6.10122094573 28309.75977617119
0.00000000016 4.26178376234 6044.2285813754
0.00000000015 2.51967305706 155887.52156313117
0.00000000022 6.08458810680 1055.4497769261
0.00000000021 5.13080043101 3178.1457905676
0.00000000017 3.32835182606 55638.05098901359
0.00000000016 0.98987078340 104358.2411251968
0.00000000015 0.52512621542 235900.50682626116
0.00000000016 0.28898343422 176332.24614102798
0.00000000015 3.42730813171 52309.9153327334
0.00000000017 4.88375242853 125112.03959948818
0.00000000016 1.99816798814 62197.64356324779
0.00000000016 4.51457964099 61560.64729122359
0.00000000018 4.94346053652 50049.92887576919
0.00000000015 2.61658139005 50007.0458008658
0.00000000015 0.06610754830 26830.8932021068
0.00000000014 0.38206454808 133882.09065283638
0.00000000015 5.28887949143 102755.42612401219
0.00000000015 2.92331490635 102769.65321801379
0.00000000014 5.66688710771 193937.98608932378
0.00000000016 1.91576514422 77.7505439839
0.00000000016 4.13091799370 104344.98400739678
0.00000000014 1.95123243708 26247.2048763664
0.00000000014 3.71239259413 25928.601406782
0.00000000015 5.21246865831 173511.41499690177
0.00000000013 2.28227257639 50380.54783942739
0.00000000016 3.86619726000 50910.238804522
0.00000000014 5.78969562755 1169.5882514086
0.00000000014 4.35629855542 153084.84390447979
0.00000000016 3.71527476533 53814.87580033639
0.00000000014 0.41808098652 25234.70675982219
0.00000000014 4.45337551699 78149.27013603736
0.00000000016 4.39060666970 203041.89308344138
0.00000000015 6.07885192222 77616.69859140778
0.00000000013 4.95992660397 25654.19140369739
0.00000000014 4.39150540314 52161.57918914679
0.00000000014 0.84211332161 78378.14871340781
0.00000000014 0.69241893678 35833.2236974308
0.00000000014 3.21771971652 26076.8574413103
0.00000000014 2.44590531469 26098.9488418381
0.00000000016 0.56654525193 51534.3927214094
0.00000000014 4.45033215443 20043.6745601988
0.00000000014 1.93515798949 198489.93958638258
0.00000000013 0.54283839653 103718.82882698359
0.00000000016 4.43529118981 1639.069517188
0.00000000012 5.66254865130 122444.98726584678
0.00000000016 6.03889434600 34082.4315835984
0.00000000012 1.26244334627 25984.1209529936
0.00000000012 4.40118168494 26191.68533015479
0.00000000014 4.74015829600 53265.515074342
0.00000000012 5.94982180077 181659.72224941078
0.00000000014 3.98129674269 53399.624123927
0.00000000012 0.13991027783 53771.99272543299
0.00000000012 1.72516185425 43981.5309499398
0.00000000012 5.92386757303 28199.55345495179
0.00000000012 4.59110069577 51596.1186961496
0.00000000013 0.25880243151 52024.75861330549
0.00000000011 4.64769916430 52911.68279668019
0.00000000011 1.89863893326 70383.6202713836
0.00000000015 4.79472245666 103883.64757594238
0.00000000014 4.32477700221 27250.37784598199
0.00000000013 5.01690772702 208173.53416749898
0.00000000015 0.03679463460 163298.12945069079
0.00000000011 2.17975116288 48713.5615772832
0.00000000014 1.00856446032 52755.49387014719
0.00000000014 2.05272684647 52041.69723356339
0.00000000012 2.40230884933 130363.24963659538
0.00000000011 5.14348161985 104276.83096772949
0.00000000015 5.02019535476 86457.98475793119
0.00000000013 1.25530162701 52027.72755872209
0.00000000013 3.20863649406 78469.89497315978
0.00000000011 3.18070767588 57503.2823915312
0.00000000014 1.85655805059 860.3099287528
0.00000000011 2.30875109886 333.8559407694
0.00000000011 1.25057869011 20894.5360827764
0.00000000012 0.71489552500 51439.92976961659
0.00000000012 4.22401388053 52179.73843641149
0.00000000012 5.79488724906 19958.6061020676
0.00000000011 5.64222354696 641.41356173899
0.00000000011 1.70452703232 50536.73676596039
0.00000000012 2.51294543080 53757.76563143139
0.00000000010 2.79700804590 78339.97549599818
0.00000000011 4.88405989087 78800.51393681798
0.00000000010 4.25860529638 84944.93427812219
0.00000000013 1.35336167125 11.0457002639
0.00000000012 6.06146445452 142871.55835826878
0.00000000014 1.53374794610 183145.01295611398
0.00000000010 3.55930973128 53093.73656913019
0.00000000010 1.32119540129 154408.65498906678
0.00000000014 2.93956277298 54344.56676543099
0.00000000011 2.53121281826 78057.52387628538
0.00000000012 1.32462443773 26149.62911631439
0.00000000012 4.33900059348 26026.177166834
0.00000000010 1.43862971027 25131.61398560359
0.00000000010 2.36278600509 91919.56991589899
0.00000000014 3.26945543294 53124.98189211819
0.00000000012 5.83805070397 76041.85279012559
0.00000000010 3.56286217757 77940.20400806518
0.00000000010 4.17334109977 6751.0408403458
0.00000000010 0.50269108150 28791.5192962498
0.00000000013 5.65469308747 50270.341518208
0.00000000011 5.25033320568 77520.71936418998
0.00000000011 5.27964044996 39763.43339365039
0.00000000010 0.66820373958 636.9962720242
0.00000000013 0.95208862336 25241.820306823
0.00000000009 2.58296270636 130593.29451835579
0.00000000009 1.93570258198 26513.8119180882
0.00000000009 3.72792244923 25661.9943650602
0.00000000013 0.90383542596 26014.60601571519
0.00000000013 4.75978960525 26161.20026743319
0.00000000010 3.06250530365 24712.1293417284
0.00000000010 2.43967897596 104991.50985261079
0.00000000010 1.24342292300 52061.40717623499
0.00000000011 5.57723740117 183674.70392120858
0.00000000009 5.98881741458 4371.8763667742
0.00000000010 5.16716938460 23384.2869868986
0.00000000009 2.37191444133 80174.90890793978
0.00000000012 3.47156983874 52396.2189255872
0.00000000013 5.95714865174 1073.6090241908
0.00000000009 3.96944968919 103189.13786188899
0.00000000009 0.21796861386 156547.08861034496
0.00000000009 2.34791148855 130285.73689738619
0.00000000009 3.61118357787 104984.39630560997
0.00000000011 3.38048420918 19367.1891622328
0.00000000009 2.34685033934 24609.0365675098
0.00000000009 5.69493908628 76152.05911134499
0.00000000009 0.74268878384 76255.15188556358
0.00000000009 4.41648492428 31281.270200372
0.00000000012 5.37243378655 1699.2792165032
0.00000000009 2.41712554824 51130.65144696079
0.00000000009 3.64428252561 158746.17595363196
0.00000000009 1.96969875107 52797.55008398759
0.00000000009 5.38585404056 24844.41553989579
0.00000000009 0.27777099065 27331.3907432526
0.00000000010 1.25786678282 230239.17477710896
0.00000000009 4.03973091884 156314.11975400719
0.00000000010 1.22710162921 4022.2625319642
0.00000000008 3.74557002417 91805.13062721379
0.00000000009 5.89077044915 23866.04650697719
0.00000000009 0.95857873027 114.43928868521
0.00000000008 2.65669489808 38634.3850806572
0.00000000011 5.69314298563 46046.5092436418
0.00000000009 0.74288994112 52190.03337714999
0.00000000011 2.58755823478 2538.2485042536
0.00000000010 3.10787144925 391318.54712361297
0.00000000009 0.81265678038 101703.15774082378
0.00000000010 0.76588647880 54060.70744656579
0.00000000009 2.54367312949 1685.0521225016
0.00000000010 3.69315427501 2168.7604822826
0.00000000009 2.36652271316 1485.2907067032
0.00000000008 2.14298858852 209658.82487420218
0.00000000009 3.83602212713 22595.33157470459
0.00000000008 2.74799294290 2324.9494088156
0.00000000008 3.42854022505 117893.03376878797
0.00000000009 0.89908538700 52171.87412988529
0.00000000008 2.16824028856 1574.8458012822
0.00000000008 0.66150337713 51876.67988887919
0.00000000010 3.52894049374 2751.5475996916
0.00000000011 4.78735190834 28096.46068073319
0.00000000008 2.16844090943 128106.31931499895
0.00000000008 0.74099606624 77956.15180375299
0.00000000008 2.46215429910 52400.1510788503
0.00000000008 2.46081725742 10681.2505365654
0.00000000008 4.46257369959 54824.2611086214
0.00000000010 3.07618265192 240452.46032331996
0.00000000008 0.55712719908 77741.13200662879
0.00000000008 0.42508106268 42790.9652750732
0.00000000008 4.70625369395 52489.992463018
0.00000000008 3.86744165099 156520.30530244438
0.00000000007 5.42400420261 26933.9859763254
0.00000000007 6.06395790305 52206.1331441528
0.00000000008 2.15800762997 17098.43543614181
0.00000000007 4.72158791300 50290.905119731
0.00000000010 4.49694993347 22065.64060961
0.00000000008 2.65028306976 51112.49219969609
0.00000000009 2.14235988572 104454.70534051539
0.00000000010 3.27818898040 440.8252848776
0.00000000008 5.30486076185 3308.4658953804
0.00000000007 1.10080961200 27360.58416720139
0.00000000008 0.11827657719 187167.27548807819
0.00000000009 4.39445007595 156507.74908854539
0.00000000007 0.74218080416 51086.09749195479
0.00000000008 0.44382848778 430.5303441391
0.00000000008 5.53615944362 149288.74325784518
0.00000000007 3.70441477670 233681.74972207438
0.00000000007 2.34002720858 104248.51979207818
0.00000000008 5.03600399329 77314.53381575279
0.00000000007 1.59729628741 29396.3690369546
0.00000000007 4.06632874380 22779.4372461938
0.00000000007 5.95614295602 26290.15653674829
0.00000000007 5.99066738237 25885.64974640009
0.00000000009 1.08053818223 49.9966219042
0.00000000007 3.03792135842 156740.71794488319
0.00000000010 3.37701481763 2703.6161546756
0.00000000009 1.51395746159 32132.1317229496
0.00000000008 4.55619991306 78571.26704569219
0.00000000007 3.14378763001 52663.44103440259
0.00000000008 4.91272317043 102872.74599223239
0.00000000007 4.34382102751 917.9302859818
0.00000000007 0.43580348099 52073.84376488279
0.00000000007 3.67619371722 149846.19399604558
0.00000000007 4.30856641724 77417.62658997139
0.00000000009 2.22375687747 90989.16285949759
0.00000000007 0.27683273956 81591.84508100279
0.00000000009 1.15427906487 56259.79478985279
0.00000000009 2.88360599168 18073.7049386502
0.00000000008 2.28353993312 32808.6171209156
0.00000000008 1.79224996176 207114.15223730978
0.00000000008 0.61620182924 48997.6604925808
0.00000000008 1.62443400895 579.6875869988
0.00000000007 2.91658615206 23267.071997448
0.00000000007 2.74703887915 28908.7342857004
0.00000000007 5.70115634056 52145.47942214399
0.00000000008 4.37383732921 103395.32341032618
0.00000000007 1.57841023127 208276.62694171758
0.00000000007 1.00187511506 8989.46770543239
0.00000000007 1.08260637181 63786.3582415226
0.00000000006 0.95564679710 53132.09543911899
0.00000000007 2.64514514998 127098.90328117118
0.00000000008 2.96149409416 103814.80805420138
0.00000000006 5.07797134858 27573.88326263939
0.00000000007 5.91191228675 102975.83876645098
0.00000000008 2.98617051725 102018.41617342478
0.00000000007 1.96863702347 45290.65639321759
0.00000000006 3.83307059240 28774.6252361154
0.00000000006 1.83055443881 23401.181047033
0.00000000006 1.38930109810 80462.79676800959
0.00000000006 0.67582514582 106262.81204951399
0.00000000008 1.96535036231 51257.8759971666
0.00000000006 3.61870647781 23704.71012679799
0.00000000006 2.04491855340 28471.0961563504
0.00000000007 1.61837202878 53311.4831550416
0.00000000007 5.53291690668 1802.3719907218
0.00000000007 5.32851714437 79994.83177765518
0.00000000009 1.73174499580 2014.9816717978
0.00000000007 5.04612545544 52277.768801414
0.00000000006 6.06855779639 53438.96364572659
0.00000000007 1.80593240016 29580.4747084438
0.00000000007 3.67914527744 27388.72995977919
0.00000000007 1.98447975377 24787.0763233692
0.00000000006 3.77150246945 106470.37642667518
0.00000000006 6.11601315825 191.4482661116
0.00000000007 2.88869753965 104127.26777059489
0.00000000006 2.29442353801 1135.6768718932
0.00000000007 0.34091991598 27623.8798845436
0.00000000007 5.32270511523 24551.92639860479
0.00000000008 0.77567524248 51861.62010327879
0.00000000007 4.55467358235 107679.74822257696
0.00000000008 3.58552572007 51554.06248230919
0.00000000007 2.84651949085 52213.9393187862
0.00000000008 1.66020848442 4083.9885067044
0.00000000007 5.58797516267 25572.43927048119
0.00000000007 0.07564986854 26603.3670126672
0.00000000007 5.38412095716 415.5524906121
0.00000000006 1.24514352941 2686.7220945412
0.00000000008 1.12257158980 54190.78795494619
0.00000000007 4.30357149579 48091.817776444
0.00000000006 3.84286985257 78043.29678228378
0.00000000007 4.29733971410 2974.609954611
0.00000000006 1.70009289223 53661.0969898516
0.00000000006 0.21405293391 104426.39416486409
0.00000000006 5.31095660951 26.2983197998
0.00000000006 0.26081525757 27883.16158529519
0.00000000006 3.09307209285 156523.53751408719
0.00000000006 1.52479776631 225.8292684102
0.00000000008 0.22164311055 120417.67842777158
0.00000000008 5.86283230643 51120.35650622229
0.00000000007 1.41502656935 1884.9011634174
0.00000000006 4.68109524986 149756.70824819959
0.00000000008 3.80478888311 53258.88651544199
0.00000000006 5.07032980124 130005.80396999417
0.00000000007 1.36856874001 162810.49469943657
0.00000000006 2.21234472657 27441.651886591
0.00000000006 3.45128030464 24734.1543965574
0.00000000008 3.49263998453 422.6660376129
0.00000000006 5.52344781030 155460.92337225519
0.00000000006 4.38638116269 50160.82461135059
0.00000000006 5.35041562795 78262.22495201428
0.00000000006 3.67662399741 222.8603229936
0.00000000006 3.76321444127 78225.57638908479
0.00000000007 1.16300487672 30110.1656735384
0.00000000006 4.67707783228 78597.56536549199
0.00000000006 2.87078629973 95.9792272178
0.00000000006 5.36576953243 76468.45098100159
0.00000000006 0.44311785186 76777.72930365738
0.00000000005 3.48830916279 58220.0348645238
0.00000000006 5.17863319897 171292.65789271498
0.00000000006 4.20102757189 29864.334027309
0.00000000006 1.46259745932 22311.4722558394
0.00000000006 4.38694980798 76991.02839909539
0.00000000005 0.68949263605 27410.5807891056
0.00000000005 4.97413239516 24765.2254940428
0.00000000006 1.69366740663 51092.7260508548
0.00000000007 2.78056963159 34102.10134449819
0.00000000007 1.77574194617 151199.94274106238
0.00000000006 5.55737889155 31903.01400121119
0.00000000006 0.10624613966 20272.7922819372
0.00000000006 2.86083846875 104874.18998439058
0.00000000005 2.16795888097 155475.15046625677
0.00000000005 6.14116962879 128747.35003836859
0.00000000005 5.05100044910 26500.27423844859
0.00000000005 0.61262458211 25675.5320446998
0.00000000006 2.15084946795 3492.5715668696
0.00000000007 2.65435909947 13675.5302520762
0.00000000005 5.69197138572 53551.5800829942
0.00000000006 1.72837394563 76137.83201734339
0.00000000005 0.34624525970 60170.3347251726
0.00000000005 1.93171690707 5193.3670587978
0.00000000005 6.05655614068 27353.47062020059
0.00000000007 4.37521324748 9745.3205558566
0.00000000005 2.02517578450 628.8515860501
0.00000000007 4.81829524389 169093.57054942798
0.00000000005 0.20090403597 9123.5767550174
0.00000000006 4.84978213740 25462.2329492618
0.00000000006 0.81384289381 26713.57333388659
0.00000000007 2.97463476206 2641.3412784722
0.00000000007 4.23604941684 1577.3435424478
0.00000000005 2.70097411082 52812.8025551726
0.00000000006 1.52077024889 156531.30018480319
0.00000000005 1.19912051467 26235.9818660005
0.00000000005 5.77803835359 71378.55953479178
0.00000000007 4.47073325724 1083.0802322936
0.00000000005 4.73755202618 26034.8069892598
0.00000000005 0.92607300503 26140.99929388859
0.00000000006 3.87149168929 28213.78054895339
0.00000000005 0.44047672764 1243.4876016784
0.00000000006 4.83520525387 437.6438911399
0.00000000005 4.36934946235 104035.22069664019
0.00000000005 3.74810256898 52098.05573916449
0.00000000005 2.74132817040 65538.25598994759
0.00000000005 4.88320109198 104301.61594439259
0.00000000005 0.04883294047 78697.42116259939
0.00000000006 5.21822734458 621.7438008392
0.00000000005 0.11277607968 104401.60918820098
0.00000000005 0.32519606443 53654.67285721279
0.00000000005 6.14333001424 51006.21803173979
0.00000000006 4.56143654817 104241.40624507738
0.00000000005 0.65495415751 104668.00443595338
0.00000000004 6.26437463075 76532.58707178998
0.00000000005 5.16993727796 23389.451694197
0.00000000005 0.49368775325 28786.3545889514
0.00000000004 1.13517998278 31775.5335105262
0.00000000004 4.52844504843 20400.2727726222
0.00000000005 4.46403422032 112545.88789950538
0.00000000005 6.09620933760 78265.19389743089
0.00000000006 2.35286352659 51688.1715318942
0.00000000005 5.08976870339 25863.55834587229
0.00000000004 2.73813240429 35211.47989659159
0.00000000004 2.92549262692 16964.3263865568
0.00000000005 3.82552908418 487.6347512542
0.00000000004 1.08485860111 27039.97976483379
0.00000000004 4.57876643010 25135.8265183146
0.00000000005 4.59959229753 25778.62481891839
0.00000000005 1.06403273368 26397.18146422999
0.00000000005 2.09930628583 189853.99758261938
0.00000000005 4.02283478855 78373.91574594198
0.00000000004 1.04243464310 19202.75325164339
0.00000000004 0.75081825828 263097.78851992876
0.00000000004 1.67917095725 33480.357543659
0.00000000004 3.98445407396 18695.4487394894
0.00000000005 0.60115238757 703.6331846174
0.00000000004 5.10698405361 156377.85565231058
0.00000000005 2.32798791782 2015.6710861598
0.00000000004 0.61980953649 76998.14194609619
0.00000000004 3.19010933277 1368.660252845
0.00000000004 0.12965867040 129586.31932611899
0.00000000004 1.49194500309 45424.76544280259
0.00000000004 5.39873919994 28928.40404660019
0.00000000004 0.26488583127 23247.4022365482
0.00000000004 2.35188051852 20452.8694122218
0.00000000004 3.31174451269 31722.9368709266
0.00000000004 2.30331784549 26238.95081141709
0.00000000004 2.77836300783 52355.883413433
0.00000000004 3.46342382133 51538.81001112419
0.00000000004 3.69944590805 32278.926155821
0.00000000004 1.96417912316 19896.8801273274
0.00000000004 6.03499106435 23976.2528281966
0.00000000004 1.70188026990 78905.12298646157
0.00000000004 1.66509444770 87648.55043279778
0.00000000004 4.41949123763 223180.57631579356
0.00000000004 3.00071021966 52336.2136525332
0.00000000004 5.68676014339 50912.6489205702
0.00000000004 1.96557859005 199599.31813847595
0.00000000005 5.12444942434 26090.8720869908
0.00000000005 0.53917560687 26084.93419615759
0.00000000004 3.34711834324 25923.46723098479
0.00000000004 2.31650668797 26252.33905216361
0.00000000005 1.46787228776 50951.98844236979
0.00000000005 0.84223070790 13705.8571130806
0.00000000005 4.82139432331 38469.94917006779
0.00000000005 4.69896171289 18227.483749135
0.00000000005 0.96466331832 33948.3225340134
0.00000000004 4.35820339713 74935.57376844239
0.00000000004 0.37589110708 26130.7862164776
0.00000000004 5.28773392413 26045.0200666708
0.00000000005 6.00635216618 51102.19725895759
0.00000000004 1.48479477953 104771.09721017198
0.00000000004 0.75542038962 61165.27398858079
0.00000000004 1.07035769632 24079.34560241519
0.00000000004 3.34025458568 18319.5365848796
0.00000000004 2.32337044553 33856.2696982688
0.00000000005 3.80744702100 51315.49635439559
0.00000000004 3.26438690958 159969.99379441059
0.00000000005 5.53495278972 24822.3356629478
0.00000000005 5.02554220823 107692.22499299659
0.00000000004 3.44129218830 73891.83305794839
0.00000000005 3.05069290377 49637.55777889479
0.00000000005 3.22665320828 35077.37084700659
0.00000000005 0.63333030208 77929.85348395319
0.00000000004 3.70617022011 106684.80895916879
0.00000000004 2.87321007380 25248.9338538238
0.00000000004 2.79041495741 26926.87242932459
0.00000000005 1.54666149626 130020.03106399579
0.00000000004 1.73965439817 42430.4857272918
0.00000000004 3.25018015096 130907.48069822539
0.00000000004 2.06353106693 76352.50994150538
0.00000000004 3.82039111865 50690.51557644519
0.00000000004 0.40278258619 27047.0260015318
0.00000000004 5.26084244502 25128.78028161659
0.00000000003 5.68912682186 76094.94894243999
0.00000000003 4.44502926835 25980.59783464459
0.00000000003 1.21859576286 26195.2084485038
0.00000000004 4.63561794007 52164.76058288449
0.00000000004 6.13459757306 118828.96374949679
0.00000000005 0.15089449096 45455.092303807
0.00000000004 2.55610884099 215941.90072419358
0.00000000004 5.41986884632 25991.92391435639
0.00000000004 0.24375618489 26183.88236879199
0.00000000004 4.35391878884 48153.54375118419
0.00000000004 0.44819649652 16496.3613962024
0.00000000004 5.21542853469 35679.44488694599
0.00000000004 4.59443055400 8044.5250639284
0.00000000005 1.35623327800 10059.5067357262
0.00000000004 1.91641090854 49424.25868345679
0.00000000004 3.88762025023 51040.1294112552
0.00000000004 2.46145540531 128843.32926558638
0.00000000004 5.39518200455 23336.3555418826
0.00000000003 3.16690823789 202.2533951741
0.00000000004 2.48121871677 52015.39891376359
0.00000000003 1.35017943249 23113.2931869632
0.00000000003 4.31344559872 29062.5130961852
0.00000000003 0.13992300676 25794.492357197
0.00000000003 5.52370202445 26381.3139259514
0.00000000004 1.99797546531 251775.12442162436
0.00000000004 0.78738841944 23543.23050468179
0.00000000004 4.87623661177 28632.5757784666
0.00000000003 2.34677335126 26279.35140768579
0.00000000003 3.31685167995 25896.4548754626
0.00000000004 4.17686572959 25998.4173937282
0.00000000004 1.48675930162 26177.38888942019
0.00000000003 2.83722079462 49850.85687433279
0.00000000004 6.14972721531 32217.2001810808
0.00000000004 0.04334468913 14235.5480781752
0.00000000004 5.62028034208 37940.25820497319
0.00000000003 3.19751497889 41494.55574658299
0.00000000004 3.72289178215 261988.40996783535
0.00000000004 3.03839569378 168959.46149984296
0.00000000004 2.70356592860 51995.7291528638
0.00000000003 0.89067609209 154308.66174525839
0.00000000003 5.65136861530 24292.64469785319
0.00000000003 0.19486754591 78397.81847430758
0.00000000003 3.22218438408 202420.14928260217
0.00000000004 1.13844882216 179172.74704605396
0.00000000003 4.85336780642 79116.90580647459
0.00000000003 2.26852923431 148532.89040742096
0.00000000004 2.92925215887 24182.4383766338
0.00000000003 1.82348628585 26114.201461374
0.00000000003 3.84013874536 26061.60482177439
0.00000000004 1.84151604889 23962.02573419499
0.00000000003 5.32480281715 47803.9299163742
0.00000000003 3.67756235555 99979.73619952259
0.00000000003 3.11077916313 27993.3679065146
0.00000000004 3.05439250241 156954.01704032118
0.00000000004 5.73212182199 192828.60753723037
0.00000000003 3.93077791188 130446.14426677099
0.00000000003 0.29895063711 25344.9130810416
0.00000000003 3.65489060162 25764.39772491679
0.00000000003 1.43670342990 23420.85080793279
0.00000000003 4.22692160131 28754.9554752156
0.00000000003 3.29097711242 22909.7573510066
0.00000000004 0.29131403040 50476.52706664519
0.00000000003 4.88894436553 133767.65136415116
0.00000000003 4.21457884017 52072.0240945678
0.00000000003 3.61792324623 77622.29586298359
0.00000000003 0.47995189315 52016.5045483562
0.00000000003 2.65810233456 273311.07406613971
0.00000000004 3.16714765573 25014.29411738339
0.00000000003 1.68763185836 25970.58327335399
0.00000000003 3.97599317285 26205.22300979439
0.00000000003 3.08446305860 54879.422437824
0.00000000004 5.27937253398 27511.4678735372
0.00000000004 0.38425249723 24664.3384096112
0.00000000003 2.30032754148 33917.99567300899
0.00000000003 3.36329748973 18257.8106101394
0.00000000004 3.76381458115 61921.12683900499
0.00000000003 2.88335625086 222224.97657418498
0.00000000003 1.15891911019 78249.48233072099
0.00000000003 5.96024730236 123554.36581794015
0.00000000004 3.05981714265 158116.49174472898
0.00000000003 1.88338582885 26387.0295358434
0.00000000003 5.82360005059 25440.89230825939
0.00000000003 5.04796024742 26983.9825982296
0.00000000003 0.61566478379 25191.8236849188
0.00000000003 0.74835060715 79487.52726550119
0.00000000003 1.69642678501 210921.98223678036
0.00000000003 0.50518757578 1263.15736257819
0.00000000003 3.11959949863 50490.75416064679
0.00000000003 2.27314510672 73.297125859
0.00000000003 4.69667538764 55484.27217852879
0.00000000003 1.39779381233 1382.8873468466
0.00000000003 3.55178169020 158438.61833266239
0.00000000003 1.10945585352 24601.92302050899
0.00000000003 0.76074196322 242985.40360737636
0.00000000003 0.70803012800 1471.7530270636
0.00000000003 4.72386292146 146505.58156934578
0.00000000003 5.04493378788 24510.5595991264
0.00000000003 0.61869124333 27665.246684022
0.00000000004 1.05779479813 25810.86814783279
0.00000000004 4.60583023308 26364.9381353156
0.00000000003 4.81672439155 229463.65216578495
0.00000000003 3.49736618564 50600.9604818662
0.00000000003 1.03986340949 185943.45764729957
0.00000000003 0.69061740155 15406.65260500879
0.00000000003 0.29778988754 179966.86716554638
0.00000000003 1.31624723631 26202.3022484876
0.00000000003 4.92485338063 24815.222115947
0.00000000003 0.60305414741 963.4027029714
0.00000000003 1.94033818226 203375.74902421077
0.00000000003 3.48095850628 2352.8661537718
0.00000000003 3.83630727282 289185.69166150296
0.00000000003 1.42673173544 29000.787121445
0.00000000003 4.23689329577 23175.01916170339
0.00000000003 2.74878005228 2820.8311441262
0.00000000003 1.35908128792 49201.1963285374
0.00000000002 6.25037565978 5019.9184874132
0.00000000003 2.38673232157 51734.98099827079
0.00000000003 2.84532132702 25914.45457018961
0.00000000003 2.81830370419 26261.35171295879
0.00000000003 5.82072785115 143164.96914264598
0.00000000002 2.01367500779 278972.40611529196
0.00000000003 5.22041687007 51745.27593900929
0.00000000002 3.03566163825 25554.28002321649
0.00000000002 2.62796339296 26621.52625993189
0.00000000003 5.20753478644 25530.4524033738
0.00000000003 0.45609024477 26645.3538797746
0.00000000003 5.03565808597 25626.5667101198
0.00000000003 0.62796694524 26549.23957302859
0.00000000003 5.34361577728 20956.2620575166
0.00000000003 0.32000925393 31219.5442256318
0.00000000003 4.44133523435 283524.35961235073
0.00000000002 4.58931827360 21202.093703746
0.00000000002 1.07430675761 30973.7125794024
0.00000000003 2.48443590939 76358.24465978218
0.00000000003 1.87893732728 543.9180590962
0.00000000002 1.40938866249 257436.45647077652
0.00000000003 0.83289676584 25361.421121704
0.00000000003 4.83072826537 26814.38516144439
0.00000000002 1.24497717708 57369.17334194619
0.00000000003 5.41525530380 52186.8519834123
0.00000000002 2.63620968801 31127.49138988719
0.00000000002 3.02741534320 21048.3148932612
0.00000000002 0.06083055027 152155.54248267098
0.00000000002 0.16837305460 27133.05797776179
0.00000000002 3.23690883920 267649.74201698754
0.00000000003 4.73128149211 21650.38893320061
0.00000000003 0.93234353910 30525.41734994779
0.00000000003 6.06730146110 128857.55635958798
0.00000000002 2.18169836096 29266.0489321418
0.00000000002 0.71621395615 5635.0337293524
0.00000000002 2.11602382972 138319.60486120995
0.00000000003 4.34402660372 53338.28098755619
0.00000000002 3.25230557265 102129.75593169978
0.00000000002 4.82283999680 5687.630368952
0.00000000003 3.82055258756 21716.02677480
0.00000000002 0.63318713248 54862.5283776896
0.00000000003 3.39676430082 24971.41104247999
0.00000000003 2.26686073039 27204.3952406684
0.00000000002 3.67279256888 143980.93691036216
0.00000000002 2.27453733075 220025.88923089796
0.00000000002 0.03187793840 67608.75720795698
0.00000000002 5.01817813007 26165.65368555809
0.00000000002 0.39913665768 241561.83887541336
0.00000000002 0.36962686584 236702.32775738496
0.00000000003 3.12809886294 206584.46127221518
0.00000000003 2.97200687644 189386.03259226495
0.00000000002 5.24239507145 180496.55813064099
0.00000000003 2.68824003168 27161.512165765
0.00000000003 0.86347662918 49976.71893986139
0.00000000002 6.12457483767 27151.21722502649
0.00000000003 1.61229350276 29050.7837433492
0.00000000003 4.05133152845 23125.0225397992
0.00000000002 3.42071639800 32973.05303150501
0.00000000002 1.57427839936 110395.84114767218
0.00000000002 0.64120353129 78484.12206716138
0.00000000002 0.13220595262 50373.43429242659
0.00000000003 2.58347515249 246113.79237247216
0.00000000002 0.46042924320 156534.53239644598
0.00000000003 6.01468501613 7768.3665566946
0.00000000003 4.30654322236 78115.63070029629
0.00000000002 0.28012264229 51760.25379253629
0.00000000003 3.05134920767 5815.11085963699
0.00000000003 0.35333837497 117.3198682202
0.00000000002 5.12603604161 30486.0778281482
0.00000000002 0.53758898960 21689.72845500019
0.00000000003 3.31169456914 78112.66175487968
0.00000000002 4.36572855791 1898.3512179396
0.00000000003 0.43348211086 134.109049585
0.00000000002 5.21277275820 235746.72801577636
0.00000000002 0.94406129311 26024.1672432708
0.00000000002 4.71956373811 26151.6390398776
0.00000000003 4.30724193035 42116.29954742219
0.00000000002 4.14095681447 216897.50046580215
0.00000000003 5.88207110188 25949.3856447035
0.00000000003 6.06473923651 26226.4206384449
0.00000000002 1.17081922558 249268.47945736776
0.00000000003 2.07303362426 65851.33653522459
0.00000000003 1.90326122005 26375.791001644
0.00000000003 3.76036381116 25800.0152815044
0.00000000002 3.55776839826 1593.0050485469
0.00000000003 3.79796015832 23581.2581773176
0.00000000003 1.86566487289 28594.5481058308
0.00000000002 3.33500745482 4525.655177259
0.00000000002 5.99627564723 247223.17092456557
0.00000000002 0.05141204952 97466.46267636596
0.00000000002 2.24548271996 425.908776514
0.00000000002 0.41829675041 1279.794572628
0.00000000003 4.22958660433 26051.25457864469
0.00000000003 1.43403842688 26124.55170450369
0.00000000002 5.48576882408 52367.25454925999
0.00000000002 4.14056597313 51949.9770147382
0.00000000002 2.55940503302 28133.2116743764
0.00000000002 3.10421999819 24042.59460877199
0.00000000003 2.17160326158 51753.14024553549
0.00000000003 6.15199422925 25632.99377504689
0.00000000003 5.79481610914 26542.81250810149
0.00000000002 3.97512757833 24999.2999849732
0.00000000002 1.68849745288 27176.50629817519
0.00000000002 1.16910623519 190495.41114435835
0.00000000002 5.12727920131 4398.17468657401
0.00000000002 2.91202347140 27143.35291850029
0.00000000002 3.03690554065 25024.58905812189
0.00000000002 5.82171148629 195047.36464141717
0.00000000002 2.34212792422 2854.6403739102
0.00000000002 1.51917223670 20618.0193585336
0.00000000002 4.14445279451 31557.78692461479
0.00000000002 1.98831285254 51952.94596015479
0.00000000002 6.21843289934 41520.8540663828
0.00000000002 1.57183044674 52249.10340900739
0.00000000002 3.38651380345 126067.63934109679
0.00000000002 4.71436622522 52202.1046029482
0.00000000002 5.83862446410 4601.950118963
0.00000000002 3.67162403222 330.6189636582
0.00000000002 1.34218693696 138633.79104107959
0.00000000002 4.92926606199 231348.55332920236
0.00000000002 2.49109566786 52822.81711646319
0.00000000002 3.63217289611 1535.9767429694
0.00000000002 4.71304833568 232457.93188129576
0.00000000002 0.79025165001 24705.70520908959
0.00000000002 4.87337338120 27470.1010740588
0.00000000002 1.33512594210 2655.5683724738
0.00000000002 0.12163545664 1603.2999892854
0.00000000002 5.71504799272 30459.7795083484
0.00000000002 6.14999504197 1353.7487450168
0.00000000002 4.19897532608 32838.94398192
0.00000000002 0.13374340654 14297.2740529154
0.00000000002 5.52988162467 37878.532230233
0.00000000002 6.20542886765 104501.17576343138
0.00000000002 2.15596610967 2544.6726368924
0.00000000002 1.06395351693 44131.28121921999
0.00000000002 2.13013210662 77039.89158394396
0.00000000002 1.15844515063 4578.2518168586
0.00000000002 3.63958668308 51546.95469709829
0.00000000002 3.63738028447 164407.50800278416
0.00000000002 5.42696145538 7392.4544020848
0.00000000002 6.25775046727 31107.8216289874
0.00000000002 5.68905987112 21067.98465416099
0.00000000002 2.91756593205 113455.51956041438
0.00000000002 1.98570847468 27299.2442119332
0.00000000002 3.67791655653 24876.5620712152
0.00000000002 5.74298703182 105418.10804348679
0.00000000002 2.69099617398 49534.4650046762
0.00000000002 1.80708255079 24957.7491939884
0.00000000002 3.85654248042 27218.05708916
0.00000000002 3.11677200697 27257.4913929828
0.00000000002 3.49399734860 40738.70289615879
0.00000000002 0.21234042745 309.2783226558
0.00000000002 2.33781787949 1155.361157407
0.00000000002 3.03248338331 102239.96225291918
0.00000000002 1.65828575265 197092.67317421938
0.00000000002 5.56610117919 20235.1228263104
0.00000000002 0.09752385202 31940.68345683799
0.00000000002 5.28799958774 225687.22128005016
0.00000000002 0.34521072462 1585.1407420207
0.00000000002 0.89847733804 130432.88714897096
0.00000000002 5.35295047368 79955.87509422498
0.00000000002 0.15743392494 838.9692877504
0.00000000002 2.86349665303 171960.36977425378
0.00000000002 0.82971507937 51738.16239200849
0.00000000002 4.40886857181 27953.1345440918
0.00000000002 1.25475645940 24222.6717390566
0.00000000002 5.67142449888 299398.97720771392
0.00000000002 0.02963994293 28440.769295346
0.00000000002 5.63398508828 23735.03698780239
0.00000000002 4.94052786966 26948.213070327
0.00000000002 0.72309716155 25227.59321282139
0.00000000002 4.51386522935 164721.69418265378
0.00000000002 2.19543947073 24918.31489016559
0.00000000002 2.12858110666 25888.8311401378
0.00000000002 3.53504392455 26286.97514301059
0.00000000002 5.05414655112 4268.0941781936
0.00000000002 5.71672028658 80432.46990700519
0.00000000002 2.91629438354 13989.7164319458
0.00000000002 2.74733064767 38186.0898512026
0.00000000002 2.55314053643 124663.74437003357
0.00000000002 3.27370866937 525.7588118315
0.00000000002 4.35111571758 3776.4308857348
0.00000000002 2.93541110992 2045.3085328022
0.00000000002 2.81103866959 221135.26778299136
0.00000000002 0.79461762449 76064.62208143558
0.00000000002 2.53232253566 150751.64751160776
0.00000000002 1.47457311730 30831.3049047446
0.00000000002 4.18905191392 21344.50137840379
0.00000000002 2.92553614920 105403.88094948517
0.00000000002 5.98978548406 19336.86230122839
0.00000000001 3.52879720086 66826.60603773296
0.00000000001 1.77634435436 93696.66034953119
0.00000000001 0.57809610749 24919.0043045276
0.00000000001 5.08552892372 27256.8019786208
0.00000000002 6.08826344175 7830.0925314348
0.00000000001 4.22613812778 959.1228599576
0.00000000002 5.23844394745 8482.1631932784
0.00000000002 0.42518108376 43693.64308986999
0.00000000002 2.62167846998 9591.5417453718
0.00000000001 4.92214692877 52499.31169980579
0.00000000001 0.45067029057 26010.1525975903
0.00000000001 1.49974892148 190809.59732422797
0.00000000002 1.28849937541 87253.17713015496
0.00000000002 5.49174220323 21516.2798836156
0.00000000002 0.17188282798 30659.52639953279
0.00000000002 4.10872174479 2214.7430875962
0.00000000001 5.68799206535 233202.05537888398
0.00000000002 0.33446329498 28839.45074126579
0.00000000002 3.48052508137 14650.79975458459
0.00000000001 4.64660194247 184526.52147423658
0.00000000002 1.56059892812 129971.55071751658
0.00000000002 5.50101176990 102225.73515891758
0.00000000001 2.62468643294 50807.14603030339
0.00000000002 1.90253736481 307.5576209696
0.00000000001 0.09710299820 5039.588248313
0.00000000002 0.17683937064 23549.6546373206
0.00000000002 5.06371993416 51472.17309853099