0.37953642888 2.83780617820 26087.9031415742
-0.11626131831 0.0 0.0
0.03854668215 5.88780608966 52175.8062831484
0.00587711268 2.65498896201 78263.70942472259
0.00106235493 5.70550616735 104351.61256629678
0.00021100828 2.47291315849 130439.51570787099
0.00004450056 5.52354907071 156527.41884944518
0.00000978286 2.29102643026 182615.32199101939
0.00000707500 2.89516591531 24978.5245894808
0.00000654742 5.92892123881 27197.2816936676
0.00000448561 1.40595042211 1059.3819301892
0.00000402168 0.30317998006 20426.571092422
0.00000290604 2.23645868392 31749.2351907264
0.00000191358 2.70792842547 53285.1848352418
0.00000181119 0.23941291054 1109.3785520934
0.00000193372 5.38698781997 4551.9534970588
0.00000221718 5.34170676570 208703.22513259358
0.00000139514 5.94698662319 51066.427731055
0.00000154924 1.12201865761 51116.4243529592
0.00000177242 2.78855813429 5661.3320491522
0.00000116072 5.28608170116 57837.1383323006
0.00000081399 3.50862797958 21535.9496445154
0.00000086595 5.06999843254 529.6909650946
0.00000075457 4.50396814445 27147.28507176339
0.00000075078 3.36291170975 46514.4742339962
0.00000069045 4.92160428335 25132.3033999656
0.00000063460 3.91239075334 27043.5028831828
0.00000083250 1.60127885818 10213.285546211
0.00000058160 4.13677602210 14765.2390432698
0.00000061405 3.43747372432 47623.8527860896
0.00000054050 0.72631991357 26617.5941066688
0.00000055113 3.74298611127 12566.1516999828
0.00000052556 1.98636705426 25558.2121764796
0.00000047932 5.76195364026 79373.08797681599
0.00000051303 1.96782292508 426.598190876
0.00000051435 2.10921381130 234791.12827416777
0.00000048521 1.95016897012 1589.0728952838
0.00000049166 4.17094551348 77204.32749453338
0.00000035132 4.11987679873 51646.11531805379
0.00000035814 4.73966512079 37410.5672398786
0.00000032754 4.57352694115 955.5997416086
0.00000045435 0.91835136158 41962.5207369374
0.00000028902 5.43922975997 30639.856638633
0.00000031572 2.71470274369 77154.33087262919
0.00000032251 2.05357225780 83925.04147387479
0.00000028206 5.07338603494 39609.6545831656
0.00000026848 5.25320670297 11322.6640983044
0.00000027077 4.69298133865 36301.18868778519
0.00000022896 0.71333836963 53131.406024757
0.00000026742 0.17305422750 6283.0758499914
0.00000021009 4.08684580221 15874.6175953632
0.00000016503 0.13257325259 72602.37737557039
0.00000016125 1.65667771920 9103.9069941176
0.00000021011 5.65119092880 13521.7514415914
0.00000021301 0.20534560769 73711.75592766379
0.00000015173 1.24810995296 18849.2275499742
0.00000017483 0.56186392439 51749.20809227239
0.00000017112 0.55137156527 50586.73338786459
0.00000013891 1.29665748792 53235.18821333759
0.00000015079 1.97879118551 7238.67559160
0.00000013631 3.65214684654 52705.49724824299
0.00000014545 1.48385300876 63498.47038145279
0.00000012963 4.18911929952 25028.521211385
0.00000013152 0.21408490669 26068.2333806744
0.00000013131 2.31994193470 26107.57290247399
0.00000013657 1.69271280727 51220.20654153979
0.00000013598 0.93759628331 103292.23063610759
0.00000011751 1.43132876728 33326.5787331742
0.00000012154 5.15990276384 260879.03141574195
0.00000011477 0.41407124478 19317.1925403286
0.00000010236 0.82838354702 77734.01845962799
0.00000012081 3.96948779355 68050.42387851159
0.00000012108 2.53182219980 105460.99111839019
0.00000009243 0.91470178389 40853.142184844
0.00000009577 0.54300980490 38654.05484155699
0.00000012617 2.32903972631 45892.73043315699
0.00000009024 3.62265462866 26091.7844769322
0.00000009026 5.19456413590 26084.0218062162
0.00000012253 1.84260347906 65697.55772473979
0.00000008921 2.21279123795 32858.61374281979
0.00000008903 5.05278309499 26514.5013324502
0.00000008904 5.46086574052 3442.5749449654
0.00000008277 0.97930362795 43071.8992890308
0.00000008532 5.10423076286 110012.94461544899
0.00000008865 3.30085475170 32370.9789915656
0.00000007700 2.17157469442 56727.7597802072
0.00000008182 5.04279721089 27676.976036858
0.00000007388 2.71311941898 6770.7106012456
0.00000008021 5.76384193035 213.299095438
0.00000006447 1.30219534399 16983.9961474566
0.00000007443 2.98224053647 23869.1460373874
0.00000006952 3.42284499782 22645.32819660879
0.00000006607 5.48986631078 19804.8272915828
0.00000006015 1.47698341146 62389.09182935939
0.00000006309 4.44334031620 59414.4818747484
0.00000005925 3.77454325940 79219.30916633119
0.00000007571 5.76555894291 103242.23401420339
0.00000006092 3.25705731504 99799.65906923798
0.00000006562 5.86248316518 28306.66024576099
0.00000006285 1.17813289842 639.897286314
0.00000005895 3.66873787385 25874.6040461362
0.00000005168 5.05804995902 26301.2022370122
0.00000004714 2.54429045075 26095.016688575
0.00000004577 0.02129879069 26080.78959457339
0.00000005517 3.60620866320 76674.63652943878
0.00000003908 3.18519537351 98690.28051714458
0.00000005385 3.61083679851 77837.11123384659
0.00000003644 3.98783714230 129380.13377768178
0.00000003338 0.38724993766 78793.40038981718
0.00000003316 5.12183457548 58946.51688439399
0.00000003962 5.48363213369 29530.4780865396
0.00000004028 2.49396327752 2118.7638603784
0.00000003629 4.89385319464 91785.46086631398
0.00000003068 4.35775545042 79323.09135491178
0.00000003499 5.38046448626 71980.63357473118
0.00000003105 0.73732898186 94138.32702008578
0.00000002915 1.92745964306 286966.93455731616
0.00000003797 4.52469688488 89586.37352302698
0.00000002737 4.31987616717 44937.1306915484
0.00000002736 3.85841365012 103821.92160120218
0.00000002692 3.89664472121 69159.80243060499
0.00000002670 3.26411796271 52156.1365222486
0.00000003234 0.15700821776 2218.7571041868
0.00000002946 3.91413787998 25661.3049506982
0.00000003275 1.14799205324 25934.1243310894
0.00000003246 1.38661008976 26241.681952059
0.00000002559 3.49987927726 48733.23133818299
0.00000003095 4.74440359796 77308.10968311399
0.00000003103 5.58481290362 131548.89425996438
0.00000002736 4.90415740433 149.5631971346
0.00000002487 1.54879706016 1052.2683831884
0.00000002690 5.37064066297 52195.47604404819
0.00000002237 1.87187835709 136100.84775702319
0.00000001979 3.60257646907 64741.95798313119
0.00000002537 4.45007627900 1066.49547719
0.00000001955 0.11915602691 58458.88213313979
0.00000001882 5.21113955797 82815.66292178139
0.00000001838 0.38908718331 52179.6876185064
0.00000001842 3.96594806805 66941.04532641819
0.00000001788 0.37792450541 25619.9381512198
0.00000001833 1.96136353630 52171.9249477904
0.00000002202 2.59644390666 54394.56338733519
0.00000001723 2.15586269154 26555.8681319286
0.00000002138 1.35105904779 51535.90899683439
0.00000001978 3.47172854103 45405.0956819028
0.00000001647 1.83531703242 52602.4044740244
0.00000001665 2.25971262112 5327.4761083828
0.00000001935 4.21959122354 13655.8604911764
0.00000001817 0.28147419437 7.1135470008
0.00000001660 0.02502133169 125887.56221081219
0.00000001521 1.83104073509 53764.8791784322
0.00000001874 2.53319058791 129330.13715577759
0.00000001692 2.75833415261 52168.69273614759
0.00000001454 4.53754269661 88476.99497093359
0.00000001657 4.55762528747 76.2660712756
0.00000001539 0.55256735058 105307.21230790539
0.00000001549 0.39789620728 102762.53967101299
0.00000001408 2.83687387786 26094.53170047421
0.00000001408 5.98015898835 26081.27458267419
0.00000001420 6.03495956591 49957.0491789616
0.00000001561 1.18454524473 85502.38501632259
0.00000001272 2.51538497151 51962.5071877104
0.00000001469 0.37777284264 103925.01437542078
0.00000001565 6.24937013327 6681.2248533996
0.00000001264 4.66222164975 35191.8101356918
0.00000001342 4.75750445244 38519.945791972
0.00000001441 6.24581101364 50057.04242277
0.00000001556 1.87102996187 52389.1053785864
0.00000001106 5.15222384273 12432.0426503978
0.00000001243 5.56004522021 52182.9198301492
0.00000001072 4.25942542568 26727.8004278882
0.00000000967 0.75487021033 155468.03691925599
0.00000000997 1.66157901963 117873.36400788819
0.00000000937 2.00054583710 85034.42002596818
0.00000000960 6.23663722276 124778.18365871879
0.00000000913 2.14759141886 98068.53671630539
0.00000000837 0.48875422450 46848.3301747656
0.00000000832 3.42202735905 104881.30353139139
0.00000000864 0.97123767041 51123.53789995999
0.00000000797 3.78730285311 120226.23016165999
0.00000000923 3.90587740343 52026.2430860138
0.00000000938 1.28285332683 115674.27666460119
0.00000000746 0.02765328657 74821.13447975718
0.00000000936 2.24023772681 55618.3812281138
0.00000000804 2.35412750829 157636.79740153858
0.00000000708 4.97835058075 313054.83769889036
0.00000000726 1.13072864457 105410.99449648599
0.00000000875 4.36192286909 51109.31080595839
0.00000000719 0.61492825170 129909.82474277639
0.00000000703 5.24980293056 419.4846438752
0.00000000742 4.43954042629 3340.6124266998
0.00000000675 5.58413863440 28206.6670019526
0.00000000650 0.63237258720 95247.70557217918
0.00000000610 0.03146551062 78244.0396638228
0.00000000663 4.19794322902 52022.0274726636
0.00000000602 0.71110689228 20760.4270331914
0.00000000639 5.76187724040 80482.46652890938
0.00000000743 1.51241001220 103396.01282468818
0.00000000586 4.92207524971 162188.75089859738
0.00000000731 1.85044743030 433.7117378768
0.00000000592 1.09214531526 71025.03383312259
0.00000000551 3.29395183970 23754.70674870219
0.00000000526 0.65987913797 10021.8372800994
0.00000000677 4.43410327506 52329.58509363319
0.00000000666 4.40151837219 77623.81213840858
0.00000000644 2.58708081761 45494.58142974879
0.00000000596 1.74322610176 7994.5284420242
0.00000000558 4.25198337310 52099.5402118728
0.00000000467 3.18899512617 84546.78527471398
0.00000000464 3.48448266155 24498.8302462904
0.00000000555 0.82693925421 1692.1656695024
0.00000000471 1.72510786190 26237.46633870879
0.00000000456 0.37602833213 90829.86112470538
0.00000000617 2.13813397736 78283.37918562238
0.00000000442 4.70125751809 27140.17152476259
0.00000000445 3.07523267609 151975.46535238638
0.00000000473 5.58382968969 155418.04029735178
0.00000000470 1.97509785099 108903.56606335558
0.00000000449 5.76009397500 78256.59587772179
0.00000000592 0.36143126121 853.196381752
0.00000000459 0.44821212178 26037.90651966999
0.00000000439 0.74557141998 29428.515568274
0.00000000459 2.08602741390 26137.8997634784
0.00000000441 5.55002400505 2333.196392872
0.00000000420 3.46875832008 128850.44281258718
0.00000000406 0.99733773104 1581.959348283
0.00000000406 5.56438736356 28421.0995344462
0.00000000515 5.53709511500 26720.68688088739
0.00000000420 3.43880146473 78267.59076008058
0.00000000457 4.25870257295 25984.8103673556
0.00000000409 1.89235979066 22747.2907148744
0.00000000441 5.74769719365 78050.41032928458
0.00000000460 4.60455680282 26190.99591579279
0.00000000428 1.26561734018 27154.3986187642
0.00000000533 3.36410465544 25455.119402261
0.00000000422 0.73875718620 93028.94846799239
0.00000000490 3.02631541744 76144.94556434419
0.00000000390 3.42688671619 130012.91751699499
0.00000000364 4.89106808289 78690.30761559859
0.00000000361 1.30246090918 114564.89811250778
0.00000000356 5.20137348148 52643.7712735028
0.00000000419 5.01120890083 78259.82808936459
0.00000000395 4.93033073834 78477.00852016058
0.00000000337 4.88969069715 79852.78232000639
0.00000000364 4.51546243970 48835.19385644859
0.00000000336 0.50294839757 18207.81398823521
0.00000000317 2.80195601464 76044.9523205358
0.00000000402 3.61219119527 131395.11544947959
0.00000000302 3.06677264697 25973.46385288896
0.00000000300 5.73869132813 26202.34243025941
0.00000000418 0.23893690129 71492.99882347698
0.00000000362 4.00328511109 25565.3257234804
0.00000000412 4.97023785153 1596.1864422846
0.00000000287 5.88293841172 52182.4348420484
0.00000000356 1.08678100754 64607.84893354619
0.00000000304 3.41461416241 51707.84129279399
0.00000000289 1.38259428580 26164.1692128498
0.00000000331 4.78176305377 26610.48055966799
0.00000000379 2.01230891559 26162.6847401415
0.00000000369 4.21106702409 111590.28815789679
0.00000000269 4.70967571334 143961.26714946238
0.00000000303 1.01901288426 224.3447957019
0.00000000268 1.81712028026 42153.969003049
0.00000000304 4.67005655250 25448.00585526019
0.00000000361 0.50112315849 26013.1215430069
0.00000000256 3.80003583229 181555.94006083018
0.00000000275 5.82016920298 956.2891559706
0.00000000273 5.09640213545 111122.32316754239
0.00000000326 0.96777570631 44181.27784112419
0.00000000246 3.27375223453 51756.3216392732
0.00000000330 0.00798707088 25771.5112719176
0.00000000287 2.74227004893 52169.17772424839
0.00000000292 6.15601792690 1162.4747044078
0.00000000310 4.06618330246 632.7837393132
0.00000000329 2.52774260295 26404.2950112308
0.00000000237 5.19825257378 124156.43985787958
0.00000000270 2.17478042507 33967.99229491319
0.00000000308 2.31701247486 78270.82297172339
0.00000000252 5.43206013202 25668.418497699
0.00000000232 1.16243057531 536.8045120954
0.00000000276 4.02093667465 77211.44104153418
0.00000000280 1.12656118140 77197.21394753258
0.00000000261 2.91718305686 32769.1279949738
0.00000000282 3.10618381920 26507.38778544939
0.00000000226 3.21437416344 100909.03762133139
0.00000000301 3.03205392988 2648.454825473
0.00000000214 5.24868357305 1478.8665740644
0.00000000285 1.16645481114 18093.37469954999
0.00000000210 4.64797028936 74.7815985673
0.00000000231 4.32501953451 141762.17980617538
0.00000000208 0.53974604249 146314.13330323418
0.00000000275 2.92194964370 19406.6782881746
0.00000000215 3.07194607878 72936.23331633979
0.00000000241 3.00041465942 150866.08680029298
0.00000000210 5.40180831849 183724.70054311278
0.00000000280 0.67080969267 78114.14622758799
0.00000000266 0.99085054170 39743.7636327506
0.00000000211 0.17681817187 130969.20667296558
0.00000000244 5.94815635837 11610.5519583742
0.00000000204 3.19846374771 40565.2543247742
0.00000000223 5.28159723194 81706.28436968799
0.00000000197 1.04277639896 52815.7035694624
0.00000000210 5.55248384993 110.2063212194
0.00000000249 5.60231399902 71582.48457132299
0.00000000249 5.36588348601 522.5774180938
0.00000000204 0.78597046714 25881.717593137
0.00000000248 0.67786738916 51742.09454527159
0.00000000201 1.71510524072 26294.08869001139
0.00000000186 2.14393493086 16066.0658614748
0.00000000233 2.62533762305 7880.08915333899
0.00000000181 3.52971486811 14477.35118320
0.00000000208 4.24178638905 1375.7737998458
0.00000000175 5.68870918967 51543.0225438352
0.00000000174 1.73818712188 339142.74084046457
0.00000000184 4.55500539385 129483.91596626239
0.00000000184 1.16335036072 103711.71527998279
0.00000000195 1.69401523663 50483.640613646
0.00000000191 3.65375892828 155997.72788435058
0.00000000156 4.67130228846 90695.75207512038
0.00000000174 0.99979811068 25938.3399444396
0.00000000153 0.95690434145 78109.93061423779
0.00000000155 1.68645428840 188276.65404017158
0.00000000178 4.17805845892 131498.89763806018
0.00000000157 1.36959583051 61279.713277266
0.00000000165 2.17592149563 467.9649903544
0.00000000201 2.16052573018 51322.60990139639
0.00000000177 3.62256077196 26624.70765366959
0.00000000169 3.68765594503 121335.60871375339
0.00000000154 3.71172436062 52101.02468458109
0.00000000148 3.07726125475 104331.94280539699
0.00000000141 1.50870150844 50593.84693486539
0.00000000158 1.19202527109 78417.48823520739
0.00000000144 2.36390617422 106570.36967048359
0.00000000141 0.89841562130 52278.89905736699
0.00000000163 5.63284948646 25780.3455206046
0.00000000134 3.07482380747 22759.76748529401
0.00000000161 3.16796063002 26395.46076254379
0.00000000150 5.18410766275 104371.28232719658
0.00000000168 3.63358402936 103.0927742186
0.00000000140 6.13152525193 102232.84870591838
0.00000000147 2.51789010019 23888.81579828719
0.00000000127 2.36011326038 54294.57014352679
0.00000000141 2.25597418479 52808.59002246159
0.00000000173 1.01540755996 78187.44335344699
0.00000000119 6.12399199517 178063.36849396059
0.00000000122 2.34676419834 181505.94343892598
0.00000000151 1.37299401445 13362.4497067992
0.00000000157 5.28735408136 25551.09862947879
0.00000000123 0.96970788409 52072.71350892979
0.00000000139 4.14216887691 97112.93697469679
0.00000000128 4.93461808532 26521.614879451
0.00000000116 2.49690552706 104344.49901929598
0.00000000114 0.24802201171 154938.34595416138
0.00000000115 5.79810804423 29416.03879785439
0.00000000115 6.24514589647 110634.68841628819
0.00000000110 4.82546925433 68241.87214462319
0.00000000112 0.79767917933 24176.703658357
0.00000000115 5.52737393321 25754.0472008048
0.00000000113 3.27781553156 26421.7590823436
0.00000000145 3.81995922658 50579.61984086379
0.00000000105 0.18392017096 156100.82065856918
0.00000000104 2.59023526043 26198.1094627936
0.00000000122 6.27846196005 28286.9904848612
0.00000000111 3.42525009396 116917.76426627958
0.00000000115 1.34072654703 26011.6370702986
0.00000000112 1.57964254375 51639.00177105299
0.00000000103 1.26476363927 74923.09699802278
0.00000000100 3.81573971334 25035.6347583858
0.00000000101 1.80630451732 27999.1026247914
0.00000000097 3.56860113068 323.5054166574
0.00000000100 1.69912254726 104564.91166173479
0.00000000129 2.55737037120 104138.31347085879
0.00000000099 5.11520176982 31415.379249957
0.00000000119 5.01902877668 134991.46920492979
0.00000000110 4.87500455770 24356.7807886416
0.00000000131 1.06726827836 647.0108333148
0.00000000107 3.72516243793 55516.4187098482
0.00000000094 2.32320888992 54509.0026760204
0.00000000094 3.49259349841 52125.80966124419
0.00000000103 1.50774531093 51951.46148744649
0.00000000095 1.91538502113 742.9900605326
0.00000000103 3.43765189240 26941.0995233262
0.00000000094 3.91518615306 27780.06881107659
0.00000000102 0.20220739054 104355.49390165479
0.00000000108 5.64358884743 49527.35145767539
0.00000000087 4.80227955082 52325.36948028299
0.00000000097 2.98258829049 51219.51712717779
0.00000000102 5.09206185737 52250.5878817157
0.00000000092 4.35841484859 140652.80125408198
0.00000000107 0.38517739982 157483.01859105378
0.00000000090 3.67394196940 36109.7404216736
0.00000000100 3.93901407412 27819.0254945068
0.00000000086 1.50847151211 53228.07466633679
0.00000000088 3.14925830025 52065.59996192899
0.00000000099 3.28990595710 97580.90196505119
0.00000000102 5.08658507796 52225.8029050526
0.00000000087 1.65916392662 104778.21075717278
0.00000000096 1.03224594955 38813.3565763492
0.00000000081 6.20215025642 25977.69682035479
0.00000000083 1.97230419758 78731.674415077
0.00000000100 3.78538237499 119116.85160956658
0.00000000094 3.01992291922 51859.41441349179
0.00000000081 4.33788649947 53242.3017603384
0.00000000081 1.65998131052 105940.68546158058
0.00000000077 5.85420580120 102132.85546210999
0.00000000091 2.66548595290 51013.33157874059
0.00000000089 0.95977221728 137678.19129947099
0.00000000094 1.39579973847 2221.856634597
0.00000000076 0.07242308044 3328.13565628019
0.00000000078 4.80022000976 60055.89543648739
0.00000000085 1.29757029645 12725.453434775
0.00000000090 5.56852789130 52492.19815280499
0.00000000089 2.43562167097 1911.1994832172
0.00000000073 3.57598233076 50696.93970908399
0.00000000076 6.27731427042 52595.29092702359
0.00000000102 1.77465769367 104347.73123093879
0.00000000072 1.47416335611 170049.17029103659
0.00000000079 4.16366799640 103285.11708910679
0.00000000076 0.08688140800 77844.22478084739
0.00000000095 1.56604928496 52698.38370124219
0.00000000073 1.11932970193 25021.4076643842
0.00000000078 5.36472752861 104358.72611329758
0.00000000068 3.11461030341 206.1855484372
0.00000000072 2.40806201062 24998.19435038059
0.00000000071 4.11293729141 27669.86248985719
0.00000000074 5.08891807794 26222.0121911592
0.00000000079 3.71784757916 104202.04936916218
0.00000000067 2.65457842453 78270.33798362259
0.00000000080 6.13936658892 8194.2753332086
0.00000000073 3.70705736171 25953.79409198919
0.00000000074 2.34582989695 97670.38771289718
0.00000000069 0.57091762082 207643.84320240439
0.00000000065 4.30219875903 12546.481939083
0.00000000071 0.07238150577 126996.94076290558
0.00000000066 3.25393240581 70269.18098269838
0.00000000079 2.22876948108 25446.4895798352
0.00000000063 1.94299439248 150244.34299945379
0.00000000066 1.24367311450 2111.6503133776
0.00000000078 3.71442447350 77829.99768684579
0.00000000081 3.57966030338 49842.60989027639
0.00000000062 2.82688841358 846.0828347512
0.00000000071 1.76878466162 27684.0895838588
0.00000000065 0.10862838701 27177.6119327678
0.00000000077 0.29329825954 26729.31670331319
0.00000000082 4.87562280261 26089.38761428249
0.00000000076 1.87316011759 137210.22630911658
0.00000000071 3.36184821357 17893.6278083656
0.00000000063 2.50604307758 52290.24557183361
0.00000000060 6.11673834767 52061.36699446317
0.00000000081 3.95123901433 26086.4186688659
0.00000000072 4.57323993670 50800.03248330259
0.00000000066 0.09493437207 2008.557539159
0.00000000077 0.77427822658 103299.34418310839
0.00000000058 1.07510302489 167850.08294774959
0.00000000071 5.75558240346 34282.1784747828
0.00000000056 3.55494344576 44295.7171298094
0.00000000055 5.96851303023 23969.1392811958
0.00000000055 2.16330884790 209812.60368468695
0.00000000065 5.22228985131 77410.51304297059
0.00000000058 6.25432646821 25508.2155545754
0.00000000056 3.84165768987 22625.658435709
0.00000000054 4.44808157827 52252.07235442399
0.00000000055 2.05172474251 107794.18751126219
0.00000000066 0.18130668165 77795.74443436819
0.00000000068 2.93375218430 19.66976089979
0.00000000055 3.59336928200 172402.03644480839
0.00000000056 3.42328370031 24448.8336243862
0.00000000073 3.18180022689 24864.08530079559
0.00000000052 4.91273220472 66653.15746634839
0.00000000053 4.10843855595 26312.2479372761
0.00000000054 2.57050838382 26667.590728573
0.00000000068 0.06574276360 2199.087343287
0.00000000049 1.03606235160 96357.08412427259
0.00000000051 5.94534572630 58857.03113654799
0.00000000068 5.79687331046 78257.08086582259
0.00000000050 4.20409547221 129799.61842155698
0.00000000049 2.61342795296 27044.1922975448
0.00000000062 3.64195225027 38.1330356378
0.00000000051 5.36138555309 27726.9726587622
0.00000000048 6.03611290368 99024.13645791399
0.00000000047 4.10470299674 51969.62073471119
0.00000000049 2.30004526739 77630.92568540938
0.00000000056 4.95742185541 27037.07875054399
0.00000000065 5.63247484940 27311.72098235281
0.00000000055 3.21960099803 157057.10981453978
0.00000000064 4.73090166157 76571.54375522019
0.00000000055 4.21524098893 23919.1426592916
0.00000000047 4.96233788191 29550.14784743939
0.00000000047 1.33048751622 155571.81910783658
0.00000000048 4.68524066713 39629.32434406539
0.00000000049 2.26366790917 86143.79857806159
0.00000000052 6.11102279257 28736.3579670472
0.00000000046 4.52836499361 76681.75007643958
0.00000000063 6.05525919705 176953.98994186718
0.00000000052 3.81191987554 220.4126424388
0.00000000052 3.90556632585 25138.7275326044
0.00000000044 2.11826208004 16703.062133499
0.00000000044 4.09373605789 78903.60671103658
0.00000000043 2.78314274287 1272.6810256272
0.00000000054 4.84794812605 52381.99183158559
0.00000000042 0.46089983609 1485.9801210652
0.00000000042 0.51072992828 78188.92782615528
0.00000000048 4.03364140605 65831.6667743248
0.00000000042 1.76526717012 1795.258443721
0.00000000047 4.06325102883 104275.34649502118
0.00000000048 5.22216564191 25466.159340735
0.00000000046 2.09054510396 949.1756089698
0.00000000039 2.42252858155 55503.94193942859
0.00000000048 0.55204010547 76667.52298243798
0.00000000041 4.68645736183 54087.0057663656
0.00000000044 0.18464522171 1265.5674786264
0.00000000047 3.57377527690 26709.6469424134
0.00000000046 4.58966952379 28256.66362385679
0.00000000040 2.43593735104 25352.02662804239
0.00000000044 0.28326275745 52712.61079524379
0.00000000040 0.06426607172 26823.77965510599
0.00000000043 4.78359780736 365230.64398203876
0.00000000051 0.42322753564 182085.63102592478
0.00000000045 3.69056749350 25867.49049913539
0.00000000038 2.95265152123 128320.75184749259
0.00000000038 4.24964079407 104505.39137678158
0.00000000037 5.45870103761 132658.27281205778
0.00000000036 4.01505056763 104197.83375581198
0.00000000042 4.73645882503 214364.55718174578
0.00000000042 3.62652817335 25169.9728555924
0.00000000038 5.05414542008 13541.42120249119
0.00000000036 1.25304159965 116783.65521669458
0.00000000037 0.15651744362 26073.67604757259
0.00000000037 1.95429510696 130459.18546877075
0.00000000037 0.10010579661 24203.0019781568
0.00000000036 1.07961540756 26057.57628056979
0.00000000036 2.35351546150 26102.1302355758
0.00000000039 3.82952906520 151.0476698429
0.00000000035 1.43330630555 26118.2300025786
0.00000000036 5.28457918668 78896.49316403578
0.00000000047 0.46836410864 147423.51185532758
0.00000000037 3.86488170615 78366.80219894118
0.00000000034 1.99586823431 27566.76971563859
0.00000000039 5.16595018555 27005.83342755599
0.00000000045 5.50909039088 2125.8774073792
0.00000000045 1.86629837439 153.7788104848
0.00000000037 2.43731961667 25773.71696170459
0.00000000044 5.23291381444 26308.315784013
0.00000000035 1.05320110634 27463.67694142
0.00000000040 4.02382647386 25654.19140369739
0.00000000037 0.07560209645 26402.0893214438
0.00000000036 1.61232862223 51653.22886505459
0.00000000033 0.42458452244 26189.8656598398
0.00000000032 5.23283983463 51852.30086649099
0.00000000042 2.44221903170 75615.25459924959
0.00000000040 2.83526315611 148.0787244263
0.00000000033 2.88930013582 204151.27163553478
0.00000000036 6.12428536735 130419.8459469712
0.00000000035 0.40523188780 9384.8410080752
0.00000000032 2.08833719067 25985.94062330859
0.00000000033 0.23168510760 35472.7441496494
0.00000000033 2.40916004743 27972.80430499159
0.00000000043 0.94126409897 157586.80077963437
0.00000000034 2.40767650115 51868.2486621788
0.00000000044 1.43873271021 51528.79544983359
0.00000000031 4.01862366233 78160.61665050399
0.00000000031 5.39381686645 207593.84658050018
0.00000000031 1.63565043557 94329.77528619739
0.00000000030 5.53920573257 130432.40216087017
0.00000000030 3.30348567737 181026.24909573558
0.00000000031 0.58465350275 51432.81622261579
0.00000000035 5.63323743373 130226.21661243298
0.00000000041 4.10893149085 64901.25971792339
0.00000000038 2.74077466350 37698.4550999484
0.00000000028 5.42226462076 80382.47328510099
0.00000000028 3.23530343392 182188.72380014337
0.00000000030 5.69753597308 77101.23472031478
0.00000000029 2.84454397902 114.3991069134
0.00000000032 1.03692995892 49953.94964855139
0.00000000027 4.34958892371 101011.00013959699
0.00000000029 2.60689456510 26083.97098831109
0.00000000027 0.05549126696 52509.6622239178
0.00000000029 6.19291069275 26091.83529483729
0.00000000032 2.62281532990 24925.4284371664
0.00000000034 5.96614879093 22003.9146348698
0.00000000035 6.21900169182 52483.36390411799
0.00000000029 3.02582488582 136722.59155786238
0.00000000031 4.43970588456 87367.61641884019
0.00000000033 4.64183110644 77726.90491262719
0.00000000034 4.71487895725 1905.4647649404
0.00000000026 4.27544189057 26049.7701059364
0.00000000025 4.75010185308 130652.81480330898
0.00000000026 3.04611137889 54374.8936264354
0.00000000028 0.48396088623 51226.63067417859
0.00000000033 4.54904645879 78039.36462902068
0.00000000027 3.40789619643 183570.92173262799
0.00000000033 0.91422316489 123200.84011627098
0.00000000025 1.86918416559 78338.49102328988
0.00000000027 5.63520290926 1223.81784077861
0.00000000024 1.09879284413 24824.745778996
0.00000000030 6.02578053535 77307.42026875199
0.00000000026 4.40497747181 39450.3528483734
0.00000000024 1.67160749703 1045.1548361876
0.00000000029 4.01431074745 25600.26839032
0.00000000027 5.45015263034 27170.98337386779
0.00000000027 3.35506505446 25004.8229092806
0.00000000024 1.70570280621 52609.51802102519
0.00000000024 0.92190112786 129373.02023068098
0.00000000025 3.42703894978 299.1263942692
0.00000000027 0.19476264674 143005.66740785378
0.00000000027 6.01076879125 24072.9214697764
0.00000000024 5.68395366955 52286.01260436779
0.00000000028 4.77908913093 26575.53789282839
0.00000000030 1.77580150574 161079.37234650398
0.00000000025 3.28511315405 92741.06060792258
0.00000000023 1.28923152263 60370.08161635699
0.00000000023 0.30769835394 76784.84285065818
0.00000000025 6.12372098057 48847.6706268682
0.00000000026 6.21853790794 78153.50310350319
0.00000000023 6.03986636871 77947.31755506598
0.00000000023 0.06005390957 123668.80510662538
0.00000000022 0.26166099168 78213.71280281838
0.00000000025 4.36791869246 26724.8994135984
0.00000000025 4.43729899234 25450.90686955
0.00000000022 1.41483604412 27351.06050415239
0.00000000028 2.82763549527 30171.8916482786
0.00000000022 3.84824366233 50264.6067999312
0.00000000026 5.41642995127 25234.70675982219
0.00000000030 0.70937754307 53906.92863608099
0.00000000023 4.80298766860 316.3918696566
0.00000000024 4.62065948726 78786.28684281638
0.00000000022 1.83211095898 6885.14988993081
0.00000000022 1.19881833941 50064.15596977079
0.00000000025 4.82521606002 130435.63437251298
0.00000000022 1.64262163906 50444.6839302158
0.00000000023 0.48284788906 103917.90082841998
0.00000000025 0.72627176075 52174.32181044009
0.00000000022 2.31815942379 78580.10129437919
0.00000000022 5.37072237928 80596.9058175946
0.00000000024 2.29466576857 51841.950342379
0.00000000022 3.98563117453 163766.09444104518
0.00000000024 2.77938448215 28102.884813372
0.00000000028 4.67187139230 6129.2970395066
0.00000000028 4.50423924612 1731.1223529326
0.00000000023 3.83483940099 129387.24732468258
0.00000000025 0.44167057897 81604.32185142238
0.00000000021 1.43990956253 1063.3140834523
0.00000000020 5.63766440403 51955.39364070959
0.00000000019 0.14811705167 1089.7087911936
0.00000000021 0.48382399190 130289.95251073639
0.00000000020 6.06263628388 86457.98475793119
0.00000000020 5.37392483479 123758.29085447139
0.00000000019 5.99896464484 51329.7234483972
0.00000000020 4.52823506105 196137.07343261078
0.00000000023 1.12690816744 166740.70439565618
0.00000000022 3.39965156778 16342.5825857176
0.00000000022 5.57412323033 3462.2447058652
0.00000000023 2.31183970817 50167.24874398939
0.00000000022 4.76145913299 26126.036177212
0.00000000022 4.14425825536 26734.913974889
0.00000000019 3.09805264388 78683.19406859778
0.00000000019 1.57754212699 78413.27262185719
0.00000000024 0.55755098688 145204.75475114079
0.00000000019 3.56013605744 102018.41617342478
0.00000000019 2.12244186746 130446.62925487179
0.00000000024 1.47596121866 52177.29075585669
0.00000000025 3.25287024656 130443.39704322898
0.00000000022 5.54888786998 24952.226269681
0.00000000020 5.01791562590 104819.57755665119
0.00000000019 0.22114816361 53029.0026649004
0.00000000019 4.66235459384 26248.310510959
0.00000000019 4.14286309096 25927.49577218939
0.00000000018 2.61853732084 128220.75860368418
0.00000000020 4.36521030279 25907.8260112896
0.00000000020 4.44000738201 26267.9802718588
0.00000000019 3.36352476280 52817.21984488739
0.00000000018 0.30828612349 26411.4085582316
0.00000000022 3.17973512175 103932.12792242158
0.00000000018 5.78685842485 75930.51303185058
0.00000000020 5.09591693073 12412.372889498
0.00000000025 1.79028039602 78313.70604662679
0.00000000020 3.61265389901 233731.74634397858
0.00000000021 3.24219932966 27223.5800134674
0.00000000017 0.72171071986 53867.97195265079
0.00000000019 4.86189338108 25863.55834587229
0.00000000017 5.48277957945 24602.61243487099
0.00000000016 4.01284635822 3.881335358
0.00000000016 1.12213372181 79330.20490191258
0.00000000017 0.36844604424 11.0457002639
0.00000000018 4.58738050642 79315.97780791098
0.00000000022 1.30917900414 76887.93562487679
0.00000000016 3.30777698968 27573.1938482774
0.00000000021 3.15503951358 153084.84390447979
0.00000000017 5.50445239257 52137.67324751059
0.00000000018 0.43707176640 62197.64356324779
0.00000000019 4.71487615393 130866.11389874699
0.00000000016 4.53135096192 28309.75977617119
0.00000000019 4.97195581426 163298.12945069079
0.00000000015 6.01544571455 50903.1252575212
0.00000000015 0.94947396087 155887.52156313117
0.00000000016 1.95850844074 103498.41618454478
0.00000000022 4.51054091879 1055.4497769261
0.00000000021 3.55728303850 3178.1457905676
0.00000000015 3.36560803567 61560.64729122359
0.00000000017 1.75781825802 55638.05098901359
0.00000000018 4.71857780098 132028.58860315479
0.00000000016 5.70225976379 104358.2411251968
0.00000000016 5.00130427149 176332.24614102798
0.00000000017 2.00762224529 80174.90890793978
0.00000000015 1.85651180492 52309.9153327334
0.00000000015 5.85519527755 6044.2285813754
0.00000000017 1.48305732410 102659.44689679438
0.00000000015 2.05223117625 50689.82616208319
0.00000000015 5.20562567296 235900.50682626116
0.00000000014 4.13325462242 193937.98608932378
0.00000000015 1.04578298609 50007.0458008658
0.00000000015 4.77605690111 26830.8932021068
0.00000000014 5.09441703249 133882.09065283638
0.00000000014 0.73264409160 50380.54783942739
0.00000000016 0.34142596191 77.7505439839
0.00000000016 5.83322656205 81591.84508100279
0.00000000016 2.56012166691 104344.98400739678
0.00000000014 0.38043611029 26247.2048763664
0.00000000014 2.14159626733 25928.601406782
0.00000000016 2.29540093320 50910.238804522
0.00000000014 4.21516962824 1169.5882514086
0.00000000016 2.14443787663 53814.87580033639
0.00000000014 2.88257919019 78149.27013603736
0.00000000016 2.81982401926 203041.89308344138
0.00000000017 0.14097228090 14.2270940016
0.00000000015 4.50854313896 77616.69859140778
0.00000000013 2.95502641054 125112.03959948818
0.00000000014 2.82070907634 52161.57918914679
0.00000000012 1.09784520065 19202.75325164339
0.00000000014 5.55450230200 78378.14871340781
0.00000000014 1.64692338972 26076.8574413103
0.00000000014 0.87510898790 26098.9488418381
0.00000000012 0.84912804767 45290.65639321759
0.00000000016 5.27893423231 51534.3927214094
0.00000000014 2.87981573153 20043.6745601988
0.00000000012 5.35625751365 23439.44831610119
0.00000000014 0.36434746971 198489.93958638258
0.00000000013 5.25472472921 103718.82882698359
0.00000000015 5.02501370640 2168.7604822826
0.00000000013 5.68468150971 32132.1317229496
0.00000000013 5.38865614891 35833.2236974308
0.00000000012 5.97483232665 25984.1209529936
0.00000000012 2.83038535815 26191.68533015479
0.00000000014 3.16931627704 53265.515074342
0.00000000012 4.37902547397 181659.72224941078
0.00000000014 2.41044769584 53399.624123927
0.00000000012 4.85232249551 53771.99272543299
0.00000000012 0.15450821256 43981.5309499398
0.00000000013 3.53629828268 102755.42612401219
0.00000000012 4.35406626992 28199.55345495179
0.00000000016 4.42924935277 34082.4315835984
0.00000000012 3.02030436898 51596.1186961496
0.00000000013 4.97119141190 52024.75861330549
0.00000000013 3.53530203976 173511.41499690177
0.00000000011 3.07690283750 52911.68279668019
0.00000000011 0.32804624048 70383.6202713836
0.00000000015 3.18025181635 50049.92887576919
0.00000000015 3.22392612987 103883.64757594238
0.00000000013 3.44611140023 208173.53416749898
0.00000000011 0.60906260336 48713.5615772832
0.00000000015 6.03373462236 1639.069517188
0.00000000014 5.51224524188 25241.820306823
0.00000000014 5.72095344070 52755.49387014719
0.00000000014 0.48193051968 52041.69723356339
0.00000000012 0.83151252253 130363.24963659538
0.00000000011 3.57268529306 104276.83096772949
0.00000000012 5.63836365571 101703.15774082378
0.00000000012 1.06185654246 90989.16285949759
0.00000000011 1.25165027664 102769.65321801379
0.00000000011 1.61020488121 57503.2823915312
0.00000000013 5.96769060739 52027.72755872209
0.00000000013 1.63784016727 78469.89497315978
0.00000000014 0.28303105851 860.3099287528
0.00000000011 5.96339220303 20894.5360827764
0.00000000013 2.71291064284 27250.37784598199
0.00000000012 5.42728450538 51439.92976961659
0.00000000012 2.65321755374 52179.73843641149
0.00000000011 0.13380048704 50536.73676596039
0.00000000012 0.94217302733 53757.76563143139
0.00000000010 1.22621171910 78339.97549599818
0.00000000011 3.31326356407 78800.51393681798
0.00000000010 2.68789421408 84944.93427812219
0.00000000014 6.24613692649 183145.01295611398
0.00000000010 6.18871346175 154408.65498906678
0.00000000011 5.44812833329 636.9962720242
0.00000000010 1.98851340448 53093.73656913019
0.00000000014 1.36870962052 54344.56676543099
0.00000000010 3.90840385729 333.8559407694
0.00000000010 0.94586399547 641.41356173899
0.00000000011 0.96041649146 78057.52387628538
0.00000000012 6.03701341811 26149.62911631439
0.00000000012 2.76820426669 26026.177166834
0.00000000011 2.43168682439 158746.17595363196
0.00000000011 4.83636793377 91805.13062721379
0.00000000010 2.61011872081 6751.0408403458
0.00000000010 0.79218036562 91919.56991589899
0.00000000014 1.69865910615 53124.98189211819
0.00000000010 1.99206585078 77940.20400806518
0.00000000013 4.08389676067 50270.341518208
0.00000000011 3.68044220158 77520.71936418998
0.00000000011 3.70781443358 39763.43339365039
0.00000000010 5.75274329860 114.43928868521
0.00000000009 1.01216637956 130593.29451835579
0.00000000009 0.36490625518 26513.8119180882
0.00000000009 2.15712612244 25661.9943650602
0.00000000013 5.61622440634 26014.60601571519
0.00000000013 3.18899327846 26161.20026743319
0.00000000010 0.86888264917 104991.50985261079
0.00000000010 5.95581190338 52061.40717623499
0.00000000010 4.42035362502 4371.8763667742
0.00000000011 4.00644107438 183674.70392120858
0.00000000010 3.59637305781 23384.2869868986
0.00000000012 1.90077351195 52396.2189255872
0.00000000013 4.38320598457 1073.6090241908
0.00000000009 2.39902771912 103189.13786188899
0.00000000013 4.08385124235 76041.85279012559
0.00000000009 4.93035759424 156547.08861034496
0.00000000009 5.19425764887 28791.5192962498
0.00000000009 0.77711516175 130285.73689738619
0.00000000009 6.13900158212 25131.61398560359
0.00000000011 5.98671337291 4022.2625319642
0.00000000011 1.81020647842 19367.1891622328
0.00000000009 2.04038725108 104984.39630560997
0.00000000009 5.45614765496 76255.15188556358
0.00000000011 5.95782587167 3.9321532631
0.00000000009 2.84521042237 31281.270200372
0.00000000012 3.79821694912 1699.2792165032
0.00000000009 0.84632922145 51130.65144696079
0.00000000010 4.24458785082 19958.6061020676
0.00000000009 0.39890242427 52797.55008398759
0.00000000009 5.81793329193 27360.58416720139
0.00000000009 3.81505771377 24844.41553989579
0.00000000009 4.99015997103 27331.3907432526
0.00000000010 5.97140853581 230239.17477710896
0.00000000009 2.46893459204 156314.11975400719
0.00000000008 1.08719749627 38634.3850806572
0.00000000011 4.12126538369 46046.5092436418
0.00000000009 5.45527892151 52190.03337714999
0.00000000011 1.01398377196 2538.2485042536
0.00000000010 1.53707512245 391318.54712361297
0.00000000008 3.81834546623 26933.9859763254
0.00000000010 5.47822459894 54060.70744656579
0.00000000009 0.96943014829 1685.0521225016
0.00000000009 0.39954966213 65717.22748563958
0.00000000008 5.66324066149 53132.09543911899
0.00000000008 1.17295053787 2324.9494088156
0.00000000009 2.26575649117 22595.33157470459
0.00000000009 4.01881898285 1485.2907067032
0.00000000008 0.89598602983 10681.2505365654
0.00000000009 5.61147436738 52171.87412988529
0.00000000008 0.59346140745 1574.8458012822
0.00000000008 5.37389235751 51876.67988887919
0.00000000010 2.64362358554 49.9966219042
0.00000000010 1.95510800967 2751.5475996916
0.00000000011 3.21752719962 28096.46068073319
0.00000000010 0.03803981577 118828.96374949679
0.00000000008 5.45338504662 77956.15180375299
0.00000000008 0.89135797231 52400.1510788503
0.00000000008 2.89181901651 54824.2611086214
0.00000000010 1.50538632513 240452.46032331996
0.00000000008 5.27009439447 77741.13200662879
0.00000000008 5.13763418673 42790.9652750732
0.00000000008 3.13545736715 52489.992463018
0.00000000008 2.29664532419 156520.30530244438
0.00000000008 0.58781443842 17098.43543614181
0.00000000007 4.49316157626 52206.1331441528
0.00000000007 3.15085715061 50290.905119731
0.00000000010 2.92673152753 22065.64060961
0.00000000008 1.07948674297 51112.49219969609
0.00000000010 1.70478735166 440.8252848776
0.00000000009 0.57156355893 104454.70534051539
0.00000000008 2.09479344301 35077.37084700659
0.00000000008 4.70706722263 120417.67842777158
0.00000000008 4.83062968915 187167.27548807819
0.00000000009 2.82365374916 156507.74908854539
0.00000000007 5.45465770137 51086.09749195479
0.00000000008 5.15363939201 430.5303441391
0.00000000008 3.96538887746 149288.74325784518
0.00000000008 3.32202684341 112231.70171963578
0.00000000009 4.41737021309 76152.05911134499
0.00000000007 2.13361844991 233681.74972207438
0.00000000007 0.76923088178 104248.51979207818
0.00000000008 3.46520766649 77314.53381575279
0.00000000007 0.02649996061 29396.3690369546
0.00000000007 2.49553241701 22779.4372461938
0.00000000007 4.38534662923 26290.15653674829
0.00000000007 4.41987105557 25885.64974640009
0.00000000009 5.00120036070 2703.6161546756
0.00000000007 1.46712503162 156740.71794488319
0.00000000008 2.98540358627 78571.26704569219
0.00000000008 3.46227249114 2014.9816717978
0.00000000009 3.60323244194 24395.7374720718
0.00000000007 1.57299130322 52663.44103440259
0.00000000008 3.34291932325 102872.74599223239
0.00000000009 4.15307297121 24505.94379329119
0.00000000007 5.14819246138 52073.84376488279
0.00000000007 2.10644528980 149846.19399604558
0.00000000007 2.73815653722 77417.62658997139
0.00000000007 3.99043202484 1135.6768718932
0.00000000009 5.86657971342 56259.79478985279
0.00000000009 1.31330622674 18073.7049386502
0.00000000008 0.16231496773 207114.15223730978
0.00000000008 0.71218709319 32808.6171209156
0.00000000007 1.34578982527 23267.071997448
0.00000000007 1.17624255235 28908.7342857004
0.00000000007 5.92828079032 917.9302859818
0.00000000008 2.80385302808 103395.32341032618
0.00000000007 4.13036001377 52145.47942214399
0.00000000007 0.00761390447 208276.62694171758
0.00000000007 5.79521967115 63786.3582415226
0.00000000007 1.07448219743 127098.90328117118
0.00000000008 1.39088196258 103814.80805420138
0.00000000006 3.50717502178 27573.88326263939
0.00000000006 2.56522679948 8989.46770543239
0.00000000007 4.34204308173 102975.83876645098
0.00000000006 2.26227426560 28774.6252361154
0.00000000006 0.25975811202 23401.181047033
0.00000000006 6.10163893636 80462.79676800959
0.00000000008 3.19469782712 579.6875869988
0.00000000008 0.39455403552 51257.8759971666
0.00000000006 2.04791015101 23704.71012679799
0.00000000006 0.47412222661 28471.0961563504
0.00000000007 3.95910943139 1802.3719907218
0.00000000007 0.04757570199 53311.4831550416
0.00000000007 3.75772081758 79994.83177765518
0.00000000007 3.47532912865 52277.768801414
0.00000000006 4.49776146960 53438.96364572659
0.00000000007 0.23424532162 29580.4747084438
0.00000000007 2.10834895065 27388.72995977919
0.00000000007 0.41368342697 24787.0763233692
0.00000000006 2.20070614265 106470.37642667518
0.00000000007 1.31790121285 104127.26777059489
0.00000000007 5.05330889636 27623.8798845436
0.00000000007 3.75190878844 24551.92639860479
0.00000000008 5.48806422287 51861.62010327879
0.00000000008 2.01472939327 51554.06248230919
0.00000000007 1.27572316405 52213.9393187862
0.00000000007 2.73167050152 2974.609954611
0.00000000007 4.01717883587 25572.43927048119
0.00000000007 4.78803884893 26603.3670126672
0.00000000007 3.81075000430 415.5524906121
0.00000000007 6.19062740919 1083.0802322936
0.00000000008 5.83496057018 54190.78795494619
0.00000000007 0.63875539049 3308.4658953804
0.00000000007 2.73288976570 48091.817776444
0.00000000006 2.27207352577 78043.29678228378
0.00000000006 3.59345495938 24822.3356629478
0.00000000006 0.12929656544 53661.0969898516
0.00000000006 0.35086113339 209658.82487420218
0.00000000006 4.92644191429 104426.39416486409
0.00000000006 2.39715110930 25764.39772491679
0.00000000006 4.97320423795 27883.16158529519
0.00000000006 3.69839341742 142871.55835826878
0.00000000006 1.52227576605 156523.53751408719
0.00000000006 5.16948222242 117893.03376878797
0.00000000008 4.29203597963 51120.35650622229
0.00000000006 6.23369265991 225.8292684102
0.00000000006 3.56663907388 5193.3670587978
0.00000000006 3.11032917996 149756.70824819959
0.00000000007 5.12005781910 48997.6604925808
0.00000000008 2.23399255632 53258.88651544199
0.00000000006 3.49961056081 130005.80396999417
0.00000000006 5.07465642279 76777.72930365738
0.00000000006 4.66798207100 47803.9299163742
0.00000000007 6.08095772039 162810.49469943657
0.00000000006 0.64154839978 27441.651886591
0.00000000006 1.88048397784 24734.1543965574
0.00000000006 3.95287785965 155460.92337225519
0.00000000008 1.91926925056 422.6660376129
0.00000000006 2.81558483589 50160.82461135059
0.00000000006 2.10318926713 222.8603229936
0.00000000006 3.77961930116 78262.22495201428
0.00000000006 3.79600164114 76468.45098100159
0.00000000006 2.19241811447 78225.57638908479
0.00000000006 3.10628150548 78597.56536549199
0.00000000007 5.87457428048 30110.1656735384
0.00000000006 3.63300370506 4083.9885067044
0.00000000006 3.60786932853 171292.65789271498
0.00000000006 2.63023124510 29864.334027309
0.00000000006 6.17498643970 22311.4722558394
0.00000000006 2.81699286653 76991.02839909539
0.00000000006 4.97892299151 21716.02677480
0.00000000005 5.40188161644 27410.5807891056
0.00000000005 3.40333606836 24765.2254940428
0.00000000006 0.12287107983 51092.7260508548
0.00000000006 6.26396450919 179172.74704605396
0.00000000007 1.20914785176 34102.10134449819
0.00000000006 3.98658256476 31903.01400121119
0.00000000006 4.81863512004 20272.7922819372
0.00000000005 0.59743867876 155475.15046625677
0.00000000006 2.99448492312 1884.9011634174
0.00000000006 1.29004214195 104874.18998439058
0.00000000007 6.08314945100 9745.3205558566
0.00000000005 4.57176510415 128747.35003836859
0.00000000005 3.48020412230 26500.27423844859
0.00000000005 5.32501356250 25675.5320446998
0.00000000005 0.67567879748 189853.99758261938
0.00000000005 5.62586823874 487.6347512542
0.00000000005 4.12117505892 53551.5800829942
0.00000000005 5.05847825453 60170.3347251726
0.00000000005 4.48575981388 27353.47062020059
0.00000000005 0.45209405317 628.8515860501
0.00000000005 2.04047293459 189386.03259226495
0.00000000007 3.24752363205 169093.57054942798
0.00000000006 3.27898581061 25462.2329492618
0.00000000006 5.52623187419 26713.57333388659
0.00000000007 1.39980699002 2641.3412784722
0.00000000006 4.69852322879 25440.89230825939
0.00000000005 1.13017778403 52812.8025551726
0.00000000006 6.23315922928 156531.30018480319
0.00000000006 2.82802951228 122444.98726584678
0.00000000005 5.91150949505 26235.9818660005
0.00000000006 0.64362124464 3492.5715668696
0.00000000005 3.16675569939 26034.8069892598
0.00000000005 5.63846198541 26140.99929388859
0.00000000006 4.41863890724 13675.5302520762
0.00000000006 2.30069536250 28213.78054895339
0.00000000005 2.72683369817 127791.06088239799
0.00000000005 2.79855313555 104035.22069664019
0.00000000005 2.16612728193 1263.15736257819
0.00000000006 3.26180559114 437.6438911399
0.00000000005 2.17730624219 52098.05573916449
0.00000000005 1.17064954712 65538.25598994759
0.00000000005 3.31240476519 104301.61594439259
0.00000000005 4.76122192085 78697.42116259939
0.00000000005 5.20657468818 1243.4876016784
0.00000000005 2.85173407545 2686.7220945412
0.00000000005 4.82516506007 104401.60918820098
0.00000000005 5.03758504482 53654.67285721279
0.00000000005 2.30415192529 23866.04650697719
0.00000000005 4.57253368744 51006.21803173979
0.00000000006 2.99064022137 104241.40624507738
0.00000000005 5.36734313790 104668.00443595338
0.00000000004 4.69357830395 76532.58707178998
0.00000000005 0.50200123282 24491.71669928959
0.00000000005 3.59914095117 23389.451694197
0.00000000005 5.20607673363 28786.3545889514
0.00000000004 5.84756896317 31775.5335105262
0.00000000004 2.95764872163 20400.2727726222
0.00000000005 4.52541301080 78265.19389743089
0.00000000006 0.78206719980 51688.1715318942
0.00000000005 2.53934989272 58220.0348645238
0.00000000004 1.16733607750 35211.47989659159
0.00000000004 1.35469630012 16964.3263865568
0.00000000005 6.27736599262 76137.83201734339
0.00000000004 5.79724758149 27039.97976483379
0.00000000004 3.00797010331 25135.8265183146
0.00000000005 3.02879597074 25778.62481891839
0.00000000005 5.77642171406 26397.18146422999
0.00000000005 2.45203846176 78373.91574594198
0.00000000004 0.10837463046 33480.357543659
0.00000000004 2.41365774716 18695.4487394894
0.00000000005 5.31103491600 703.6331846174
0.00000000004 3.53618772681 156377.85565231058
0.00000000004 4.88536855567 24182.4383766338
0.00000000005 0.75362139040 2015.6710861598
0.00000000004 4.84402630975 129586.31932611899
0.00000000004 0.41914706804 199599.31813847595
0.00000000004 5.33219851688 76998.14194609619
0.00000000004 1.24487525140 1368.660252845
0.00000000004 6.20344076250 45424.76544280259
0.00000000004 3.82794287315 28928.40404660019
0.00000000004 4.97727481165 23247.4022365482
0.00000000004 0.78108419173 20452.8694122218
0.00000000004 1.74094818589 31722.9368709266
0.00000000004 0.73252151870 26238.95081141709
0.00000000004 1.20756668103 52355.883413433
0.00000000004 1.89262749454 51538.81001112419
0.00000000004 2.12864958126 32278.926155821
0.00000000004 0.39338279636 19896.8801273274
0.00000000004 0.13108394311 78905.12298646157
0.00000000004 1.42991389286 52336.2136525332
0.00000000004 4.11596381659 50912.6489205702
0.00000000005 3.55365309754 26090.8720869908
0.00000000005 5.25156458726 26084.93419615759
0.00000000004 1.77632201645 25923.46723098479
0.00000000004 0.74571036118 26252.33905216361
0.00000000004 3.45962912770 106262.81204951399
0.00000000005 5.55461968829 13705.8571130806
0.00000000005 3.25059799651 38469.94917006779
0.00000000005 3.12816538610 18227.483749135
0.00000000005 5.67705229870 33948.3225340134
0.00000000004 2.78749020522 74935.57376844239
0.00000000004 5.08828008747 26130.7862164776
0.00000000004 3.71693759733 26045.0200666708
0.00000000005 4.43555583939 51102.19725895759
0.00000000004 6.19718375992 104771.09721017198
0.00000000004 0.26322316371 19336.86230122839
0.00000000004 1.76945825889 18319.5365848796
0.00000000004 0.75257411874 33856.2696982688
0.00000000005 2.23665069420 51315.49635439559
0.00000000004 1.69359058279 159969.99379441059
0.00000000004 2.89301646158 25939.82441714789
0.00000000005 3.45474588143 107692.22499299659
0.00000000005 1.47989657697 49637.55777889479
0.00000000004 2.13958521874 24292.64469785319
0.00000000005 5.34571928246 77929.85348395319
0.00000000004 2.13537389331 106684.80895916879
0.00000000004 1.30241374700 25248.9338538238
0.00000000004 1.21961863062 26926.87242932459
0.00000000005 6.25905047664 130020.03106399579
0.00000000004 0.16908897765 42430.4857272918
0.00000000004 0.65996952307 24712.1293417284
0.00000000004 1.67938382417 130907.48069822539
0.00000000004 0.49273474013 76352.50994150538
0.00000000004 3.03818840694 8044.5250639284
0.00000000004 2.24959479186 50690.51557644519
0.00000000003 4.11860713513 76094.94894243999
0.00000000004 5.11517156658 27047.0260015318
0.00000000004 3.69004611822 25128.78028161659
0.00000000003 2.87423294156 25980.59783464459
0.00000000003 5.93098474324 26195.2084485038
0.00000000004 3.06482161328 52164.76058288449
0.00000000004 0.98879727436 215941.90072419358
0.00000000005 4.86374437755 45455.092303807
0.00000000004 6.09264875397 151199.94274106238
0.00000000004 3.84907251953 25991.92391435639
0.00000000004 4.95614516527 26183.88236879199
0.00000000005 6.06890934253 10059.5067357262
0.00000000004 2.78312246204 48153.54375118419
0.00000000004 5.16058547691 16496.3613962024
0.00000000004 3.64463220789 35679.44488694599
0.00000000004 2.31682392343 51040.1294112552
0.00000000004 0.89612134983 128843.32926558638
0.00000000004 0.91042238998 52015.39891376359
0.00000000003 6.06256841288 23113.2931869632
0.00000000003 2.74264927192 29062.5130961852
0.00000000003 4.85231198714 25794.492357197
0.00000000003 3.95290569766 26381.3139259514
0.00000000003 4.53666662059 117077.06600107178
0.00000000004 1.27827004084 113455.51956041438
0.00000000003 1.74369273900 9123.5767550174
0.00000000004 5.49977739982 23543.23050468179
0.00000000004 3.30544028498 28632.5757784666
0.00000000003 0.77597702447 26279.35140768579
0.00000000003 1.74605535315 25896.4548754626
0.00000000003 4.84401273911 143980.93691036216
0.00000000004 2.60606940279 25998.4173937282
0.00000000004 6.19914828201 26177.38888942019
0.00000000004 5.74351106248 50951.98844236979
0.00000000003 1.26642446783 49850.85687433279
0.00000000004 4.75573366952 14235.5480781752
0.00000000004 4.04948401528 37940.25820497319
0.00000000004 2.15457403796 261988.40996783535
0.00000000003 1.62529527167 41494.55574658299
0.00000000004 4.57562203112 32217.2001810808
0.00000000004 1.13276960181 51995.7291528638
0.00000000003 5.60306507247 154308.66174525839
0.00000000003 4.90725652630 78397.81847430758
0.00000000004 0.74705899090 49424.25868345679
0.00000000003 1.65138805728 202420.14928260217
0.00000000003 3.28257147962 79116.90580647459
0.00000000003 0.25268995906 26114.201461374
0.00000000003 2.26934241856 26061.60482177439
0.00000000003 0.76377303552 112545.88789950538
0.00000000003 1.53998283633 27993.3679065146
0.00000000004 1.48359617562 156954.01704032118
0.00000000003 4.96130874142 25344.9130810416
0.00000000004 4.16132549519 192828.60753723037
0.00000000003 1.41397155639 191.4482661116
0.00000000003 2.35998158508 130446.14426677099
0.00000000003 0.58877390822 26.2983197998
0.00000000003 6.14909241029 23420.85080793279
0.00000000003 2.65612527451 28754.9554752156
0.00000000004 5.30569233154 117.3198682202
0.00000000003 5.91402019226 184834.07909520617
0.00000000004 5.00370301079 50476.52706664519
0.00000000003 2.64378251337 52072.0240945678
0.00000000003 2.04712691944 77622.29586298359
0.00000000003 5.19234087353 52016.5045483562
0.00000000003 0.11683553157 25970.58327335399
0.00000000003 2.40519684605 26205.22300979439
0.00000000004 3.70857620718 27511.4678735372
0.00000000004 5.09664147762 24664.3384096112
0.00000000003 3.60635808002 24079.34560241519
0.00000000003 0.72953121469 33917.99567300899
0.00000000003 1.79250116293 18257.8106101394
0.00000000003 0.90477621292 220025.88923089796
0.00000000004 2.19435190001 61921.12683900499
0.00000000003 3.67050911713 8482.1631932784
0.00000000003 3.87625546504 226796.59983214356
0.00000000003 1.31319711766 222224.97657418498
0.00000000003 5.87130809057 78249.48233072099
0.00000000004 1.48902081585 158116.49174472898
0.00000000003 0.35052613743 107679.74822257696
0.00000000003 0.31258950206 26387.0295358434
0.00000000003 1.73728166781 25936.85547173129
0.00000000003 3.47716392063 26983.9825982296
0.00000000003 5.32805376417 25191.8236849188
0.00000000003 5.46073958753 79487.52726550119
0.00000000003 1.54880317183 50490.75416064679
0.00000000003 0.33667155775 251775.12442162436
0.00000000003 3.12587906085 55484.27217852879
0.00000000003 3.35660316298 205260.65018762815
0.00000000003 6.10516130974 1382.8873468466
0.00000000003 3.15734817044 146505.58156934578
0.00000000003 4.70646783103 5019.9184874132
0.00000000003 5.41521179939 1471.7530270636
0.00000000003 1.19647848516 2820.8311441262
0.00000000003 3.47413746108 24510.5595991264
0.00000000003 5.33108022372 27665.246684022
0.00000000004 5.77018377851 25810.86814783279
0.00000000004 3.03503390629 26364.9381353156
0.00000000003 5.01481009275 179966.86716554638
0.00000000004 4.33432698720 128106.31931499895
0.00000000003 1.92656985885 50600.9604818662
0.00000000003 6.09093416793 110395.84114767218
0.00000000003 6.02863621669 26202.3022484876
0.00000000003 5.77135105714 1577.3435424478
0.00000000003 2.48974578151 184526.52147423658
0.00000000003 6.13912071583 29000.787121445
0.00000000003 2.66609696897 23175.01916170339
0.00000000002 3.73235165225 24601.92302050899
0.00000000003 6.07147026831 49201.1963285374
0.00000000003 4.25494225394 143164.96914264598
0.00000000003 0.81593599477 51734.98099827079
0.00000000002 3.21160734753 229463.65216578495
0.00000000003 5.30206948415 963.4027029714
0.00000000003 1.27452500023 25914.45457018961
0.00000000003 1.24750737739 26261.35171295879
0.00000000003 3.64962054328 51745.27593900929
0.00000000003 1.33150568827 54879.422437824
0.00000000003 2.24581935743 15406.65260500879
0.00000000002 1.46486531145 25554.28002321649
0.00000000002 1.05716706617 26621.52625993189
0.00000000003 3.63673845964 25530.4524033738
0.00000000003 5.16847922516 26645.3538797746
0.00000000003 3.46486175917 25626.5667101198
0.00000000003 5.34035592563 26549.23957302859
0.00000000003 3.77281945049 20956.2620575166
0.00000000003 5.03239823431 31219.5442256318
0.00000000003 2.87469047879 283524.35961235073
0.00000000002 2.91928536931 210921.98223678036
0.00000000002 3.01852194681 21202.093703746
0.00000000002 5.78669573799 30973.7125794024
0.00000000003 0.91363958260 76358.24465978218
0.00000000003 1.16154088625 97466.46267636596
0.00000000002 1.48398406791 190495.41114435835
0.00000000002 2.27754325505 5635.0337293524
0.00000000003 5.54528574622 25361.421121704
0.00000000003 3.25993193858 26814.38516144439
0.00000000002 5.95736615747 57369.17334194619
0.00000000003 3.84445897700 52186.8519834123
0.00000000002 0.10098432708 5687.630368952
0.00000000002 1.06541336121 31127.49138988719
0.00000000002 1.45661901641 21048.3148932612
0.00000000002 4.88076203498 27133.05797776179
0.00000000003 4.35294230915 222244.64633508476
0.00000000003 1.52452494294 67608.75720795698
0.00000000003 4.55603852700 5815.11085963699
0.00000000003 4.50068949383 128857.55635958798
0.00000000003 3.16048516532 21650.38893320061
0.00000000003 5.64473251948 30525.41734994779
0.00000000003 1.88855081937 2352.8661537718
0.00000000002 0.61090203417 29266.0489321418
0.00000000002 1.68643488525 102129.75593169978
0.00000000003 2.78460866874 735.8765135318
0.00000000003 2.77323027693 53338.28098755619
0.00000000002 5.43265775269 242985.40360737636
0.00000000003 4.72365570387 23549.6546373206
0.00000000002 3.36458907123 127261.36991730338
0.00000000002 5.34557611286 54862.5283776896
0.00000000003 1.28968303726 7768.3665566946
0.00000000003 1.82596797402 24971.41104247999
0.00000000003 0.69606440360 27204.3952406684
0.00000000002 3.44738180328 26165.65368555809
0.00000000002 1.20703571117 24815.222115947
0.00000000002 1.61710949142 267649.74201698754
0.00000000003 5.17245782566 134.109049585
0.00000000003 1.56133414368 206584.46127221518
0.00000000002 3.20945918034 23976.2528281966
0.00000000002 1.95494649553 309.2783226558
0.00000000002 0.88420623496 1155.361157407
0.00000000003 5.58005355370 49976.71893986139
0.00000000003 1.11744370489 27161.512165765
0.00000000002 4.55377851088 27151.21722502649
0.00000000003 0.04149717596 29050.7837433492
0.00000000003 2.48053520166 23125.0225397992
0.00000000002 0.49287409814 87648.55043279778
0.00000000002 1.99024542711 25788.776747305
0.00000000002 2.21400317955 289185.69166150296
0.00000000002 1.84764313777 32973.05303150501
0.00000000002 5.35359251167 78484.12206716138
0.00000000002 4.84459493300 50373.43429242659
0.00000000003 1.01624578623 246113.79237247216
0.00000000002 0.39721293103 543.9180590962
0.00000000003 1.70612964175 75085.56363415498
0.00000000003 4.90340116609 196156.74319351057
0.00000000002 3.44266551407 225687.22128005016
0.00000000002 5.17281822358 156534.53239644598
0.00000000003 3.14119557868 180496.55813064099
0.00000000003 2.73574689557 78115.63070029629
0.00000000002 4.99251162267 51760.25379253629
0.00000000002 3.58342272703 4398.17468657401
0.00000000002 3.55523971481 30486.0778281482
0.00000000002 5.24997796999 21689.72845500019
0.00000000003 1.74089824235 78112.66175487968
0.00000000002 3.70878134452 95.9792272178
0.00000000002 2.78958694468 1898.3512179396
0.00000000002 3.64570275924 235746.72801577636
0.00000000002 3.50852936833 621.7438008392
0.00000000002 3.20346776831 144916.86689107098
0.00000000002 5.65645027349 26024.1672432708
0.00000000002 3.14876741131 26151.6390398776
0.00000000002 5.88732323489 249268.47945736776
0.00000000003 2.73644560356 42116.29954742219
0.00000000002 1.76809181777 4525.655177259
0.00000000003 4.31127477508 25949.3856447035
0.00000000003 4.49394290972 26226.4206384449
0.00000000002 1.47978756571 41520.8540663828
0.00000000003 0.50196484662 65851.33653522459
0.00000000003 0.33246489326 26375.791001644
0.00000000003 2.18956748437 25800.0152815044
0.00000000003 2.22716383153 23581.2581773176
0.00000000003 0.29486854609 28594.5481058308
0.00000000002 5.75081777002 73891.83305794839
0.00000000002 1.98184360182 1593.0050485469
0.00000000002 2.60932927551 138319.60486120995
0.00000000002 5.12632591221 1279.794572628
0.00000000002 1.36330743614 197266.12174560397
0.00000000002 2.08857795426 71378.55953479178
0.00000000003 2.65879027753 26051.25457864469
0.00000000003 6.14642740727 26124.55170450369
0.00000000002 3.91497249728 52367.25454925999
0.00000000002 2.56976964633 51949.9770147382
0.00000000002 0.98913727679 175730.17210108857
0.00000000002 0.98860870622 28133.2116743764
0.00000000002 1.53342367140 24042.59460877199
0.00000000003 0.60080693478 51753.14024553549
0.00000000003 4.58119790245 25632.99377504689
0.00000000003 4.22401978235 26542.81250810149
0.00000000002 3.15146237007 177287.84588263658
0.00000000002 2.40433125154 24999.2999849732
0.00000000002 0.11770112608 27176.50629817519
0.00000000002 3.73548941002 138633.79104107959
0.00000000002 0.17018827892 153878.96402397218
0.00000000002 5.94978604165 133767.65136415116
0.00000000002 1.34122714460 27143.35291850029
0.00000000002 6.23156121709 20618.0193585336
0.00000000002 2.57365646771 31557.78692461479
0.00000000002 0.41751652575 51952.94596015479
0.00000000002 0.76607594408 2854.6403739102
0.00000000002 0.00103411994 52249.10340900739
0.00000000002 5.38839699166 99979.73619952259
0.00000000002 0.68315072405 7392.4544020848
0.00000000002 3.14356989843 52202.1046029482
0.00000000002 4.99018195848 66826.60603773296
0.00000000002 5.66676020953 178243.44562424519
0.00000000002 1.12725015054 4601.950118963
0.00000000002 3.71415544355 2544.6726368924
0.00000000002 2.09631003725 330.6189636582
0.00000000002 5.01321986817 40738.70289615879
0.00000000002 2.54696619158 25973.50403466079
0.00000000002 2.49237809905 206370.02873972156
0.00000000002 0.92029934107 52822.81711646319
0.00000000002 1.43247785592 1353.7487450168
0.00000000002 1.30678359365 7830.0925314348
0.00000000002 2.85490308833 190809.59732422797
0.00000000002 0.83915501030 273311.07406613971
0.00000000002 6.04242335976 2655.5683724738
0.00000000002 5.50264063039 24705.70520908959
0.00000000002 3.30257705441 27470.1010740588
0.00000000002 5.87474944976 4578.2518168586
0.00000000002 4.82888675726 1603.2999892854
0.00000000002 1.43074235300 2045.3085328022
0.00000000002 4.14425166593 30459.7795083484
0.00000000002 2.62817899928 32838.94398192
0.00000000002 4.84613238692 14297.2740529154
0.00000000002 3.95908529788 37878.532230233
0.00000000002 4.63463254085 104501.17576343138
0.00000000002 5.77634249731 44131.28121921999
0.00000000002 2.06879035628 51546.95469709829
0.00000000002 6.07216400811 237009.88537835456
0.00000000002 4.68695414047 31107.8216289874
0.00000000002 4.11826354433 21067.98465416099
0.00000000002 0.41491214788 27299.2442119332
0.00000000002 2.10712022974 24876.5620712152
0.00000000002 4.17219070503 105418.10804348679
0.00000000002 1.12019984719 49534.4650046762
0.00000000002 4.16482236656 170068.84005193636
0.00000000002 0.23628622399 24957.7491939884
0.00000000002 2.28574615363 27218.05708916
0.00000000002 1.54597568017 27257.4913929828
0.00000000002 5.01877243889 236702.32775738496
0.00000000002 4.45179618799 129215.69786709236
0.00000000002 5.05246292131 1585.1407420207
0.00000000002 3.99530485240 20235.1228263104
0.00000000002 4.80991283240 31940.68345683799
0.00000000002 5.61086631842 130432.88714897096
0.00000000002 3.78215414688 79955.87509422498
0.00000000002 0.01277373043 164721.69418265378
0.00000000002 4.10481915739 299398.97720771392
0.00000000002 1.23240843377 123554.36581794015
0.00000000002 5.54210405976 51738.16239200849
0.00000000002 2.83807224501 27953.1345440918
0.00000000002 5.96714543979 24222.6717390566
0.00000000002 4.74202892331 28440.769295346
0.00000000002 4.06318876149 23735.03698780239
0.00000000002 2.77900649268 3776.4308857348
0.00000000002 3.48668662145 307.5576209696
0.00000000002 3.48757125419 4268.0941781936
0.00000000002 3.36973154287 26948.213070327
0.00000000002 5.43548614193 25227.59321282139
0.00000000002 0.64413971421 24918.31489016559
0.00000000002 0.55778477986 25888.8311401378
0.00000000002 1.96424759776 26286.97514301059
0.00000000002 4.14592395979 80432.46990700519
0.00000000002 1.34549805675 13989.7164319458
0.00000000002 1.17653432087 38186.0898512026
0.00000000002 5.64977063090 515.463871093
0.00000000002 5.50647814213 76064.62208143558
0.00000000002 4.18299182626 9591.5417453718
0.00000000002 2.50118955855 87253.17713015496
0.00000000002 6.18696209768 30831.3049047446
0.00000000002 2.61825558712 21344.50137840379
0.00000000001 5.79719820080 959.1228599576
0.00000000002 1.35473982240 105403.88094948517
0.00000000001 5.17269251049 26010.1525975903
0.00000000002 5.01464967970 14650.79975458459
0.00000000002 1.15577442187 124663.74437003357
0.00000000001 5.29048508788 24919.0043045276
0.00000000001 3.51473259692 27256.8019786208
0.00000000001 1.64939139619 5039.588248313
0.00000000001 0.57146312681 2383.1930147762
0.00000000002 5.13757006415 43693.64308986999
0.00000000001 3.35135060198 52499.31169980579
0.00000000001 2.47792186293 25042.7483053866
0.00000000002 2.53272290248 2214.7430875962
0.00000000001 4.12090782995 233202.05537888398
0.00000000002 3.92094587643 21516.2798836156
0.00000000002 4.88427180837 30659.52639953279
0.00000000002 3.93512097196 102225.73515891758
0.00000000002 5.04685227536 28839.45074126579
0.00000000002 6.27298790851 129971.55071751658
0.00000000001 1.39509036339 15432.9509248086
0.00000000001 1.05389010615 50807.14603030339
0.00000000002 3.49292360736 51472.17309853099
0.00000000002 0.19610603007 952.0766232596