0.00107803852 4.34964793883 52175.8062831484
-0.00080651544 0.0 0.0
0.00032715354 1.11763734425 78263.70942472259
0.00008858158 4.16852401867 104351.61256629678
0.00011914709 1.22139986340 26087.9031415742
0.00002344469 0.93615372641 130439.51570787099
0.00000617838 3.98693992284 156527.41884944518
0.00000162955 0.75452718043 182615.32199101939
0.00000070135 1.35447664024 24978.5245894808
0.00000063991 1.18000294070 27197.2816936676
0.00000043082 3.80528844384 208703.22513259358
0.00000017706 4.40634127417 51066.427731055
0.00000013279 4.22577566721 53285.1848352418
0.00000011682 1.76404497924 1109.3785520934
0.00000012619 6.12221497999 1059.3819301892
0.00000011650 5.06720847010 20426.571092422
0.00000011421 0.57284937520 234791.12827416777
0.00000008018 3.73528031615 31749.2351907264
0.00000006099 3.87856029780 4551.9534970588
0.00000004738 4.97800929323 21535.9496445154
0.00000004881 1.17454074876 77154.33087262919
0.00000004307 1.83017640372 46514.4742339962
0.00000004460 3.53571937802 25132.3033999656
0.00000003936 0.80973598550 1589.0728952838
0.00000004037 2.84879735121 27147.28507176339
0.00000003784 2.61021114752 14765.2390432698
0.00000003952 5.27139824600 27043.5028831828
0.00000004218 2.70289062748 51116.4243529592
0.00000003299 5.80945771947 26617.5941066688
0.00000003022 3.11389766991 25558.2121764796
0.00000003036 3.62362220555 260879.03141574195
0.00000002928 4.94900975921 26068.2333806744
0.00000002916 3.86813577657 26107.57290247399
0.00000002398 2.02069419116 26091.7844769322
0.00000002392 0.51342544634 26084.0218062162
0.00000002070 3.88639207621 30639.856638633
0.00000002070 6.19899610943 37410.5672398786
0.00000001993 0.93804934862 79373.08797681599
0.00000001864 4.94267930925 47623.8527860896
0.00000001583 0.12078429237 9103.9069941176
0.00000001574 5.88839166356 955.5997416086
0.00000001517 5.15214768135 19317.1925403286
0.00000001406 4.88025959589 72602.37737557039
0.00000001366 1.71840454751 50586.73338786459
0.00000001513 2.21352358383 12566.1516999828
0.00000001392 0.48634980709 426.598190876
0.00000001228 2.36966134706 52705.49724824299
0.00000001329 0.91947275142 26095.016688575
0.00000001297 1.64793153920 26080.78959457339
0.00000001485 1.42812285205 23869.1460373874
0.00000001109 5.93496425650 53235.18821333759
0.00000001170 3.92015942653 3442.5749449654
0.00000001084 3.70940677149 32858.61374281979
0.00000001288 1.12226805319 28306.66024576099
0.00000001252 0.25878403718 51220.20654153979
0.00000001381 4.22593487926 103242.23401420339
0.00000001059 4.93178280597 529.6909650946
0.00000000964 2.00174932268 53131.406024757
0.00000001106 4.94616537059 22645.32819660879
0.00000000864 5.66060639309 40853.142184844
0.00000000858 3.76385932364 27676.976036858
0.00000000858 5.73806224669 25874.6040461362
0.00000000926 5.45535000947 639.897286314
0.00000000824 3.08049270116 26301.2022370122
0.00000000883 0.45084463736 11322.6640983044
0.00000000809 0.39136440746 286966.93455731616
0.00000000890 0.56532726320 83925.04147387479
0.00000000838 3.20685394363 36301.18868778519
0.00000000745 0.63676880132 56727.7597802072
0.00000000726 4.24035820533 6770.7106012456
0.00000000731 6.21695250751 18849.2275499742
0.00000000715 2.44570090401 43071.8992890308
0.00000000668 1.71704627521 52156.1365222486
0.00000000673 3.24136414552 1052.2683831884
0.00000000733 0.31521674193 39609.6545831656
0.00000000702 5.58423906419 15874.6175953632
0.00000000810 2.76691780988 1066.49547719
0.00000000576 0.68273915307 5661.3320491522
0.00000000555 1.44480865678 2118.7638603784
0.00000000598 5.40710232495 51646.11531805379
0.00000000540 2.73251678283 16983.9961474566
0.00000000538 5.07690787025 52179.6876185064
0.00000000619 6.13858968874 25028.521211385
0.00000000665 3.93109197005 29530.4780865396
0.00000000506 5.24159135308 38654.05484155699
0.00000000530 3.36422519322 26514.5013324502
0.00000000473 3.59055175449 110012.94461544899
0.00000000487 2.93506686309 63498.47038145279
0.00000000522 0.62912353695 52195.47604404819
0.00000000441 1.64790874543 98690.28051714458
0.00000000534 1.70054963408 2218.7571041868
0.00000000435 2.54548425009 33326.5787331742
0.00000000476 2.07918702570 51749.20809227239
0.00000000435 3.56264869714 52171.9249477904
0.00000000401 3.23464522849 7238.67559160
0.00000000392 5.33365190740 78793.40038981718
0.00000000407 4.44476287637 52168.69273614759
0.00000000362 0.42873204406 58946.51688439399
0.00000000359 6.23300670520 62389.09182935939
0.00000000379 5.70187484299 103292.23063610759
0.00000000327 2.73153219856 79323.09135491178
0.00000000394 0.99378340812 129330.13715577759
0.00000000387 3.94846766008 52182.9198301492
0.00000000315 4.54497673319 76674.63652943878
0.00000000324 4.48254226320 49957.0491789616
0.00000000334 2.48260797685 68050.42387851159
0.00000000298 4.99631840995 48733.23133818299
0.00000000379 4.15724883772 54394.56338733519
0.00000000315 3.35778860471 51535.90899683439
0.00000000369 3.28585153276 77308.10968311399
0.00000000317 1.92463402354 45405.0956819028
0.00000000321 2.67304207488 13655.8604911764
0.00000000305 4.89249914414 7.1135470008
0.00000000263 6.20975408266 52389.1053785864
0.00000000235 5.56250286661 51123.53789995999
0.00000000232 3.67747292832 82815.66292178139
0.00000000223 2.42466836013 66941.04532641819
0.00000000216 3.44223471965 313054.83769889036
0.00000000226 1.80631316423 32370.9789915656
0.00000000278 6.04510796667 51109.31080595839
0.00000000198 0.48439148557 53764.8791784322
0.00000000198 5.45868421930 69159.80243060499
0.00000000198 1.05088517434 50057.04242277
0.00000000204 2.45848643380 129380.13377768178
0.00000000202 2.90008957782 44937.1306915484
0.00000000186 0.34501313169 136100.84775702319
0.00000000184 0.66520680194 419.4846438752
0.00000000179 2.18135449870 51962.5071877104
0.00000000198 6.24548788507 38519.945791972
0.00000000175 3.70186890404 105460.99111839019
0.00000000170 4.76480820754 78244.0396638228
0.00000000174 5.50628514595 94138.32702008578
0.00000000228 0.17150693291 433.7117378768
0.00000000158 2.02200752968 64741.95798313119
0.00000000159 4.59781203561 853.196381752
0.00000000154 3.11106938682 35191.8101356918
0.00000000149 5.55768086104 59414.4818747484
0.00000000147 0.13708317947 52602.4044740244
0.00000000144 4.84328699315 23754.70674870219
0.00000000182 0.69098340435 55618.3812281138
0.00000000181 5.38091227869 57837.1383323006
0.00000000141 0.43737121379 19804.8272915828
0.00000000154 1.82260394090 99799.65906923798
0.00000000139 4.62954456179 25973.46385288896
0.00000000139 4.17648511776 26202.34243025941
0.00000000150 0.38751874779 12432.0426503978
0.00000000191 2.30641502359 26727.8004278882
0.00000000146 5.94769996528 77734.01845962799
0.00000000135 1.84579237766 78267.59076008058
0.00000000129 3.00023369224 88476.99497093359
0.00000000149 5.86186493808 27154.3986187642
0.00000000135 4.69551709590 124778.18365871879
0.00000000121 2.04673401184 104881.30353139139
0.00000000117 5.62340094017 26241.681952059
0.00000000146 2.33019644576 213.299095438
0.00000000114 3.20229489909 25934.1243310894
0.00000000111 4.43341533070 28206.6670019526
0.00000000108 0.12055562317 27140.17152476259
0.00000000108 4.00300903450 28421.0995344462
0.00000000115 2.44069966013 103821.92160120218
0.00000000147 5.78118598550 25661.3049506982
0.00000000143 3.36413722238 1596.1864422846
0.00000000112 4.03628252899 155418.04029735178
0.00000000113 0.89323533784 5327.4761083828
0.00000000101 1.94624186930 25619.9381512198
0.00000000103 3.99533045688 2333.196392872
0.00000000098 0.58109085915 26555.8681319286
0.00000000118 0.18946350402 7994.5284420242
0.00000000109 0.03546800856 103396.01282468818
0.00000000096 4.82412903185 58458.88213313979
0.00000000095 1.17322458014 78256.59587772179
0.00000000108 4.55255767260 79219.30916633119
0.00000000097 5.79799018982 105410.99449648599
0.00000000104 3.38377920613 91785.46086631398
0.00000000094 2.84735719730 1581.959348283
0.00000000090 4.81615242206 125887.56221081219
0.00000000084 1.63978190741 74821.13447975718
0.00000000083 5.10540266957 24498.8302462904
0.00000000083 0.21041749661 77623.81213840858
0.00000000098 3.79443655655 71980.63357473118
0.00000000080 5.50123915378 155468.03691925599
0.00000000081 1.24471501739 76044.9523205358
0.00000000082 2.10079395964 10213.285546211
0.00000000081 3.47273729856 26137.8997634784
0.00000000087 0.96769986532 80482.46652890938
0.00000000081 5.32947215471 26037.90651966999
0.00000000078 0.98498478741 73711.75592766379
0.00000000105 0.71334145620 78270.82297172339
0.00000000104 3.66342015283 78283.37918562238
0.00000000089 0.32104107901 78259.82808936459
0.00000000077 5.22885086883 18207.81398823521
0.00000000081 2.33694388762 77211.44104153418
0.00000000082 2.81119087789 77197.21394753258
0.00000000067 3.45611920251 85034.42002596818
0.00000000066 2.25341317524 120226.23016165999
0.00000000076 3.36946418463 149.5631971346
0.00000000066 3.38335740927 162188.75089859738
0.00000000071 0.43788427177 108903.56606335558
0.00000000064 1.72668339565 51756.3216392732
0.00000000061 0.85156750769 102762.53967101299
0.00000000061 5.87232894228 536.8045120954
0.00000000073 0.71807111236 522.5774180938
0.00000000080 0.95243616639 41962.5207369374
0.00000000076 3.02910585186 78477.00852016058
0.00000000063 5.48151873299 93028.94846799239
0.00000000078 4.97215052079 71492.99882347698
0.00000000077 2.34940739586 51742.09454527159
0.00000000077 2.23039388415 25565.3257234804
0.00000000057 2.02164287621 2648.454825473
0.00000000058 0.20188459959 339142.74084046457
0.00000000055 3.39931628865 13521.7514415914
0.00000000055 3.95248458913 76144.94556434419
0.00000000060 3.68878783807 33967.99229491319
0.00000000060 5.91873713879 71025.03383312259
0.00000000056 0.12827895263 117873.36400788819
0.00000000053 5.28346247937 10021.8372800994
0.00000000055 4.21946130925 51322.60990139639
0.00000000053 3.50270077624 79852.78232000639
0.00000000054 4.92792314090 78050.41032928458
0.00000000058 2.81154337799 64607.84893354619
0.00000000053 0.59571673904 98068.53671630539
0.00000000068 0.28167911102 26610.48055966799
0.00000000049 5.08570479388 90829.86112470538
0.00000000050 4.43499705514 131548.89425996438
0.00000000057 5.89765927926 632.7837393132
0.00000000050 3.73696798374 81706.28436968799
0.00000000057 1.99845655428 26624.70765366959
0.00000000048 1.72165289468 46848.3301747656
0.00000000051 5.44789453960 129909.82474277639
0.00000000055 2.67037457843 18093.37469954999
0.00000000045 1.53256570325 104331.94280539699
0.00000000043 3.21375486020 78690.30761559859
0.00000000050 5.55955993807 647.0108333148
0.00000000060 2.46786657303 44181.27784112419
0.00000000042 6.05032686000 114564.89811250778
0.00000000050 0.35287690462 25448.00585526019
0.00000000046 3.01593133957 76.2660712756
0.00000000052 5.71954387859 39743.7636327506
0.00000000043 5.20907523109 103925.01437542078
0.00000000039 1.52015918184 22759.76748529401
0.00000000047 4.16294922404 7880.08915333899
0.00000000051 0.64336380499 25551.09862947879
0.00000000037 1.54306065932 151975.46535238638
0.00000000044 3.24253086773 26521.614879451
0.00000000050 5.41249272242 50579.61984086379
0.00000000041 5.42065925757 52815.7035694624
0.00000000036 1.60823257348 84546.78527471398
0.00000000035 3.16352925954 25984.8103673556
0.00000000042 5.31330734899 25881.717593137
0.00000000038 1.94461159801 20760.4270331914
0.00000000040 3.45207563685 26294.08869001139
0.00000000041 1.46373068876 150866.08680029298
0.00000000041 2.59929301074 52329.58509363319
0.00000000033 5.65242255825 26190.99591579279
0.00000000043 4.45960439238 26507.38778544939
0.00000000035 0.94458988495 157636.79740153858
0.00000000033 5.49712174212 89586.37352302698
0.00000000033 1.02557119665 29416.03879785439
0.00000000037 5.05612012470 130969.20667296558
0.00000000045 4.56329533173 6681.2248533996
0.00000000032 0.81223636394 181505.94343892598
0.00000000036 4.90396980927 104355.49390165479
0.00000000033 2.20907300044 95247.70557217918
0.00000000030 3.64034430247 52643.7712735028
0.00000000032 3.07834718000 129483.91596626239
0.00000000032 5.92360692203 50593.84693486539
0.00000000030 2.26774333910 181555.94006083018
0.00000000031 0.94422467729 52290.24557183361
0.00000000030 6.02102768353 105307.21230790539
0.00000000032 3.17587486064 51639.00177105299
0.00000000031 3.79079245196 77204.32749453338
0.00000000030 2.65307578652 53242.3017603384
0.00000000028 0.76476883745 54509.0026760204
0.00000000030 3.96649414762 25668.418497699
0.00000000026 1.39174885866 52061.36699446317
0.00000000026 5.17584348971 29428.515568274
0.00000000031 1.42512028038 26941.0995233262
0.00000000025 4.71318347837 956.2891559706
0.00000000025 3.82482687733 22747.2907148744
0.00000000026 0.12161666654 26237.46633870879
0.00000000029 3.76445788944 104358.72611329758
0.00000000029 2.57759749899 131498.89763806018
0.00000000024 1.15377636817 54294.57014352679
0.00000000023 5.31248405128 146314.13330323418
0.00000000024 2.14828351418 25035.6347583858
0.00000000023 3.51522402665 42153.969003049
0.00000000025 2.81295161547 25021.4076643842
0.00000000023 3.16185186674 143961.26714946238
0.00000000026 0.16015479279 27684.0895838588
0.00000000023 0.76234430512 85502.38501632259
0.00000000023 1.93214715353 130012.91751699499
0.00000000021 4.22606773111 104344.49901929598
0.00000000021 4.30403088752 102132.85546210999
0.00000000023 4.82095240983 77844.22478084739
0.00000000023 6.09848080953 61279.713277266
0.00000000024 5.43301943304 52026.2430860138
0.00000000021 4.82582614568 206.1855484372
0.00000000028 5.39827333268 103299.34418310839
0.00000000021 3.65808766486 124156.43985787958
0.00000000023 5.40550001829 77829.99768684579
0.00000000021 0.15049062299 188276.65404017158
0.00000000020 0.71942657444 1478.8665740644
0.00000000019 2.08327707784 52125.80966124419
0.00000000019 0.39572623459 49527.35145767539
0.00000000020 5.86539829358 103285.11708910679
0.00000000019 3.38049497890 103711.71527998279
0.00000000019 1.62343185954 3328.13565628019
0.00000000022 6.13349712417 104564.91166173479
0.00000000026 5.96914298480 13362.4497067992
0.00000000025 4.72474160158 24864.08530079559
0.00000000021 1.75089409332 97580.90196505119
0.00000000019 3.21617188609 53228.07466633679
0.00000000024 4.07017150249 27311.72098235281
0.00000000019 0.01409672971 115674.27666460119
0.00000000021 0.42232709112 104371.28232719658
0.00000000018 3.95444821177 106570.36967048359
0.00000000022 3.48072739991 134991.46920492979
0.00000000017 0.85708896301 1162.4747044078
0.00000000016 1.01452476805 77410.51304297059
0.00000000019 3.35287626013 52698.38370124219
0.00000000017 1.53003869474 104138.31347085879
0.00000000016 2.76299512297 12546.481939083
0.00000000015 4.67333162818 100909.03762133139
0.00000000018 2.36207795372 131395.11544947959
0.00000000016 5.51525513218 25867.49049913539
0.00000000016 0.14257422390 60055.89543648739
0.00000000015 1.22870448460 65697.55772473979
0.00000000016 3.31067179278 26308.315784013
0.00000000021 4.56372121432 11610.5519583742
0.00000000020 3.01802641783 51543.0225438352
0.00000000017 3.21776480838 51528.79544983359
0.00000000015 6.06025379954 26164.1692128498
0.00000000020 4.28247273571 45494.58142974879
0.00000000019 2.18136203189 155997.72788435058
0.00000000017 2.13417847261 76667.52298243798
0.00000000018 2.25020745189 119116.85160956658
0.00000000016 4.97934330897 52712.61079524379
0.00000000017 5.06532306406 49842.60989027639
0.00000000014 6.04847951703 90695.75207512038
0.00000000014 2.00566016514 44295.7171298094
0.00000000014 3.89737183526 183724.70054311278
0.00000000014 3.18665999637 27999.1026247914
0.00000000019 3.37998775559 104347.73123093879
0.00000000014 3.19141679400 2111.6503133776
0.00000000015 0.17179065008 52225.8029050526
0.00000000018 2.68126129305 97112.93697469679
0.00000000015 3.20359726329 128850.44281258718
0.00000000016 5.81395988324 52099.5402118728
0.00000000014 1.85956386315 116917.76426627958
0.00000000015 3.25430509963 365230.64398203876
0.00000000013 5.63989609373 24176.703658357
0.00000000014 3.14536047801 111590.28815789679
0.00000000014 5.20815151417 25953.79409198919
0.00000000013 4.58713099926 178063.36849396059
0.00000000014 0.49361194238 107794.18751126219
0.00000000015 0.24966144265 105940.68546158058
0.00000000014 3.58612114877 26222.0121911592
0.00000000015 4.47532653098 40565.2543247742
0.00000000013 2.11806707918 323.5054166574
0.00000000015 6.00200377172 27669.86248985719
0.00000000013 4.88852328329 14477.35118320
0.00000000012 2.67513147421 76681.75007643958
0.00000000012 4.62759446539 72936.23331633979
0.00000000012 3.92223202416 16066.0658614748
0.00000000013 2.82189216105 140652.80125408198
0.00000000012 6.06250888369 52072.71350892979
0.00000000015 3.45337214515 77837.11123384659
0.00000000015 3.92082035349 2125.8774073792
0.00000000012 5.77007103086 1692.1656695024
0.00000000014 2.72526558025 38813.3565763492
0.00000000012 4.67458570991 110634.68841628819
0.00000000012 0.55371302918 102232.84870591838
0.00000000011 2.00033237383 36109.7404216736
0.00000000011 1.10539607022 26198.1094627936
0.00000000014 5.75250501205 78417.48823520739
0.00000000012 0.46344500005 45892.73043315699
0.00000000012 3.62733339243 31415.379249957
0.00000000011 0.14540231257 111122.32316754239
0.00000000011 6.27463466728 104778.21075717278
0.00000000011 1.42069515516 25977.69682035479
0.00000000011 6.17305766602 39629.32434406539
0.00000000011 2.54959001341 51969.62073471119
0.00000000015 1.08931229419 32769.1279949738
0.00000000010 4.00452085532 55503.94193942859
0.00000000012 4.58411493514 130419.8459469712
0.00000000011 2.95045626847 141762.17980617538
0.00000000013 5.16720446526 70269.18098269838
0.00000000010 5.01492480888 28736.3579670472
0.00000000012 2.34850046455 220.4126424388
0.00000000013 5.70406073241 25654.19140369739
0.00000000010 2.23466649370 78903.60671103658
0.00000000012 5.60290289064 224.3447957019
0.00000000010 6.22843606515 170049.17029103659
0.00000000010 5.31334628497 207643.84320240439
0.00000000012 4.98783133373 26395.46076254379
0.00000000012 3.81738635107 25780.3455206046
0.00000000012 2.61068546931 26724.8994135984
0.00000000012 6.19453221549 25450.90686955
0.00000000009 4.05684885963 51219.51712717779
0.00000000009 6.12208983529 155571.81910783658
0.00000000009 0.41261244956 78731.674415077
0.00000000012 0.71134314907 25446.4895798352
0.00000000012 1.81068922855 26729.31670331319
0.00000000010 2.47468110683 65831.6667743248
0.00000000009 0.40952403441 16703.062133499
0.00000000009 4.90697568305 51707.84129279399
0.00000000009 3.85732708279 207593.84658050018
0.00000000009 4.96561807224 156100.82065856918
0.00000000009 3.75776745639 1911.1994832172
0.00000000012 4.51598356731 176953.98994186718
0.00000000011 3.03748956531 12725.453434775
0.00000000009 0.04073004429 52609.51802102519
0.00000000009 1.91710703544 55516.4187098482
0.00000000010 0.81972980160 52022.0274726636
0.00000000008 4.36451680511 52182.4348420484
0.00000000011 1.79573927984 157057.10981453978
0.00000000010 0.38285944104 52381.99183158559
0.00000000009 4.83864149352 19.66976089979
0.00000000008 4.79233550623 27177.6119327678
0.00000000008 4.01288217857 24998.19435038059
0.00000000008 2.85801662646 26720.68688088739
0.00000000008 4.56240457496 48847.6706268682
0.00000000008 4.66429418352 860.3099287528
0.00000000008 0.38701534981 13541.42120249119
0.00000000008 4.10511816483 1223.81784077861
0.00000000007 0.36409349149 68241.87214462319
0.00000000008 1.38258172759 52595.29092702359
0.00000000008 0.52005477263 130446.62925487179
0.00000000007 1.77349206529 50696.93970908399
0.00000000009 1.66361806448 130443.39704322898
0.00000000007 0.73615049600 209812.60368468695
0.00000000009 1.23134600870 52169.17772424839
0.00000000007 2.07118222069 172402.03644480839
0.00000000007 5.46443083494 846.0828347512
0.00000000007 1.93763204899 35472.7441496494
0.00000000007 1.48249068512 27044.1922975448
0.00000000007 0.42254434487 150244.34299945379
0.00000000009 2.36048752326 26734.913974889
0.00000000007 3.18648827109 52325.36948028299
0.00000000007 2.24046065624 9384.8410080752
0.00000000007 3.81340646490 80596.9058175946
0.00000000006 2.21280392322 52278.89905736699
0.00000000008 2.16932671663 129387.24732468258
0.00000000008 1.13965005489 25234.70675982219
0.00000000008 6.21586114247 77726.90491262719
0.00000000006 5.71782638960 79330.20490191258
0.00000000007 3.99442191803 78378.14871340781
0.00000000006 2.63385868818 129373.02023068098
0.00000000007 0.06529608191 26162.6847401415
0.00000000006 1.55390090257 51013.33157874059
0.00000000006 3.29219308990 75615.25459924959
0.00000000007 5.23140732853 157483.01859105378
0.00000000006 2.46763974875 26013.1215430069
0.00000000006 6.03059495880 137678.19129947099
0.00000000006 2.93834812676 130652.81480330898
0.00000000007 6.14935848430 77630.92568540938
0.00000000006 4.96304042103 25508.2155545754
0.00000000006 3.84217726377 26667.590728573
0.00000000006 0.29225742955 6885.14988993081
0.00000000006 2.18079162130 103917.90082841998
0.00000000008 5.64484638063 157586.80077963437
0.00000000006 4.16879920974 80382.47328510099
0.00000000006 0.66117422106 34282.1784747828
0.00000000007 3.20892469724 214364.55718174578
0.00000000007 2.79508447590 25754.0472008048
0.00000000007 6.01013320890 26421.7590823436
0.00000000006 4.43814061291 78149.27013603736
0.00000000005 5.60856067263 50064.15596977079
0.00000000006 1.06133168572 128220.75860368418
0.00000000005 4.48886015660 130226.21661243298
0.00000000006 4.78075047395 123668.80510662538
0.00000000005 4.50559999191 110.2063212194
0.00000000005 5.89140407331 102769.65321801379
0.00000000005 2.50213086189 19406.6782881746
0.00000000006 1.60825783072 103932.12792242158
0.00000000006 0.24754368045 161079.37234650398
0.00000000006 3.54848918635 86143.79857806159
0.00000000007 5.68676720253 64901.25971792339
0.00000000006 1.96214622184 1265.5674786264
0.00000000005 5.11989980868 78213.71280281838
0.00000000006 5.18848518823 182085.63102592478
0.00000000006 0.59952467665 51653.22886505459
0.00000000005 5.44401843923 102755.42612401219
0.00000000006 1.15772089340 8194.2753332086
0.00000000005 0.85038224536 53399.624123927
0.00000000005 2.42671724536 27780.06881107659
0.00000000005 5.22476504934 26402.0893214438
0.00000000005 3.58045263546 25773.71696170459
0.00000000006 3.39764117475 6283.0758499914
0.00000000005 2.42996301937 25938.3399444396
0.00000000005 0.01470040312 77616.69859140778
0.00000000006 4.89504933760 50049.92887576919
0.00000000005 1.99586214710 17893.6278083656
0.00000000004 6.00566134496 167850.08294774959
0.00000000006 5.77707621428 154938.34595416138
0.00000000005 4.78954041827 3340.6124266998
0.00000000004 0.97602564752 130432.40216087017
0.00000000004 0.40741730958 51852.30086649099
0.00000000005 1.35488481256 204151.27163553478
0.00000000004 3.67345614971 636.9962720242
0.00000000004 2.74223078461 116783.65521669458
0.00000000005 2.74366605427 39450.3528483734
0.00000000004 1.23165526523 51955.39364070959
0.00000000004 4.09127907081 103498.41618454478
0.00000000004 2.37045324906 45290.65639321759
0.00000000005 0.06895267430 52396.2189255872
0.00000000004 2.56354623790 104505.39137678158
0.00000000005 5.71032452100 123200.84011627098
0.00000000004 0.59460014711 28791.5192962498
0.00000000004 1.92743223051 23384.2869868986
0.00000000005 4.52669072840 53029.0026649004
0.00000000004 1.81268637965 26823.77965510599
0.00000000004 0.70934599797 25352.02662804239
0.00000000004 3.53975344268 133882.09065283638
0.00000000004 3.01935498774 50483.640613646
0.00000000004 2.01334717451 183570.92173262799
0.00000000004 3.22384434044 53771.99272543299
0.00000000005 5.28711139263 145204.75475114079
0.00000000004 1.34862695530 27170.98337386779
0.00000000004 1.17340542232 25004.8229092806
0.00000000004 0.14217969958 78786.28684281638
0.00000000004 3.51787698369 1795.258443721
0.00000000005 1.84426394169 26709.6469424134
0.00000000005 0.67776843593 25466.159340735
0.00000000005 1.25657099336 32132.1317229496
0.00000000004 4.27093115110 52065.59996192899
0.00000000004 0.10710186975 2221.856634597
0.00000000004 1.11438053331 78270.33798362259
0.00000000004 2.21736054801 96357.08412427259
0.00000000004 3.34685106694 949.1756089698
0.00000000004 1.34025094893 6044.2285813754
0.00000000004 4.90309780700 143005.66740785378
0.00000000004 1.70672949321 78800.51393681798
0.00000000004 0.90136038469 132658.27281205778
0.00000000004 6.04765404465 54087.0057663656
0.00000000004 3.45396433025 130459.18546877075
0.00000000004 2.57433955449 3178.1457905676
0.00000000004 3.39420749098 52250.5878817157
0.00000000004 2.89280023626 87367.61641884019
0.00000000003 2.73132197327 78160.61665050399
0.00000000003 4.14416998165 114.43928868521
0.00000000004 0.15780189015 130435.63437251298
0.00000000004 0.06711300408 26575.53789282839
0.00000000004 2.45491937354 25600.26839032
0.00000000003 5.37713404461 1485.9801210652
0.00000000003 0.35934615572 52309.9153327334
0.00000000003 5.05649683266 70383.6202713836
0.00000000003 2.84685809679 52252.07235442399
0.00000000005 0.41148055834 52808.59002246159
0.00000000004 4.17938922255 58857.03113654799
0.00000000004 3.20092050693 51951.46148744649
0.00000000003 2.40144059169 50264.6067999312
0.00000000004 1.17285198222 20043.6745601988
0.00000000003 0.93320061996 81591.84508100279
0.00000000003 3.96547374476 25985.94062330859
0.00000000003 4.83974394004 26189.8656598398
0.00000000004 1.45951607601 136722.59155786238
0.00000000003 0.03403776890 23969.1392811958
0.00000000003 4.75567563333 61560.64729122359
0.00000000003 2.62671587640 181026.24909573558
0.00000000004 3.79559151920 128320.75184749259
0.00000000004 0.32749351115 129799.61842155698
0.00000000003 4.92235874244 26073.67604757259
0.00000000003 3.88285894236 26102.1302355758
0.00000000004 0.30171000276 467.9649903544
0.00000000003 0.49521348870 2703.6161546756
0.00000000003 2.83604151145 19202.75325164339
0.00000000004 1.29687523233 37698.4550999484
0.00000000003 1.87341446779 26247.2048763664
0.00000000003 0.64861790983 25928.601406782
0.00000000003 2.68609993628 103.0927742186
0.00000000004 3.27872430484 132028.58860315479
0.00000000003 1.46102417169 75930.51303185058
0.00000000004 5.86092912592 166740.70439565618
0.00000000003 0.00693087411 79315.97780791098
0.00000000003 3.05784222447 130866.11389874699
0.00000000003 3.64997039969 35077.37084700659
0.00000000003 0.66136657530 51868.2486621788
0.00000000003 4.90383671624 76784.84285065818
0.00000000004 5.11822399207 78109.93061423779
0.00000000003 5.09644922263 121335.60871375339
0.00000000003 4.15087523006 52286.01260436779
0.00000000003 4.49117697679 77101.23472031478
0.00000000003 4.40672346738 77741.13200662879
0.00000000003 1.17033111095 74.7815985673
0.00000000003 1.72068912262 24505.94379329119
0.00000000004 4.47958960947 28286.9904848612
0.00000000004 4.32562807533 23888.81579828719
0.00000000002 0.15001821237 48835.19385644859
0.00000000002 1.69313010887 182188.72380014337
0.00000000003 4.67718054767 27250.37784598199
0.00000000003 4.13971825138 51315.49635439559
0.00000000003 2.73499122343 26011.6370702986
0.00000000002 1.21896533465 2008.557539159
0.00000000002 1.13182429686 126996.94076290558
0.00000000002 3.33832397299 24925.4284371664
0.00000000002 3.34607115822 51329.7234483972
0.00000000003 4.94974770833 81604.32185142238
0.00000000003 5.66982181767 52812.8025551726
0.00000000003 0.02173421963 391318.54712361297
0.00000000002 2.96978628967 196137.07343261078
0.00000000003 1.28173018247 156507.74908854539
0.00000000003 0.93767773997 27726.9726587622
0.00000000003 1.58435463765 24448.8336243862
0.00000000002 5.77422284047 78057.52387628538
0.00000000002 4.07811706723 8989.46770543239
0.00000000003 3.17950494103 78313.70604662679
0.00000000003 1.26777637523 203041.89308344138
0.00000000002 5.82933637566 38634.3850806572
0.00000000003 2.77488316132 34082.4315835984
0.00000000002 2.71698289856 163766.09444104518
0.00000000003 4.25851095793 78257.08086582259
0.00000000003 1.95628126873 52041.69723356339
0.00000000002 3.46648506780 104819.57755665119
0.00000000002 5.05493269125 62197.64356324779
0.00000000002 2.31391865561 65717.22748563958
0.00000000003 3.67398707035 113341.08027172917
0.00000000002 0.57819709496 66653.15746634839
0.00000000002 5.81134538507 74923.09699802278
0.00000000002 5.31799111712 17098.43543614181
0.00000000002 3.54866382542 78469.89497315978
0.00000000002 0.63534070468 77307.42026875199
0.00000000002 5.30685200110 104991.50985261079
0.00000000002 1.01052937078 101703.15774082378
0.00000000002 2.46838836063 26312.2479372761
0.00000000002 1.48861622297 50951.98844236979
0.00000000002 5.52205824738 91919.56991589899
0.00000000002 1.43776747042 99024.13645791399
0.00000000002 2.07491313678 225687.22128005016
0.00000000002 2.45878629397 26183.88236879199
0.00000000002 0.06324608365 25991.92391435639
0.00000000003 3.66137462974 51534.3927214094
0.00000000002 4.79894731382 183145.01295611398
0.00000000002 1.16884626410 26397.18146422999
0.00000000002 1.35318611352 25778.62481891839
0.00000000002 3.47961101671 42790.9652750732
0.00000000002 3.54021512986 51538.81001112419
0.00000000002 2.45627954068 24952.226269681
0.00000000002 0.06575283694 27223.5800134674
0.00000000002 2.99909862001 103718.82882698359
0.00000000002 1.64606671842 25984.1209529936
0.00000000002 0.87596565920 26191.68533015479
0.00000000002 5.44690335938 25927.49577218939
0.00000000002 3.35831432542 26248.310510959
0.00000000002 1.80317516125 177287.84588263658
0.00000000002 5.05959592679 118828.96374949679
0.00000000002 1.57407073796 53265.515074342
0.00000000002 6.17867775538 51841.950342379
0.00000000002 0.52784265993 29550.14784743939
0.00000000002 1.99418971769 22625.658435709
0.00000000002 6.15702102064 27037.07875054399
0.00000000002 2.64819666416 25138.7275326044
0.00000000002 4.84158872259 52817.21984488739
0.00000000002 4.00429984448 87253.17713015496
0.00000000002 0.01411567213 168959.46149984296
0.00000000002 2.22725796457 104202.04936916218
0.00000000002 2.07951392438 233731.74634397858
0.00000000002 4.90161061296 102018.41617342478
0.00000000002 1.72258811309 54824.2611086214
0.00000000002 0.55814555148 50910.238804522
0.00000000002 1.51894844260 51859.41441349179
0.00000000002 0.57437116940 25131.61398560359
0.00000000002 2.82794115256 24609.0365675098
0.00000000002 6.28078149044 25863.55834587229
0.00000000002 2.83592703830 53757.76563143139
0.00000000002 4.03688605095 52492.19815280499
0.00000000002 3.93802376646 26076.8574413103
0.00000000002 4.86719391834 26098.9488418381
0.00000000002 3.37995643779 176332.24614102798
0.00000000002 3.60695289838 78896.49316403578
0.00000000002 4.97912201809 26411.4085582316
0.00000000002 2.85499495780 181659.72224941078
0.00000000002 1.87598894439 52483.36390411799
0.00000000001 3.06891862205 27351.06050415239
0.00000000001 5.73629906275 24824.745778996
0.00000000001 3.09801335678 78697.42116259939
0.00000000001 1.67825434512 51596.1186961496
0.00000000001 2.50491935869 153084.84390447979
0.00000000002 2.96585642839 103814.80805420138
0.00000000002 5.41433241516 51226.63067417859
0.00000000001 1.46779104995 231348.55332920236
0.00000000002 0.08777712054 23976.2528281966
0.00000000002 5.45481395203 149642.26895951436
0.00000000002 5.14888486482 23962.02573419499
0.00000000001 3.87951272011 112545.88789950538
0.00000000001 2.62874092556 189853.99758261938
0.00000000001 3.14624674879 54879.422437824
0.00000000002 3.37548806405 94329.77528619739
0.00000000001 3.22111896048 52509.6622239178
0.00000000002 4.07843204929 26713.57333388659
0.00000000002 4.72678563551 25462.2329492618
0.00000000002 2.54595097754 23919.1426592916
0.00000000002 6.25926670726 28256.66362385679
0.00000000002 3.20475280547 80174.90890793978
0.00000000001 0.01220959090 28199.55345495179
0.00000000002 1.82803437881 125112.03959948818
0.00000000001 1.92944311048 26933.9859763254
0.00000000001 0.59258926714 25241.820306823
0.00000000001 3.30576238641 241561.83887541336
0.00000000001 5.28557867032 50380.54783942739
0.00000000001 6.27614032109 215473.93573383916
0.00000000002 4.04923139057 27566.76971563859
0.00000000001 0.20613619394 106262.81204951399
0.00000000001 2.40978376724 49953.94964855139
0.00000000001 5.41286890292 155460.92337225519
0.00000000001 4.12537467992 163298.12945069079
0.00000000002 0.20694684105 25440.89230825939
0.00000000001 2.80241855615 26926.87242932459
0.00000000001 6.00279912865 25248.9338538238
0.00000000001 4.53786604484 205260.65018762815
0.00000000001 5.35982042099 128106.31931499895
0.00000000002 0.12452737797 142871.55835826878
0.00000000001 6.22889842287 48997.6604925808
0.00000000001 3.64991019877 27005.83342755599
0.00000000001 5.15530748603 25169.9728555924
0.00000000001 3.42636128355 50689.82616208319
0.00000000001 4.02494689929 112231.70171963578
0.00000000001 3.17879397547 90989.16285949759
0.00000000001 0.12352160841 143980.93691036216
0.00000000001 2.50393985667 76152.05911134499
0.00000000001 6.25922905509 91805.13062721379
0.00000000001 6.12692757039 84307.93800609799
0.00000000001 3.46792746542 138319.60486120995
0.00000000001 5.69844148915 92741.06060792258
0.00000000001 4.24960627112 24072.9214697764
0.00000000001 4.55561141368 28102.884813372
0.00000000001 6.16493393350 24395.7374720718
0.00000000001 5.22888939483 24844.41553989579
0.00000000001 3.57632828997 27331.3907432526
0.00000000001 0.38942177438 154408.65498906678
0.00000000001 2.78357107118 193937.98608932378
0.00000000001 4.05552152915 58220.0348645238
0.00000000001 0.81202957380 97670.38771289718
0.00000000001 2.55908057007 60370.08161635699
0.00000000001 3.06090263008 24356.7807886416
0.00000000001 5.74431505472 27819.0254945068
0.00000000001 3.77400510642 25764.39772491679
0.00000000001 4.14180223370 151199.94274106238
0.00000000001 5.05251600508 209658.82487420218
0.00000000001 3.84356790046 23704.71012679799
0.00000000001 4.96164978434 28471.0961563504
0.00000000001 0.26444294836 23439.44831610119
0.00000000001 3.64905591301 51439.92976961659
0.00000000001 2.45569831568 26177.38888942019
0.00000000001 0.06633406194 25998.4173937282
0.00000000001 0.41633866770 233681.74972207438
0.00000000001 1.60238548900 21650.38893320061
0.00000000001 0.91964688862 30525.41734994779
0.00000000001 4.32794152273 159855.55450572536
0.00000000001 2.57975917809 24203.0019781568
0.00000000001 6.22545850671 27972.80430499159
0.00000000001 1.69909342383 26094.53170047421
0.00000000001 2.25118383840 104197.83375581198
0.00000000001 1.28948419377 50167.24874398939
0.00000000001 3.16953164459 199599.31813847595
0.00000000001 6.26093145675 78413.27262185719
0.00000000001 4.71083057280 156531.30018480319
0.00000000001 5.34553007074 147423.51185532758
0.00000000001 2.69486500780 247223.17092456557
0.00000000001 2.94258825469 25151.97316086539
0.00000000001 5.86262943011 27023.833122283
0.00000000001 2.39382184066 183674.70392120858
0.00000000001 3.49918672345 97466.46267636596
0.00000000001 4.49841046349 26126.036177212
0.00000000001 4.30680722131 26049.7701059364
0.00000000001 3.77812730736 27388.72995977919
0.00000000001 5.02709037744 24787.0763233692
0.00000000001 0.16003886949 132350.71519108818
0.00000000001 5.22928116569 155475.15046625677
0.00000000001 3.60259923599 24602.61243487099
0.00000000001 5.20261844881 27573.1938482774
0.00000000001 5.11853435105 198489.93958638258
0.00000000001 3.56429469477 156534.53239644598
0.00000000001 5.23354450332 130005.80396999417
0.00000000001 2.18749112623 77039.89158394396
0.00000000001 4.70952350385 129215.69786709236
0.00000000001 3.68396287904 25923.46723098479
0.00000000001 5.12125480576 26252.33905216361
0.00000000001 3.39554226843 73891.83305794839
0.00000000001 5.91757464605 126067.63934109679
0.00000000001 0.83086794433 30171.8916482786
0.00000000001 1.69116443329 22003.9146348698