0.00004612157 0.0 0.0
0.00001575670 2.81172733349 52175.8062831484
0.00000927896 5.85368769122 78263.70942472259
0.00000670255 0.90964509090 26087.9031415742
0.00000373744 2.62279275699 104351.61256629678
0.00000131389 5.67519052208 130439.51570787099
0.00000043188 2.44402631830 156527.41884944518
0.00000013650 5.49573569359 182615.32199101939
0.00000004206 2.26403437926 208703.22513259358
0.00000002984 6.06067837128 24978.5245894808
0.00000002686 2.76365562250 27197.2816936676
0.00000001274 5.31539852523 234791.12827416777
0.00000001027 2.84300614786 51066.427731055
0.00000000381 2.08333719811 260879.03141574195
0.00000000352 5.82507812341 53285.1848352418
0.00000000335 3.37537319389 1109.3785520934
0.00000000356 5.90144515856 77154.33087262919
0.00000000178 5.83879634770 1589.0728952838
0.00000000197 2.58901447921 25132.3033999656
0.00000000165 4.77968548608 1059.3819301892
0.00000000174 6.19970518794 27043.5028831828
0.00000000138 0.32050955420 21535.9496445154
0.00000000152 3.46766299392 20426.571092422
0.00000000125 4.32480488747 26617.5941066688
0.00000000117 4.51608581878 25558.2121764796
0.00000000119 0.26940576275 46514.4742339962
0.00000000113 5.13479506099 286966.93455731616
0.00000000108 1.00337547207 14765.2390432698
0.00000000126 6.14682046798 23869.1460373874
0.00000000106 1.37019536118 27147.28507176339
0.00000000121 2.67342689025 103242.23401420339
0.00000000107 2.67501768515 28306.66024576099
0.00000000103 5.45719542646 31749.2351907264
0.00000000086 3.58192012664 19317.1925403286
0.00000000095 2.17047827218 4551.9534970588
0.00000000067 4.81636058177 9103.9069941176
0.00000000077 0.22294716973 22645.32819660879
0.00000000066 2.34654801419 3442.5749449654
0.00000000059 3.32463299177 72602.37737557039
0.00000000060 2.26631911660 30639.856638633
0.00000000059 2.98425907470 50586.73338786459
0.00000000060 0.99475775846 52705.49724824299
0.00000000059 1.55381311926 37410.5672398786
0.00000000066 5.36962395931 51220.20654153979
0.00000000058 5.26315302410 32858.61374281979
0.00000000052 3.78393573371 639.897286314
0.00000000049 2.45936277850 27676.976036858
0.00000000051 4.08715478685 51116.4243529592
0.00000000045 2.48850621100 26202.34243025941
0.00000000045 0.02918998649 25973.46385288896
0.00000000045 4.38367721547 53235.18821333759
0.00000000040 1.42851453913 26301.2022370122
0.00000000052 0.46087243356 955.5997416086
0.00000000039 1.10147216023 25874.6040461362
0.00000000039 4.08449976646 40853.142184844
0.00000000037 0.24047079066 2118.7638603784
0.00000000046 2.36226611879 29530.4780865396
0.00000000039 2.71510286457 53131.406024757
0.00000000034 5.34770943540 56727.7597802072
0.00000000040 5.72538622894 129330.13715577759
0.00000000033 1.89317335643 313054.83769889036
0.00000000032 5.81428165747 6770.7106012456
0.00000000038 3.26185757209 2218.7571041868
0.00000000030 4.05437615641 43071.8992890308
0.00000000033 2.92004182064 49957.0491789616
0.00000000036 5.40556752348 529.6909650946
0.00000000025 0.09705599716 98690.28051714458
0.00000000030 0.44155155116 47623.8527860896
0.00000000023 4.22922851538 16983.9961474566
0.00000000024 3.94664051894 78793.40038981718
0.00000000024 1.99165646805 77308.10968311399
0.00000000028 5.72914844642 54394.56338733519
0.00000000022 0.35963548929 45405.0956819028
0.00000000024 5.32858635997 18849.2275499742
0.00000000018 0.17787797764 52156.1365222486
0.00000000018 1.16105857213 79323.09135491178
0.00000000022 1.11933727537 13655.8604911764
0.00000000018 0.83099200037 12566.1516999828
0.00000000018 4.54633317296 52389.1053785864
0.00000000018 5.02672541458 51535.90899683439
0.00000000018 1.65595798708 51646.11531805379
0.00000000016 0.09513192311 23754.70674870219
0.00000000016 1.99438250231 58946.51688439399
0.00000000015 3.83660842048 38654.05484155699
0.00000000016 2.81765573502 213.299095438
0.00000000015 2.03096195084 5661.3320491522
0.00000000015 0.22694790547 48733.23133818299
0.00000000015 5.36500920222 426.598190876
0.00000000016 2.08963950452 11322.6640983044
0.00000000015 2.10902101239 82815.66292178139
0.00000000014 2.78613814970 853.196381752
0.00000000014 3.52261302721 52179.6876185064
0.00000000015 2.61226501657 79373.08797681599
0.00000000014 0.87917385569 66941.04532641819
0.00000000014 5.41787560745 53764.8791784322
0.00000000014 2.07377604640 110012.94461544899
0.00000000014 1.61288448694 36301.18868778519
0.00000000013 2.42169327872 28421.0995344462
0.00000000013 5.77387844338 76674.63652943878
0.00000000015 5.36990490192 52195.47604404819
0.00000000016 3.41100376315 33326.5787331742
0.00000000013 5.40167186911 83925.04147387479
0.00000000016 5.39991081548 55618.3812281138
0.00000000013 2.49786568147 155418.04029735178
0.00000000012 2.28713351757 50057.04242277
0.00000000013 2.01707000795 52171.9249477904
0.00000000014 0.57769767887 26727.8004278882
0.00000000011 4.62449766576 62389.09182935939
0.00000000010 5.55718728874 52290.24557183361
0.00000000012 1.55438318082 26514.5013324502
0.00000000009 5.97731076392 76044.9523205358
0.00000000009 1.52608730668 35191.8101356918
0.00000000010 3.15434437042 124778.18365871879
0.00000000009 4.94399763372 339142.74084046457
0.00000000009 3.23297814751 78244.0396638228
0.00000000011 1.37012220080 38519.945791972
0.00000000009 1.65178893035 39609.6545831656
0.00000000008 3.08406781779 52061.36699446317
0.00000000010 1.78007560053 25028.521211385
0.00000000009 1.99370375699 12432.0426503978
0.00000000009 0.64203429747 104881.30353139139
0.00000000008 2.46909335815 2333.196392872
0.00000000008 5.09160593281 136100.84775702319
0.00000000008 4.95977806392 103396.01282468818
0.00000000008 3.17511222783 28206.6670019526
0.00000000008 5.30797759703 79219.30916633119
0.00000000009 4.93174852989 7994.5284420242
0.00000000009 4.69826318545 63498.47038145279
0.00000000009 1.06973985086 15874.6175953632
0.00000000007 3.14954677340 52168.69273614759
0.00000000007 0.55559122998 64741.95798313119
0.00000000007 0.76613463585 69159.80243060499
0.00000000007 0.31047071847 78267.59076008058
0.00000000009 1.78142262939 44937.1306915484
0.00000000007 3.66488715060 18207.81398823521
0.00000000008 2.43253154916 52182.9198301492
0.00000000006 4.20186212149 105410.99449648599
0.00000000006 1.43352275284 88476.99497093359
0.00000000007 4.55836386142 51962.5071877104
0.00000000006 0.82384473987 129380.13377768178
0.00000000006 4.69107663948 52602.4044740244
0.00000000006 0.95309123619 68050.42387851159
0.00000000007 3.94256114885 7238.67559160
0.00000000005 4.22538197267 57837.1383323006
0.00000000006 1.35964226786 78477.00852016058
0.00000000005 3.27748453006 74821.13447975718
0.00000000005 4.79928508484 13521.7514415914
0.00000000007 2.15262985645 78283.37918562238
0.00000000007 3.41483534504 71492.99882347698
0.00000000005 2.00252804083 25661.3049506982
0.00000000005 2.30423096631 105460.99111839019
0.00000000005 3.95725794199 94138.32702008578
0.00000000005 6.01203009176 51322.60990139639
0.00000000006 4.90832237060 77734.01845962799
0.00000000006 5.09323451879 78259.82808936459
0.00000000005 5.15754800675 108903.56606335558
0.00000000005 2.16962219454 81706.28436968799
0.00000000005 6.03160576908 78256.59587772179
0.00000000006 3.87273262792 103292.23063610759
0.00000000004 0.83457275877 32370.9789915656
0.00000000004 5.01761361986 33967.99229491319
0.00000000004 2.55613520919 29416.03879785439
0.00000000004 6.24908247561 22759.76748529401
0.00000000005 3.91889103336 93028.94846799239
0.00000000004 5.09314307859 76144.94556434419
0.00000000004 5.54718850207 181505.94343892598
0.00000000004 3.66591555169 51749.20809227239
0.00000000004 5.43535832308 77204.32749453338
0.00000000005 6.24450165084 59414.4818747484
0.00000000005 5.47240472132 78270.82297172339
0.00000000004 3.89916025123 44181.27784112419
0.00000000004 6.22902554255 24498.8302462904
0.00000000004 3.92116783578 155468.03691925599
0.00000000004 5.48712842142 54509.0026760204
0.00000000004 4.27463598779 18093.37469954999
0.00000000003 1.85244465361 162188.75089859738
0.00000000003 4.77836422656 41962.5207369374
0.00000000004 2.12335410594 79852.78232000639
0.00000000004 4.17801375091 39743.7636327506
0.00000000004 5.70840309627 7880.08915333899
0.00000000003 0.39806541191 99799.65906923798
0.00000000004 2.38564459509 80482.46652890938
0.00000000003 6.27556693980 104331.94280539699
0.00000000003 1.35069678358 19804.8272915828
0.00000000003 1.81855841579 77623.81213840858
0.00000000004 2.52850834706 27311.72098235281
0.00000000004 6.27670933774 24864.08530079559
0.00000000003 0.70573582046 120226.23016165999
0.00000000003 3.32514993267 125887.56221081219
0.00000000003 3.75830218405 58458.88213313979
0.00000000003 2.74763513151 102132.85546210999
0.00000000003 1.67864067330 129483.91596626239
0.00000000003 6.20277750460 150866.08680029298
0.00000000004 1.26893874193 103821.92160120218
0.00000000003 3.56406791266 90829.86112470538
0.00000000003 3.63272158132 130969.20667296558
0.00000000002 3.23610336539 3328.13565628019
0.00000000003 5.91047728379 26941.0995233262
0.00000000002 0.95061008775 2648.454825473
0.00000000003 4.65184843181 71025.03383312259
0.00000000002 4.48148929675 114564.89811250778
0.00000000002 2.32776941660 78378.14871340781
0.00000000003 3.35170366833 104355.49390165479
0.00000000002 5.14923443722 10213.285546211
0.00000000003 4.22691038602 64607.84893354619
0.00000000002 1.71650975828 365230.64398203876
0.00000000003 3.67194915630 52815.7035694624
0.00000000002 1.27345348451 77197.21394753258
0.00000000002 1.48417100051 78690.30761559859
0.00000000002 2.36187956438 6283.0758499914
0.00000000002 6.12303826586 26080.78959457339
0.00000000002 5.19120708421 104371.28232719658
0.00000000002 0.78853413649 77211.44104153418
0.00000000002 2.72670303771 104344.49901929598
0.00000000002 4.67739374144 73711.75592766379
0.00000000002 1.53237872748 25021.4076643842
0.00000000002 2.13231085358 78050.41032928458
0.00000000002 0.91172072873 26724.8994135984
0.00000000002 1.61031164889 25450.90686955
0.00000000002 0.18515603002 97580.90196505119
0.00000000002 1.24467307746 25035.6347583858
0.00000000002 4.54718046119 61279.713277266
0.00000000002 0.99883736208 131498.89763806018
0.00000000002 6.14579824758 78149.27013603736
0.00000000002 5.22194829628 107794.18751126219
0.00000000002 4.44568632865 104564.91166173479
0.00000000002 0.43885889697 44295.7171298094
0.00000000002 2.21775926430 104358.72611329758
0.00000000002 6.01244126070 26095.016688575
0.00000000002 1.97247119445 25448.00585526019
0.00000000002 1.84425072089 104347.73123093879
0.00000000002 1.92978783375 134991.46920492979
0.00000000002 6.15762075171 54294.57014352679
0.00000000001 0.00646259477 151975.46535238638
0.00000000002 4.28651900923 27154.3986187642
0.00000000001 4.96493278918 131548.89425996438
0.00000000002 4.03299923868 129909.82474277639
0.00000000001 4.85411171080 117873.36400788819
0.00000000001 0.70037814448 181555.94006083018
0.00000000001 4.76887553825 27140.17152476259
0.00000000001 2.20665692734 71980.63357473118
0.00000000001 0.32376121011 84546.78527471398
0.00000000001 2.02269954361 105307.21230790539
0.00000000001 5.65215614938 55503.94193942859
0.00000000001 4.32724826212 103285.11708910679
0.00000000001 5.29833008252 98068.53671630539
0.00000000001 0.18572568831 49842.60989027639
0.00000000001 4.90122380403 188276.65404017158
0.00000000001 3.76341801760 146314.13330323418
0.00000000001 1.30916935787 39629.32434406539
0.00000000001 1.21286301975 12546.481939083
0.00000000001 3.39146472709 29428.515568274
0.00000000001 5.41375295771 22747.2907148744
0.00000000001 3.01779717813 48847.6706268682
0.00000000001 0.59868544996 119116.85160956658
0.00000000001 3.78611740517 26068.2333806744
0.00000000001 2.27036539747 65697.55772473979
0.00000000001 4.83301226330 85034.42002596818
0.00000000001 1.67985210779 91785.46086631398
0.00000000001 0.94607737269 65831.6667743248
0.00000000001 3.70907832809 25668.418497699
0.00000000001 5.11382979303 105940.68546158058
0.00000000001 2.55240899630 23969.1392811958
0.00000000001 5.58196282531 53399.624123927
0.00000000001 5.05138921018 86143.79857806159
0.00000000001 2.25556473621 80596.9058175946
0.00000000001 0.21311360055 116917.76426627958
0.00000000001 1.56663404561 49527.35145767539
0.00000000001 0.86126131153 26091.7844769322
0.00000000001 1.85701383103 102762.53967101299
0.00000000001 5.22154224565 42153.969003049
0.00000000001 3.58367543915 10021.8372800994
0.00000000001 2.09053854156 52643.7712735028
0.00000000001 5.79544037209 106570.36967048359
0.00000000001 1.91470461401 60055.89543648739
0.00000000001 2.85680513265 77410.51304297059
0.00000000001 3.76946194078 35472.7441496494
0.00000000001 5.03575574402 16703.062133499
0.00000000001 4.78643120649 51109.31080595839
0.00000000001 0.57669802141 95247.70557217918
0.00000000001 2.90180569851 25234.70675982219
0.00000000001 1.58201404622 90695.75207512038
0.00000000001 2.68747867545 26107.57290247399
0.00000000001 4.30211746075 51123.53789995999
0.00000000001 5.61783600207 26084.0218062162
0.00000000001 3.85421340571 103299.34418310839
0.00000000000 1.67828847641 111122.32316754239
0.00000000000 4.32269517066 116783.65521669458
0.00000000000 1.57680890241 102232.84870591838
0.00000000000 3.86212056666 77829.99768684579
0.00000000000 1.07901792462 53242.3017603384
0.00000000000 5.66444613327 45892.73043315699
0.00000000000 2.20085558024 85502.38501632259
0.00000000000 0.98299558571 52329.58509363319
0.00000000000 1.32972554910 97112.93697469679
0.00000000000 1.12592342011 70269.18098269838
0.00000000000 3.04273231467 130419.8459469712
0.00000000000 2.31692106685 207593.84658050018
0.00000000000 0.47743492160 78903.60671103658