9.51638335797 0.87441380794 213.299095438
0.26412374238 0.12390892620 426.598190876
0.06760430339 4.16767145778 206.1855484372
0.06624260115 0.75094737780 220.4126424388
0.04244797817 0.0 0.0
0.02336340488 2.02227784673 7.1135470008
0.01255372247 2.17338917731 110.2063212194
0.01115684467 3.15686878377 419.4846438752
0.01097683232 5.65753337256 639.897286314
0.00716328481 2.71149993708 316.3918696566
0.00509313365 4.95865624780 103.0927742186
0.00433994439 0.72012820974 529.6909650946
0.00372894461 0.00137195497 433.7117378768
0.00097843523 1.01485750417 323.5054166574
0.00080600536 5.62103979796 11.0457002639
0.00083782316 0.62038893702 227.5261894396
0.00074150224 2.38206066655 632.7837393132
0.00070219382 0.88789752415 209.3669421749
0.00068855792 4.01788097627 217.2312487011
0.00065620467 2.69728593339 202.2533951741
0.00058297911 2.16155251399 224.3447957019
0.00054022837 4.90928184374 853.196381752
0.00045550446 1.88235037830 14.2270940016
0.00038345667 4.39815501478 199.0720014364
0.00044551703 5.60763553535 63.7358983034
0.00025165185 0.37800582257 216.4804891757
0.00024554499 4.53150598095 210.1177017003
0.00024673219 5.90891573850 522.5774180938
0.00024677050 5.60389382420 415.5524906121
0.00025491374 1.63922423181 117.3198682202
0.00031253049 4.62976601833 735.8765135318
0.00023372467 5.53491987276 647.0108333148
0.00023355468 0.18791490124 149.5631971346
0.00024805815 5.50327676733 74.7815985673
0.00014731703 4.67981909838 277.0349937414
0.00012427525 1.02995545746 1059.3819301892
0.00009943329 0.84628387596 3.9321532631
0.00012393514 4.19747622821 490.3340891794
0.00012026472 5.66372282839 351.8165923087
0.00008222014 2.47875301104 742.9900605326
0.00009087093 4.33505326762 1052.2683831884
0.00006717741 5.51897460997 838.9692877504
0.00006232999 2.45837758015 846.0828347512
0.00007161671 2.18152751738 95.9792272178
0.00006321101 0.83915408770 309.2783226558
0.00006074958 6.15905897331 440.8252848776
0.00005343894 3.60046273598 412.3710968744
0.00004860582 0.26461045175 536.8045120954
0.00005775802 5.30717695229 38.1330356378
0.00005194178 4.54584467686 210.8514148832
0.00005152474 0.34669517150 215.7467759928
0.00003792540 5.99766568983 422.6660376129
0.00003762834 3.72112920226 212.3358875915
0.00003747433 1.16965137714 214.2623032845
0.00003114576 0.84631897292 213.2509113282
0.00003113641 4.04410367190 213.3472795478
0.00002990421 0.04148806852 625.6701923124
0.00004111695 5.96153153046 137.0330241624
0.00002966450 5.39568820046 138.5174968707
0.00002827527 0.73252555642 330.6189636582
0.00003363323 1.42089586686 437.6438911399
0.00002886599 1.14057922619 85.8272988312
0.00002634075 5.40645201521 288.0806940053
0.00002713354 0.96812639712 203.7378678824
0.00003169390 5.76640408988 76.2660712756
0.00002618634 5.49334837098 127.4717966068
0.00002527746 5.09752068381 628.8515860501
0.00002989778 4.15673836604 1066.49547719
0.00002507415 1.49447138038 9.5612275556
0.00002470181 5.27435870056 1155.361157407
0.00002427626 3.97311214231 222.8603229936
0.00003128325 4.05483976553 1368.660252845
0.00002309076 3.67821438247 430.5303441391
0.00002162629 3.26951119901 340.7708920448
0.00002912676 1.76893577106 3.1813937377
0.00002095366 3.55759089756 423.4167971383
0.00002335270 5.86791072516 388.4651552382
0.00001634262 4.54357767539 12.5301729722
0.00001635975 2.19968869780 212.7778305762
0.00001632759 2.69164822165 213.8203602998
0.00001498689 3.60168057129 52.6901980395
0.00001461217 5.92456743836 429.7795846137
0.00001963947 2.05086487180 1.4844727083
0.00001538425 4.78544077085 860.3099287528
0.00001485856 5.65501463408 949.1756089698
0.00001418116 5.41419993599 350.3321196004
0.00001147607 0.19147238521 942.062061969
0.00001111703 0.47907488492 234.6397364404
0.00001019566 5.00707811029 1471.7530270636
0.00001009190 1.34289487761 265.9892934775
0.00000977078 6.08156695465 515.463871093
0.00001089450 5.82690672710 362.8622925726
0.00001092244 1.13561107749 173.9422195228
0.00001173456 3.79591687208 1685.0521225016
0.00000867990 3.23603400378 210.3783341312
0.00001118369 3.46624149583 703.6331846174
0.00000867952 1.65168536612 216.2198567448
0.00001150595 3.74707160019 200.7689224658
0.00000829641 0.58167216896 212.5483359126
0.00000825033 4.30734330456 214.0498549634
0.00000881459 1.47222252626 209.106309744
0.00000865067 3.41432256973 217.491881132
0.00000789282 0.23960587227 223.5940361765
0.00001007761 1.08964371328 225.8292684102
0.00000918433 4.86149490085 565.1156877467
0.00000731350 5.90815395090 1265.5674786264
0.00000859969 3.70935438142 252.6559713532
0.00000780935 4.83859148457 728.762966531
0.00000787944 2.18484045281 88.865680217
0.00000710327 3.41709256412 417.0369633204
0.00000718894 1.95883016371 956.2891559706
0.00000918525 4.57697125213 563.6312150384
0.00000798401 2.01609257440 207.8824694666
0.00000647073 2.95872943804 99.1606209555
0.00000708539 0.91058417437 207.6700211455
0.00000768432 2.89648077129 218.7157214094
0.00000692104 3.97719114831 218.9281697305
0.00000727485 0.30850251852 1162.4747044078
0.00000633567 6.23245450174 70.8494453042
0.00000613975 2.45662208568 142.4496501338
0.00000798605 1.35392610026 22.0914005278
0.00000833141 2.96256457754 160.6088973985
0.00000760670 1.72547418591 21.3406410024
0.00000624518 2.79603428367 18.1592472647
0.00000698288 0.39606094967 62.2514255951
0.00000599292 3.85685062144 554.0699874828
0.00000696752 0.57191090814 124.433415221
0.00000613225 4.42187080646 217.964961884
0.00000516082 2.58929130314 408.4389436113
0.00000581150 2.07880434678 231.4583427027
0.00000665581 2.82434445437 425.1137181677
0.00000513474 0.39337122033 414.0680179038
0.00000657131 1.40194432916 65.2203710117
0.00000493977 0.34470358866 302.164775655
0.00000503950 6.20460558308 1258.4539316256
0.00000530435 2.53005245833 214.7835681463
0.00000548712 0.47707901323 208.633228992
0.00000447477 4.71542440428 203.0041546995
0.00000446305 4.74401934346 1788.1448967202
0.00000465392 5.40750083938 654.1243803156
0.00000502185 4.37004071521 251.4321310758
0.00000448425 1.35674392267 1589.0728952838
0.00000517284 2.16331838082 211.8146227297
0.00000413563 3.63586974301 148.0787244263
0.00000399606 3.23973258155 213.1872208534
0.00000399606 1.64957508001 213.4109700226
0.00000384384 5.65541518775 1581.959348283
0.00000400290 3.15876824938 404.5067903482
0.00000395127 0.08823789222 1478.8665740644
0.00000350293 5.00255705341 198.321241911
0.00000464864 3.54480854933 2001.4439921582
0.00000351121 5.86405155542 98.8999885246
0.00000335788 1.02993303771 213.5115437591
0.00000335788 3.85937462386 213.0866471169
0.00000367643 4.66054518863 114.1384744825
0.00000367304 5.88650282265 750.1036075334
0.00000369772 5.39924643016 151.0476698429
0.00000318641 5.70073398414 831.8557407496
0.00000317269 6.15399946707 228.276948965
0.00000416098 5.91051454266 191.2076949102
0.00000319406 0.72194326719 175.1660598002
0.00000381531 1.39616544631 312.1990839626
0.00000382800 2.56517911849 56.6223513026
0.00000402465 4.29571195670 177.8743727859
0.00000337120 2.96241883499 479.2883889155
0.00000270298 5.13892679265 635.9651330509
0.00000268385 4.75118314124 191.9584544356
0.00000269380 1.30301159795 278.5194664497
0.00000268854 5.66985306128 205.2223405907
0.00000315241 1.98234278819 106.2741679563
0.00000269016 2.15203921815 327.4375699205
0.00000347502 5.76861803456 195.1398481733
0.00000347341 0.61908132149 248.7238180901
0.00000296359 1.51933329331 10.2949407385
0.00000280829 3.77309922396 2.4476805548
0.00000252470 1.67539597791 213.5597278689
0.00000252470 3.21391208773 213.0384630071
0.00000272972 4.55564352170 1045.1548361876
0.00000239800 5.92731308060 1574.8458012822
0.00000241206 5.74905299531 221.3758502853
0.00000224581 1.93088202036 39.3568759152
0.00000303332 1.08981956452 483.2205421786
0.00000292918 3.86514080986 424.1505103212
0.00000304839 1.75379009485 6283.0758499914
0.00000236937 4.96032795425 235.3904959658
0.00000211444 0.02150963509 543.9180590962
0.00000234092 5.78186298869 275.5505210331
0.00000204931 4.46341699841 842.1506814881
0.00000203518 4.48361003131 2104.5367663768
0.00000266641 3.49646394105 121.2520214833
0.00000230862 4.03811269085 497.4476361802
0.00000202640 2.91715278214 284.1485407422
0.00000192711 5.33622790894 1898.3512179396
0.00000217166 6.14501268573 429.0458714308
0.00000213986 2.44871785704 8.0767548473
0.00000212877 0.67438396717 650.9429865779
0.00000215232 2.97872772544 425.6349830295
0.00000236824 3.57393052829 219.4494345923
0.00000203264 1.15942079115 1375.7737998458
0.00000174574 3.29077366662 426.6463749858
0.00000218159 1.64908016840 269.9214467406
0.00000169471 4.78021413557 501.3797894433
0.00000174569 0.09297884169 426.5500067662
0.00000176368 0.50228212449 618.5566453116
0.00000163515 0.76931838572 312.4597163935
0.00000182548 1.24685117319 210.5907824523
0.00000170038 6.21992022263 1795.258443721
0.00000188022 0.50637735109 427.5613987225
0.00000179530 3.64276719183 216.0074084237
0.00000180882 3.08082546788 84.3428261229
0.00000166973 4.32185770884 355.7487455718
0.00000151676 4.13754942735 213.4591541324
0.00000151676 0.75207673924 213.1390367436
0.00000151432 3.90513456730 220.4608265486
0.00000194652 5.26736778530 488.8496164711
0.00000149055 5.67257832801 107.0249274817
0.00000191290 3.29984174656 2317.8358618148
0.00000166449 3.40892440053 1279.794572628
0.00000180790 0.04936208794 491.8185618877
0.00000188196 1.34108074604 207.1487562837
0.00000171504 3.32007828165 73.297125859
0.00000146618 0.72929682140 220.364458329
0.00000193237 4.19968617237 188.9200730498
0.00000137090 5.42655130336 1148.2476104062
0.00000146331 6.12359043156 5.4166259714
0.00000185616 5.12367952113 601.7642506762
0.00000158034 3.42936876808 179.3588454942
0.00000176989 2.59441226782 344.7030453079
0.00000159685 5.53376678198 358.9301393095
0.00000155790 4.99237742083 289.5651667136
0.00000138147 3.19940941173 436.1594184316
0.00000177192 3.17596798012 10213.285546211
0.00000125961 3.35117964179 643.8294395771
0.00000131798 2.50083539634 212.0270710508
0.00000139279 2.71243130336 636.7158925763
0.00000122329 1.96650577886 69.1525242748
0.00000130711 2.38850746748 214.5711198252
0.00000134225 5.65869864230 4.665866446
0.00000122431 1.70605535564 621.7380390493
0.00000116811 1.61145832221 113.3877149571
0.00000118860 5.65033188726 1891.2376709388
0.00000156141 0.65756469165 237.6781178262
0.00000111031 1.01598464494 206.1373643274
0.00000117765 3.75859584496 32.2433289144
0.00000129033 1.46198971089 247.2393453818
0.00000109102 5.47152854194 114.3991069134
0.00000108637 1.81623475388 767.3690829208
0.00000128773 2.33422964044 78.7137518304
0.00000105318 5.22706552130 5.6290742925
0.00000127653 5.12749160961 134.5853436076
0.00000126069 4.37180806356 181.0557665236
0.00000102853 1.65813839227 67.6680515665
0.00000133601 2.75004967414 35.4247226521
0.00000110253 0.71569456242 245.5424243524
0.00000105830 1.45649128193 219.891377577
0.00000106045 4.18483284486 206.233732547
0.00000098219 0.44587854866 144.1465711632
0.00000097708 5.02834717765 2214.7430875962
0.00000104371 4.03317054662 1073.6090241908
0.00000095113 5.17002132247 643.0786800517
0.00000099528 1.42298075665 426.0769260142
0.00000094974 4.23060258384 2420.9286360334
0.00000096530 6.02923616094 447.9388318784
0.00000103745 4.30393732262 1361.5467058442
0.00000118241 2.14057046058 1272.6810256272
0.00000088219 0.05606869317 87.3117715395
0.00000112266 0.59751798783 1692.1656695024
0.00000098975 1.55639660933 4.192785694
0.00000099944 2.65997941012 14.977853527
0.00000081885 3.25181964362 20.6069278195
0.00000091321 1.93807762123 427.1194557378
0.00000091949 3.60460364421 206.706813299
0.00000100403 3.54166586397 140.001969579
0.00000081777 4.52519934508 525.4981794006
0.00000079774 4.83514091014 159.1244246902
0.00000078549 3.24815082664 14.0146456805
0.00000081064 0.27454326223 125.9873238985
0.00000074887 6.18244095483 420.9691165835
0.00000083020 4.23502848820 153.4953503977
0.00000074336 6.07238028864 2111.6503133776
0.00000071695 2.45500522999 630.3360587584
0.00000077164 0.90106050331 329.7251917809
0.00000071328 4.25726845306 0.9632078465
0.00000069326 5.97750450668 212.0752551606
0.00000069326 5.19530696709 214.5229357154
0.00000076087 0.34743859064 934.9485149682
0.00000085500 1.61924612074 54.1746707478
0.00000081874 1.59776394951 353.301065017
0.00000091120 3.81883197984 776.9303104764
0.00000086236 2.72678012092 916.9322800554
0.00000074136 4.03125002315 92.0470739547
0.00000066131 2.35964914519 423.6774295692
0.00000071095 6.18616583120 211.6021744086
0.00000064837 4.82949190154 6.1503391543
0.00000064147 5.15692606934 1464.6394800628
0.00000064557 0.28622924030 184.9879197867
0.00000065853 4.35139240808 339.2864193365
0.00000080268 3.06595567501 2634.2277314714
0.00000062412 6.02397194169 692.5874843535
0.00000062748 2.82059120751 2.9207613068
0.00000073234 1.42030136903 286.596221297
0.00000065292 5.67801345398 617.8058857862
0.00000079482 2.77610661994 347.8844390456
0.00000070198 0.02729113540 337.732510659
0.00000059578 4.68819841285 51.2057253312
0.00000075802 1.21580005948 46.470422916
0.00000060050 5.38312689496 2207.6295405954
0.00000068653 0.59467909972 273.1028404783
0.00000058090 3.78005458271 416.3032501375
0.00000061437 0.73813400987 182.279606801
0.00000078912 6.18705409637 299.1263942692
0.00000063517 2.40088368245 391.1734682239
0.00000066015 4.08036425037 778.4147831847
0.00000066706 2.56096004731 220.9339073006
0.00000066535 0.16025744557 696.5196376166
0.00000055588 1.58539917943 387.2413149608
0.00000055245 5.78088395279 436.8931316145
0.00000054700 4.54260230672 241.6102710893
0.00000054842 1.38489146108 518.6452648307
0.00000059023 4.97849167437 214.9960164674
0.00000053989 6.19050578729 627.3671133418
0.00000068787 3.41306604582 116.4260963429
0.00000063336 5.07934253747 576.1613880106
0.00000054255 6.09930467587 267.4737661858
0.00000053639 3.19637859214 128.9562693151
0.00000052275 1.93847849121 7.065362891
0.00000055800 1.92876335537 342.2553647531
0.00000069651 1.43400464282 24.3790223882
0.00000056865 1.30791772242 444.7574381407
0.00000050883 1.18776024585 31.019488637
0.00000055380 2.97518197987 59.8037450403
0.00000050427 5.15298120408 211.8628068395
0.00000050427 6.01983026969 214.7353840365
0.00000057131 3.96134363403 543.0242872189
0.00000049871 4.73074363594 2531.1349572528
0.00000051909 4.30240479689 192.6921676185
0.00000063716 5.76431815039 421.93232443
0.00000047989 0.27885843572 333.657345044
0.00000060126 0.33113202746 439.1283638482
0.00000055585 5.00242279476 221.1634019642
0.00000047716 0.39295661784 219.6618829134
0.00000049622 2.64477814311 430.79097657
0.00000061092 1.51397776988 305.3461693927
0.00000048644 3.16627935573 96.8729990951
0.00000048710 0.89401835270 429.5189521828
0.00000046209 6.11163535772 425.8474313506
0.00000059861 3.45284751930 487.3651437628
0.00000046524 4.14957170333 282.4516197128
0.00000046921 5.73141451894 292.0128472684
0.00000059305 0.81375446390 2.9689454166
0.00000044465 3.96656681803 2737.32050569
0.00000047450 3.08411595023 320.3240229197
0.00000055031 2.61684051897 418.5214360287
0.00000055947 2.08615281193 638.4128136057
0.00000042668 0.60521165065 421.1815649046
0.00000047761 1.51559446603 558.0021407459
0.00000053261 6.04292842982 205.4347889118
0.00000051528 5.02718280298 199.2844497575
0.00000051282 1.48346222089 1169.5882514086
0.00000041663 2.50545942767 120.358249606
0.00000045564 1.25214817820 274.0660483248
0.00000048658 5.15240257266 7.1617311106
0.00000039341 1.88905188285 458.8415197904
0.00000053435 4.49704581652 166.828672522
0.00000045109 6.06459133840 227.3137411185
0.00000046355 3.10853382452 432.2272651685
0.00000038934 2.45431347167 264.5048207692
0.00000052100 0.33510689831 2008.557539159
0.00000045774 2.33733624110 205.6642835754
0.00000040966 4.09903578988 1677.9385755008
0.00000037133 4.50828997358 206.9363079626
0.00000036628 3.66787324062 427.3489504014
0.00000045029 2.03211615844 428.0826635843
0.00000038453 5.99530036714 209.1544938538
0.00000050144 6.20960934954 3340.6124266998
0.00000040436 0.44978856734 233.9060232575
0.00000036768 1.91588498975 33.9402499438
0.00000037471 5.17760705488 217.4436970222
0.00000044696 3.38722991510 6.592282139
0.00000046113 4.05104625234 214.1928673153
0.00000046113 0.83857991425 212.4053235607
0.00000037230 1.57251793083 41.6444977756
0.00000036077 4.65554964728 867.4234757536
0.00000037353 0.06647848989 1251.3403846248
0.00000033612 1.68789904490 181.806526049
0.00000033393 5.90961230058 2428.0421830342
0.00000042678 3.87972225097 135.5485514541
0.00000035511 4.25887033106 244.318584075
0.00000036698 3.68604101993 431.264057322
0.00000038628 6.23909464278 145.6310438715
0.00000038119 6.03029510246 319.5732633943
0.00000031092 4.88763516295 1781.0313497194
0.00000033486 2.40982180111 28.3111756513
0.00000032066 3.33695513399 465.9550667912
0.00000032931 2.31448463560 81.7521332162
0.00000039682 0.04631095182 738.7972748386
0.00000030271 2.89789752283 411.620337349
0.00000034546 1.90052070252 77.7505439839
0.00000039377 2.19578979946 373.9079928365
0.00000030492 1.11695305824 280.9671470045
0.00000030230 5.10287010223 2524.021410252
0.00000029377 6.18727053498 131.5469622218
0.00000028754 0.15838275010 192.8522263129
0.00000035400 2.84750024165 381.3516082374
0.00000028049 2.30566407507 131.4039498699
0.00000033973 2.82785995951 2950.619601128
0.00000035075 0.26666716101 23.5758732361
0.00000027325 0.85706476637 60.7669528868
0.00000037615 0.10667439867 480.7728616238
0.00000027836 1.17681685755 216.2680408546
0.00000035021 1.11524546879 39.6175083461
0.00000029306 3.55420811269 464.7312265138
0.00000027047 2.92543208325 361.3778198643
0.00000026548 1.60414548715 405.9912630565
0.00000033781 1.31739552237 756.3233826569
0.00000033625 5.77835881759 395.578702239
0.00000026346 3.73692388891 0.5212648618
0.00000026332 4.82433091330 16.6747745564
0.00000031111 1.40241336085 0.7507595254
0.00000029988 3.32282928396 710.7467316182
0.00000025913 3.24693597232 244.791664827
0.00000031019 2.96059209588 129.9194771616
0.00000025546 1.68817201260 412.5835451955
0.00000025306 4.73124302501 233.7459645631
0.00000033248 1.88178595513 162.0933701068
0.00000025984 0.44763976287 494.2662424425
0.00000026319 3.57855185452 210.3301500214
0.00000034122 0.40144235206 259.769518354
0.00000024741 4.44519463302 2847.5268269094
0.00000030345 1.26034026411 454.9093665273
0.00000026274 0.63012531277 45.5766510387
0.00000026934 5.50960011212 254.9435932136
0.00000033480 2.30014654686 27.0873353739
0.00000027190 5.04012848689 214.9436268407
0.00000027190 6.13268298688 211.6545640353
0.00000024828 0.02332913583 508.3503240922
0.00000025542 5.77362891558 681.5417840896
0.00000025645 3.86292605935 229.9738699944
0.00000023511 0.40578451478 212.4959462859
0.00000023511 4.48384165181 214.1022445901
0.00000028445 0.24754383167 533.6231183577
0.00000024389 1.47701184444 422.405405182
0.00000024170 5.58810925505 184.7272873558
0.00000024192 0.34568002889 420.4478517217
0.00000024075 4.67936877608 258.8757464767
0.00000022198 2.48883901199 426.4863162914
0.00000027330 0.04563973084 36.6485629295
0.00000023225 1.32324393739 207.0793203145
0.00000021570 3.20671772166 224.6054281328
0.00000021557 2.60337999064 432.0148168474
0.00000022198 0.89868151046 426.7100654606
0.00000022194 3.11585618869 313.2104759189
0.00000022951 4.15499253822 92.940845832
0.00000022696 1.52974836022 223.3334037456
0.00000020721 4.42613798459 849.2642284889
0.00000022399 3.56419461003 219.5188705615
0.00000020538 3.12930889350 106.0135355254
0.00000020697 3.65641936807 7.6348118626
0.00000023953 2.54227282881 334.5511169213
0.00000020615 1.83896929075 2118.7638603784
0.00000020119 2.85963323081 357.4456666012
0.00000020403 5.22785233718 162.8965192589
0.00000020124 3.71792305311 3053.7123753466
0.00000021218 5.34320407656 99.9113804809
0.00000021047 5.57803326341 241.8709035202
0.00000023221 1.41165777818 731.9443602687
0.00000023031 0.00293839313 66.70484372
0.00000022078 3.53916297934 186.2117600641
0.00000023601 1.54425445590 556.5176680376
0.00000024674 4.23392667934 46.2097904851
0.00000021263 2.38214401101 343.2185725996
0.00000018919 5.02923982401 171.6545976624
0.00000018653 0.27903946815 426.8106391971
0.00000018677 1.33905018859 835.0371344873
0.00000018653 3.10848105430 426.3857425549
0.00000019650 3.14857774310 561.1835344836
0.00000019470 1.81622677733 468.2426886516
0.00000022709 0.14922934569 450.9772132642
0.00000019428 2.06974323240 392.6579409322
0.00000019902 6.07671268686 1567.7322542814
0.00000023255 6.12070200866 593.426863398
0.00000020562 5.24399527975 963.4027029714
0.00000024128 4.61360879470 31.492569389
0.00000023733 6.07696637504 462.0229135281
0.00000020367 1.15827997539 112.6540017742
0.00000021022 3.71064053048 402.2191684878
0.00000017689 0.34857150254 295.0512286542
0.00000024555 0.10872457907 2324.9494088156
0.00000017958 4.21869125792 403.0223176399
0.00000019076 3.31363778751 905.8865797915
0.00000024254 4.15960622971 141.2258098564
0.00000017651 6.25482504132 460.5384408198
0.00000017119 4.62226835420 146.594251718
0.00000018901 4.70800912908 572.2292347475
0.00000018099 6.25077093682 230.7075831773
0.00000019787 4.92505641767 552.5855147745
0.00000016907 0.03083675014 77.962992305
0.00000016962 1.45723127384 555.5544601911
0.00000020486 3.29967422946 156.6767441354
0.00000018705 4.27723304234 152.5321425512
0.00000018078 3.60998206545 405.2575498736
0.00000020830 3.23444171494 175.4266922311
0.00000017268 6.09632521803 199.9657733137
0.00000017269 5.27738844677 295.1942410061
0.00000022334 4.06244344780 423.6292454594
0.00000016403 3.22117020453 419.532827985
0.00000016425 5.61380266494 757.2171545342
0.00000016222 5.73913129525 2744.4340526908
0.00000016318 5.86017105828 263.7016716171
0.00000016071 4.64386469650 2097.423219376
0.00000021494 3.37089967271 206.3979967583
0.00000017985 1.33230556245 240.3864308119
0.00000016443 5.05892064304 226.6324175623
0.00000016375 3.94799955623 1994.3304451574
0.00000018316 5.55182171088 100.3844612329
0.00000016934 4.98862886836 109.2431133729
0.00000015567 3.11397734583 220.3007678542
0.00000015886 4.82943615088 2840.4132799086
0.00000016153 6.02134998110 41.0537969446
0.00000015648 3.13768268695 211.2933578679
0.00000015648 1.75194347964 215.3048330081
0.00000018382 1.75927606668 220.2001941177
0.00000015800 0.05620231243 419.4364597654
0.00000018947 3.07280247332 637.4496057592
0.00000017585 0.64170468841 546.956440482
0.00000020541 0.76737119207 285.3723810196
0.00000016595 4.77020496205 364.3467652809
0.00000020842 5.73713006436 107.7586406646
0.00000017326 2.91677167276 199.8057146193
0.00000016807 2.19119081420 172.4577468145
0.00000016383 2.67389241000 203.8979265768
0.00000014742 3.77772931637 1055.4497769261
0.00000018055 0.56501731997 189.7232222019
0.00000014484 2.14147641596 110.1581371096
0.00000014822 1.69517551415 195.7729876197
0.00000019924 2.99837598349 72.0732855816
0.00000016187 0.43883421950 409.9234163196
0.00000014080 0.77300407988 13.3333221243
0.00000015462 2.21494315347 222.7002642992
0.00000014446 6.00416843077 457.617679513
0.00000014016 0.92450223186 426.8588233069
0.00000015063 5.74506051757 441.576044403
0.00000017882 4.37204429644 82.8583534146
0.00000015737 0.46442774752 525.7588118315
0.00000014016 2.46301834168 426.3375584451
0.00000015926 1.97285432336 226.7924762567
0.00000015979 0.88810024478 831.1049812242
0.00000015755 2.98800853174 348.8476468921
0.00000015012 1.52188645554 220.5245170234
0.00000015689 0.75909996739 100.6450936638
0.00000014376 4.16549809702 448.6895914038
0.00000017752 4.58997108869 702.1487119091
0.00000014393 5.33813724334 110.2545053292
0.00000015863 4.36354784669 570.7447620392
0.00000015270 2.66501523650 81.8951455681
0.00000014810 1.68960262833 540.7366653585
0.00000014819 0.92519710715 980.6681783588
0.00000015970 2.37623315151 111.1695290659
0.00000016413 2.75370430496 221.8971151471
0.00000014952 1.90324601287 420.005908737
0.00000017749 0.06240871500 569.0478410098
0.00000013830 5.00214404734 434.6749457233
0.00000018335 6.24789947973 170.0100662597
0.00000013407 3.18967410776 230.8252032563
0.00000013221 2.15403040580 1905.4647649404
0.00000013229 2.37572987670 1485.9801210652
0.00000012978 0.29727985191 241.7532834412
0.00000017355 2.46418652977 50.4025761791
0.00000012667 4.19939097474 3163.918696566
0.00000015794 1.66436074053 251.1714986449
0.00000013957 6.17562483736 864.2420820159
0.00000012407 4.03761061188 97.6761482472
0.00000016053 1.07509305355 28.5718080822
0.00000016676 5.57843223379 705.1176573257
0.00000014368 2.60363106205 3267.0114707846
0.00000012578 1.88265912656 238.5718897035
0.00000012271 0.48456399700 326.6868103951
0.00000012803 5.56819639491 642.3449668688
0.00000013216 4.23672824399 188.1693135244
0.00000014257 5.84367416401 42.5382696529
0.00000011400 5.32924504172 119.767548775
0.00000011397 0.34981755484 280.003939158
0.00000011206 4.12141164216 714.6788848813
0.00000014434 3.77669276223 386.9806825299
0.00000012125 4.11500887274 380.12776796
0.00000015174 4.95078632158 256.5881246163
0.00000012006 4.20703749198 196.6243208816
0.00000011891 3.36850071201 203.2647871304
0.00000012003 2.72468835291 254.1404440615
0.00000010842 2.54339582028 639.9454704238
0.00000013350 2.22655107118 638.9340784675
0.00000014697 2.83603068369 432.7485300303
0.00000013429 0.66730550149 193.655375465
0.00000013740 4.38243231529 815.0633461142
0.00000012853 0.91490823925 196.0336200506
0.00000010721 5.00859360369 17.5261078183
0.00000010504 1.77592937092 206.2974230218
0.00000010384 0.04028185137 196.8367692027
0.00000010335 1.81611161190 201.9927627432
0.00000010842 5.62879282141 639.8491022042
0.00000012326 4.01034471107 230.5645708254
0.00000010302 2.59865864262 107.2855599126
0.00000010608 4.61155696629 19.1224551112
0.00000013774 3.98241715793 477.8039162072
0.00000010048 3.46209492470 3370.1042450032
0.00000010426 1.21400645579 820.0592809603
0.00000010793 5.79737452042 1884.124123938
0.00000013532 5.23323144371 662.531203563
0.00000009858 3.35812510249 33.1371007917
0.00000009653 3.80389938231 406.954470903
0.00000011049 0.15327881480 397.3932433474
0.00000010104 0.97178466245 69.3649725959
0.00000009594 3.20545283826 433.7599219866
0.00000010907 6.07476458112 186.472392495
0.00000009581 3.81967849278 606.7601855223
0.00000009652 2.94034681034 194.1766403268
0.00000009731 1.95368842012 72.3339180125
0.00000011233 6.08951773665 640.8604941605
0.00000009546 2.32156584631 219.1406180516
0.00000009885 2.70541891569 47.6942631934
0.00000009370 4.84934406834 229.7614216733
0.00000009841 2.58842093829 135.336103133
0.00000010975 0.55243138426 395.105621487
0.00000009735 0.01733432515 433.663553767
0.00000009302 1.37432249732 143.9341228421
0.00000010066 0.49580184666 423.8898778903
0.00000012472 3.08381939221 894.8408795276
0.00000010470 5.05300759668 240.125798381
0.00000008952 0.28590238267 140.9651774255
0.00000011046 0.24713547849 526.5095713569
0.00000009711 2.61829855861 1493.093668066
0.00000011290 4.81810471700 389.9496279465
0.00000008911 1.34026355170 19.643719973
0.00000009106 0.77871223073 238.4288773516
0.00000008732 6.24118636509 157.6399519819
0.00000010066 2.89171872688 429.3065038617
0.00000009374 3.36841689456 206.0736738526
0.00000009534 3.86185711327 236.8749686741
0.00000008635 5.93764298518 824.7421937488
0.00000008477 5.54021575940 3060.8259223474
0.00000008433 3.38649663082 426.7582495704
0.00000011180 6.17848017138 2641.3412784722
0.00000008433 0.00102394272 426.4381321816
0.00000008439 4.51500392041 511.5317178299
0.00000009394 1.85342014381 319.3126309634
0.00000008532 4.57615248884 3156.8051495652
0.00000008903 2.43701935611 649.4585138696
0.00000008389 1.87155821133 232.4215505492
0.00000008246 2.28451141169 194.3890886479
0.00000008317 5.27911046499 661.2379273164
0.00000009682 6.11176107000 472.1748419147
0.00000011219 0.89544366061 453.6855262499
0.00000008411 0.52495950363 172.2452984934
0.00000008981 0.94573569495 187.4356003415
0.00000008032 4.50603721871 89.7594520943
0.00000008092 1.12531278179 672.1406152284
0.00000007874 4.38115777683 2413.8150890326
0.00000007978 3.25270512193 394.3548619616
0.00000009111 5.92051630827 167.7224443993
0.00000009885 4.36674104280 29.2049475286
0.00000007695 2.58075308553 207.4575728244
0.00000007999 5.76892383066 255.8373650909
0.00000007801 1.80697060453 2221.856634597
0.00000009820 1.99240441120 354.5249052944
0.00000010355 2.02047870385 204.7010757289
0.00000009161 1.80605471881 594.6507036754
0.00000007700 2.75501595675 857.1285350151
0.00000008422 4.22541294301 502.8642621516
0.00000009659 0.66282222487 380.3884003909
0.00000008964 4.60259246787 739.8086667949
0.00000009469 5.95763294539 495.7507151508
0.00000007922 0.32197020343 176.6505325085
0.00000009441 6.09271231832 418.0001711669
0.00000007327 2.60511441650 232.2091022281
0.00000007299 1.29758813796 366.7944458357
0.00000008713 0.77367091578 393.4610900843
0.00000007151 5.97877847903 313.6835566709
0.00000007097 3.86634603871 2310.722314814
0.00000007690 3.91283672076 239.1625905345
0.00000007054 6.11435542975 384.0599212231
0.00000007298 1.74992346676 425.3261664888
0.00000009178 2.49021644042 562.1467423301
0.00000008400 1.51695998773 28.4541880032
0.00000009119 6.14182901200 112.9146342051
0.00000007018 2.37418304281 291.262087743
0.00000008083 1.54726535769 619.2903584945
0.00000007119 4.29731211712 325.9530972122
0.00000007298 1.63759710678 427.8702152632
0.00000008072 3.32529933927 724.8308132679
0.00000007741 0.76022179542 84.9335269539
0.00000006935 3.25946627477 1286.9081196288
0.00000006633 4.94232868304 268.9582388941
0.00000008880 3.02316114149 190.4045457581
0.00000006821 3.22173264763 449.232108125
0.00000008020 2.83765342663 184.0941479094
0.00000007759 0.59545004290 343.7398374614
0.00000006349 4.28763974443 313.9441891018
0.00000006598 1.23499026160 88.1149206916
0.00000007453 2.14642578463 128.3655684841
0.00000006299 3.53707343862 180.1619946463
0.00000006291 1.49724070505 117.9105690512
0.00000006901 4.51033589337 249.9476583675
0.00000006082 3.98547423322 3480.3105662226
0.00000007570 3.02872932452 990.2294059144
0.00000007221 3.65873711017 25.6028626656
0.00000006057 4.42905421891 856.3777754897
0.00000007434 4.00728594079 25.1297819136
0.00000006039 0.10556534688 505.3119427064
0.00000007951 1.45628295823 105.5404547734
0.00000006123 1.05416533583 328.9220426288
0.00000007410 2.80785687723 1802.3719907218
0.00000006330 3.88531739474 110.7275860812
0.00000006147 0.67579092414 639.3760214522
0.00000005898 1.62352162391 843.6351541964
0.00000006028 3.32686859305 115.6229471908
0.00000006743 1.58035790221 418.9633790134
0.00000006188 0.49567067980 739.0579072695
0.00000005894 6.06611517396 120.9913890524
0.00000006621 5.03610613312 95.3885263868
0.00000006841 2.32904410339 141.4864422873
0.00000005992 0.19285412187 336.8387387817
0.00000007883 1.86032213862 236.1936451179
0.00000007177 5.81806997737 909.8187330546
0.00000005661 2.58262833641 123.5396433437
0.00000005819 0.09149815737 215.9592243139
0.00000005819 4.79812800922 210.6389665621
0.00000006190 3.38729700678 109.6850563576
0.00000007742 0.34415356371 55.6591434561
0.00000005694 5.43835853469 760.25553592
0.00000007522 5.29284930513 195.8906076987
0.00000006763 1.17534779375 1048.3362299253
0.00000005984 5.51254229373 2200.5159935946
0.00000007444 3.03494365469 25.2727942655
0.00000005776 3.77825555332 97.4155158163
0.00000006036 0.39078322489 769.8167634756
0.00000005771 0.05336444936 164.5410506616
0.00000006703 0.80548964242 611.4430983108
0.00000006085 0.58940873359 433.190473015
0.00000006082 1.19286005781 640.4185511758
0.00000005677 1.79542287271 218.4069048687
0.00000005677 3.09420329388 208.1912860073
0.00000006571 2.03293250235 1130.2313754934
0.00000006037 6.25609827209 597.3590166611
0.00000006462 5.68467908647 369.9758395734
0.00000006508 0.80289146979 566.600160455
0.00000005024 0.18128124566 806.725958836
0.00000005596 6.00166997853 108.7218485111
0.00000005096 4.69337848431 262.0571402144
0.00000005584 4.09591630918 200.5564741447
0.00000004890 5.53191489233 331.2096644892
0.00000004909 5.20095693748 298.2326223919
0.00000005201 2.45613065009 746.9222137957
0.00000005769 1.28477282445 320.5846553506
0.00000005914 5.62754393946 310.7146112543
0.00000006262 1.63342326112 850.0149880143
0.00000005900 2.28550106807 3583.4033404412
0.00000005515 5.67488096006 551.031606097
0.00000006597 4.37352567409 26087.9031415742
0.00000005599 4.68574003719 58.1068240109
0.00000004849 1.54472616566 124.5028511902
0.00000006433 3.97004927835 348.635198571
0.00000004798 0.51398456833 170.7608257851
0.00000004977 4.78098618763 178.086821107
0.00000005019 5.07746652322 1044.4040766622
0.00000004699 5.64438940211 439.9315130003
0.00000004698 3.18834480214 532.8723588323
0.00000005132 4.99955185305 88.7962442478
0.00000005636 0.71123925881 499.895316735
0.00000006475 4.64377955570 71.8126531507
0.00000005591 2.54795843844 285.1117485887
0.00000004650 4.46967285108 271.4059194489
0.00000006065 3.67428256045 55.1378785943
0.00000005035 0.56276653096 658.0565335787
0.00000005063 1.68875674251 774.4826299216
0.00000004622 3.21978369593 3686.4961146598
0.00000004618 5.47461001336 634.2682120215
0.00000005322 3.30473124435 484.7050148869
0.00000005515 5.87001298520 455.1699989582
0.00000005556 1.42370049360 486.4019359163
0.00000004834 2.10033655923 104.0559820651
0.00000004936 5.96187000337 43.1289704839
0.00000004507 5.23081644191 732.6951197941
0.00000005248 1.60812739618 604.4725636619
0.00000004459 5.51910339097 745.277682393
0.00000005599 5.57825850766 952.0963702766
0.00000005864 5.53324867687 385.5443939314
0.00000005551 4.94468510351 493.303034596
0.00000004493 5.35984494325 3377.217792004
0.00000004770 3.19401209745 991.7138786227
0.00000004717 1.99096492023 104.5772469269
0.00000004781 3.88757701071 504.561183181
0.00000004811 4.61942610145 327.6982023514
0.00000004442 1.62929961065 2538.2485042536
0.00000005958 4.92614870987 25.8634950965
0.00000004453 1.49117065737 198.4813006054
0.00000004332 1.57527271192 636.9765250072
0.00000004513 2.85438575456 26.826702943
0.00000005809 4.81932495515 254.3528923826
0.00000004384 2.84168114097 113.1270825262
0.00000004282 5.65363400412 840.6662087798
0.00000004886 3.63166667952 201.5196819912
0.00000005016 2.09046597167 969.6224780949
0.00000004678 2.17426317348 111.4301614968
0.00000005361 5.94947162548 2957.7331481288
0.00000004286 4.43156019975 1596.1864422846
0.00000004205 5.66354698683 1141.1340634054
0.00000004536 2.79117546568 958.576777831
0.00000005345 4.72267996291 305.0855369618
0.00000004627 1.25635250543 775.233389447
0.00000004067 4.95801020752 103.1409583284
0.00000004243 4.31618117654 3473.1970192218
0.00000004845 3.84775416722 226.0417167313
0.00000004049 4.11924182490 372.4235201282
0.00000004900 2.55288578170 376.1956146969
0.00000005025 5.95342304346 721.6494195302
0.00000004077 5.03795321512 650.1922270525
0.00000004372 4.29308416788 225.0785088848
0.00000004173 1.85843228263 211.0114735776
0.00000004173 3.03119388396 215.5867172984
0.00000004251 0.70715248384 771.3012361839
0.00000004060 3.39845529642 228.1168902706
0.00000004018 1.44814155604 631.8205314667
0.00000004766 5.31180947705 424.9012698466
0.00000003945 5.69539937683 337.8019466282
0.00000005029 0.09918962647 197.257460328
0.00000005430 2.20843836599 481.7360694703
0.00000005129 5.44565533795 207.6218370357
0.00000005129 5.72715613582 218.9763538403
0.00000003855 5.22645171016 425.3743505986
0.00000003906 2.26422119383 561.934294009
0.00000003860 4.85683625563 512.4254897072
0.00000004220 4.94104825465 102.1295663721
0.00000003855 4.44425417057 427.8220311534
0.00000004133 1.76751139179 103.0445901088
0.00000005008 3.00713483837 17.2654753874
0.00000004043 6.12585155815 317.3550775031
0.00000003992 0.10863881475 248.511369769
0.00000003810 2.51661775808 316.4400537664
0.00000004737 1.84385858957 913.9633346388
0.00000003904 2.21361301063 378.9039276826
0.00000004533 2.70360699200 187.2755416471
0.00000003961 6.02031538242 49.7212526229
0.00000004571 0.20381543275 519.3960243561
0.00000003770 4.79955563925 214.6716935617
0.00000003770 0.09007052734 211.9264973143
0.00000004880 0.60377262547 120.5012619579
0.00000003729 0.34904169037 407.4757357648
0.00000003673 1.39200838994 668.2084619653
0.00000003788 4.13636636049 258.5456780766
0.00000003638 6.22563045614 634.4806603426
0.00000003968 5.56983671727 398.2870152247
0.00000003571 4.16908170855 2730.2069586892
0.00000003567 5.46257677177 623.2225117576
0.00000003562 0.28991457103 700.6642392008
0.00000003820 1.98270616092 328.2407190726
0.00000003710 3.60752296582 22.8945496799
0.00000004542 1.45826982445 491.5579294568
0.00000004509 4.78400214531 229.340730548
0.00000003567 0.22693346941 48.7580447764
0.00000004753 4.82350219524 1033.3583763983
0.00000003649 3.53826646640 444.1242986943
0.00000004339 5.05440607437 608.877797677
0.00000003452 3.19273243429 188.0263011725
0.00000004668 2.31177528169 60.5545045657
0.00000003751 2.61178091734 1119.1856752295
0.00000003677 4.85446825853 418.7338843498
0.00000003519 5.41450486643 707.5653378805
0.00000003496 0.40428886685 616.3214130779
0.00000004380 4.31147715738 526.9826521089
0.00000003327 1.80704273557 1063.3140834523
0.00000003352 0.72463251624 691.1030116452
0.00000003359 5.44969389586 842.9014410135
0.00000004413 0.86251574445 43.2890291783
0.00000003919 4.80852982048 141.6988906084
0.00000003858 4.90751231957 635.231419868
0.00000004154 4.98287829121 317.8763423649
0.00000003282 1.34273841324 211.762233103
0.00000003282 3.54688775335 214.835957773
0.00000003462 5.28874398045 6275.9623029906
0.00000003329 2.94000486288 765.8846102125
0.00000003787 5.85679753021 652.4274592862
0.00000003775 5.60221993472 316.3436855468
0.00000003196 4.55749476039 827.9235874865
0.00000003669 1.26608108937 80.1982245387
0.00000003691 0.48718733608 194.2885149114
0.00000003467 4.32351780506 428.2951119054
0.00000004055 0.58820420847 92.3077063856
0.00000003131 5.94102893952 306.830642101
0.00000003280 0.44836167723 10206.1719992102
0.00000003411 5.25293859876 2516.9078632512
0.00000004132 1.72276410779 434.2330027386
0.00000003810 4.51464393472 114.9416236346
0.00000003975 4.55663174904 101.8689339412
0.00000004288 2.13145763000 187.6962327724
0.00000003522 2.64133662278 315.1680293792
0.00000003066 3.74972662168 167.0893049529
0.00000003065 2.77896770254 71.6002048296
0.00000003242 4.09907147245 282.6640680339
0.00000003110 4.53477861170 165.6048322446
0.00000003898 5.51287081695 318.8395502114
0.00000003396 0.34591089696 37.8724032069
0.00000003526 5.16158818006 495.9631634719
0.00000003045 1.65993856041 2854.6403739102
0.00000003020 3.91237540740 3796.7024358792
0.00000002986 2.56850390941 92.7978334801
0.00000003500 4.38440462601 789.4604834486
0.00000002995 2.81664751125 91.7864415238
0.00000003539 0.99888072542 232.942815411
0.00000002920 1.23618862034 625.8826406335
0.00000002918 3.43409170637 357.2332182801
0.00000003176 5.31403301104 281.1795953256
0.00000003438 1.70954494565 40.8413486235
0.00000003008 4.10197187210 434.4624974022
0.00000003572 1.37113437514 851.7119090437
0.00000003076 2.32677490754 130.4407420234
0.00000002804 4.40192840756 425.1619022775
0.00000003278 4.40243851704 232.3096759646
0.00000002856 0.45182720699 544.5087599272
0.00000003073 5.89479692757 3274.1250177854
0.00000003735 2.28131065621 315.4286618101
0.00000003542 2.10431928280 239.3226492289
0.00000002887 2.09394741374 93.531546663
0.00000002754 3.20876354263 620.253566341
0.00000002804 5.26877747317 428.0344794745
0.00000003749 5.48742893669 145.4185955504
0.00000003056 2.25124826101 354.2642728635
0.00000002944 1.57941122467 42.3258213318
0.00000003422 2.77554592584 268.4369740323
0.00000002693 5.92886276832 432.9609783514
0.00000003406 6.14851742084 498.9321088885
0.00000003270 2.70575765331 924.0458270562
0.00000003462 0.16427456264 182.5402392319
0.00000003693 2.74095304329 238.9019581036
0.00000002752 3.53715013471 322.0209439491
0.00000003056 5.41339084119 179.5712938153
0.00000003320 2.19510410160 122.7364941916
0.00000002722 1.90912932797 644.090072008
0.00000002640 5.38886758602 110.9570807448
0.00000002578 5.28716556602 305.6068018236
0.00000003099 5.46033388346 699.7010313543
0.00000002579 6.17990568201 953.1077622329
0.00000002666 3.91979516134 1080.7225711916
0.00000002603 4.71971033929 508.4933364441
0.00000002559 5.36447720972 639.1465267886
0.00000003052 5.04923062913 541.5398145106
0.00000002581 2.63020337570 158.9643659958
0.00000002686 0.15925446852 642.8180476208
0.00000002828 3.75586347766 256.4280659219
0.00000002519 1.97787997983 297.6419215609
0.00000003364 6.07299583147 133.1008708993
0.00000002945 3.64179989725 346.3999663373
0.00000002913 4.65296860477 77.2292791221
0.00000002757 0.02272937414 526.7702037878
0.00000002473 1.69595483874 109.455561694
0.00000002541 3.95256698363 2627.1141844706
0.00000002455 4.87312623650 1049.0869894507
0.00000002558 1.52714175495 310.9752436852
0.00000002441 0.71752432785 586.3133163972
0.00000002660 3.15325492704 443.2729654324
0.00000002430 3.16920826862 95.2284676924
0.00000002431 1.26439356329 235.933012687
0.00000002845 2.05201739396 531.978586955
0.00000002521 2.31197583573 451.7279727896
0.00000002393 2.81359164609 2435.155730035
0.00000002990 5.57751092323 782.3469364478
0.00000002655 5.30662457895 440.6128365565
0.00000002369 0.84466299231 205.9731001161
0.00000002369 0.90337052069 220.6250907599
0.00000002902 1.05411548466 514.7131115676
0.00000003238 4.15318242424 338.4832701844
0.00000002324 3.98030953004 3046.5988283458
0.00000002701 5.31010726656 300.6108669775
0.00000002780 4.37370836037 173.6815870919
0.00000002707 2.11193249903 176.3899000776
0.00000002952 2.31378455663 645.5263606065
0.00000002579 3.01647667365 768.8535556291
0.00000002253 2.22683989192 310.1720945331
0.00000002264 2.70110641487 104.789695248
0.00000002301 3.65558835862 263.0203480609
0.00000002531 5.13512447782 90.5626012464
0.00000002331 1.28063056772 518.3846323998
0.00000002380 0.88280891663 151.260118164
0.00000002214 2.22525274083 64.9597385808
0.00000003045 1.33956207243 485.8806710545
0.00000002520 3.36033478916 685.4739373527
0.00000002315 0.30208014686 6681.2248533996
0.00000002594 5.66621296914 520.129737539
0.00000002863 4.71904318311 244.0579516441
0.00000002198 1.53245970000 945.2434557067
0.00000002811 1.38980153585 641.3817590223
0.00000002590 0.63795679785 170.1701249541
0.00000002192 5.38214041197 1457.525933062
0.00000002434 0.55328719145 183.2428146475
0.00000002177 2.60434709441 67.8804998876
0.00000002285 5.28065763454 3693.6096616606
0.00000002386 4.37257867425 430.7427924602
0.00000002131 0.06257344923 1382.8873468466
0.00000002457 5.75336601172 247.0268970607
0.00000002733 4.35442499364 35.1640902212
0.00000002125 1.82804301978 487.1526954417
0.00000002518 6.01723329840 1038.0412891868
0.00000002769 4.20672417380 1056.2005364515
0.00000002091 1.35636529813 3171.0322435668
0.00000002102 4.35040361644 960.2213092337
0.00000002250 5.37793316456 366.0436863103
0.00000002818 0.74477457405 837.6972633632
0.00000002071 2.17194520595 354.9979860464
0.00000002403 2.26992497484 452.2010535416
0.00000002384 2.06538211924 3899.7952100978
0.00000002564 3.29999345582 427.4919627533
0.00000002136 3.54044416897 1108.1399749656
0.00000002111 5.24419959900 422.4535892918
0.00000002308 3.09971194846 154.979823106
0.00000002417 1.74786098852 12566.1516999828
0.00000002008 3.46468625683 528.9402055692
0.00000002409 0.88586446483 306.0969289181
0.00000002581 2.78681732927 1041.2226829245
0.00000002016 1.08557176939 883.7951792637
0.00000002203 2.74611438181 49.5088043018
0.00000002083 4.04786990254 275.338072712
0.00000002346 5.96958886629 447.2051186955
0.00000002490 5.97604559832 2487.4160449478
0.00000002521 0.54835814181 927.8349679674
0.00000001993 0.73100346778 624.919432787
0.00000001969 0.87879585646 530.44172462
0.00000002467 1.16140871474 429.5671362926
0.00000001995 5.64222397445 409.3327154886
0.00000002651 0.94022335035 453.424893819
0.00000002513 4.76844959033 125.1841747464
0.00000002053 2.05591891799 90.8232336773
0.00000001932 3.95253835421 1062.5633239269
0.00000002205 3.39623617614 170.9732741062
0.00000002207 1.51125342980 635.70450062
0.00000001873 5.39713666127 344.8460576598
0.00000002386 4.15983782692 25234.70675982219
0.00000002258 5.14806130138 1008.9793540101
0.00000002199 3.67407324592 784.0438574772
0.00000002185 3.86724562969 109.9456887885
0.00000002564 0.08752711773 425.7044189987
0.00000001964 2.72517368869 40.1600250673
0.00000001952 4.34777048454 115.8353955119
0.00000002542 0.28050831901 354.7855377253
0.00000001916 3.22097581831 102.5715093568
0.00000002296 5.31801448840 180.8433182025
0.00000002393 5.91612529116 614.6244920485
0.00000002397 0.99397031563 1364.7280995819
0.00000001833 2.25941996337 267.6338248802
0.00000002131 3.67200185333 103.6140390804
0.00000002098 0.08769001353 252.9166037841
0.00000002063 5.99371300183 177.1236132605
0.00000002479 5.27883727495 631.2992666049
0.00000002017 4.33633811733 243.3553762285
0.00000001781 0.19920025414 205.9249160063
0.00000001781 1.54883325886 220.6732748697
0.00000002268 0.06736545150 1171.875873269
0.00000002271 5.09542141062 192.8040422031
0.00000002271 6.07739006315 233.7941486729
0.00000001785 4.70446916733 1097.0942747017
0.00000002111 4.95171731483 670.916774951
0.00000001859 1.45447173175 1083.7609525774
0.00000001774 4.90826773112 206.4461808681
0.00000001774 3.12295108906 220.1520100079
0.00000002018 2.80222113517 250.2082907984
0.00000002009 0.61518299906 103.3534066495
0.00000002121 5.65835197937 799.6124118352
0.00000002292 6.18688041096 912.4788619305
0.00000001775 2.38950039489 198.1087935899
0.00000001775 5.64171842529 228.4893972861
0.00000001924 0.05347133105 533.8837507886
0.00000001744 5.54811865717 1166.4068576709
0.00000001994 0.23060158863 5849.3641121146
0.00000001763 5.61852245031 284.8993002676
0.00000001710 4.04740475434 1176.7017984094
0.00000002094 6.21687355107 835.7878940127
0.00000001962 1.66381480115 9779.5738083342
0.00000002299 6.24627458730 409.1897031367
0.00000001786 4.97887009884 346.1875180162
0.00000001703 1.00725031850 398.1440028728
0.00000002083 2.24494666476 5216.5803728014
0.00000002072 2.05694305195 45.2465826386
0.00000001736 2.08834850954 134.1122628556
0.00000001708 3.20756177408 3120.199784261
0.00000001823 5.21279378269 657.1627617014
0.00000001792 4.15157588985 3789.5888888784
0.00000001836 2.92694247168 644.56315276
0.00000001759 2.26827767388 2751.5475996916
0.00000001684 3.80248371853 3362.9906980024
0.00000002081 1.45707089705 587.2070882745
0.00000001725 1.32648620918 6290.1893969922
0.00000001760 1.05809960446 1091.6252591036
0.00000001707 2.05213382658 98.3574718034
0.00000002178 3.29717293610 118.0706277456
0.00000002021 5.89628715728 913.7508863177
0.00000001805 2.74507477460 1389.1071219701
0.00000001780 1.68202888730 9772.4602613334
0.00000001687 2.77110409640 10220.3990932118
0.00000001942 0.62508676865 246.4361962297
0.00000001682 5.71772687954 3590.516887442
0.00000001585 2.94676152634 4002.8879843164
0.00000001942 3.67572077367 9146.790069021
0.00000002092 5.60181404740 629.6023455755
0.00000001930 1.68011034900 271.61836777
0.00000002109 3.48166538243 757.8078553652
0.00000002179 0.28655950016 666.723989257
0.00000001581 5.53424328275 1159.2933106701
0.00000001856 4.17411768121 322.6116447801
0.00000001568 4.53671740651 122.4758617607
0.00000001879 5.27290591309 134.0640787458
0.00000001594 5.13131160823 624.3981679252
0.00000001760 4.32007497090 734.9133056853
0.00000001764 6.15149779828 560.7104537316
0.00000001662 3.01056999288 934.1977554428
0.00000001644 2.70575030230 525.0250986486
0.00000001715 5.05042473287 709.0498105888
0.00000001878 3.19550384063 155.7829722581
0.00000001538 2.05322828343 2648.454825473
0.00000001653 4.89962084723 318.679491517
0.00000001742 3.52477579020 58.319272332
0.00000001584 5.28343542578 3767.2106175758
0.00000001503 0.64126765918 315.8706047948
0.00000001617 2.39186277432 83.3796182764
0.00000001522 5.52609090590 406.1513217509
0.00000001505 4.00358265141 447.0450600011
0.00000001511 0.91634243175 1748.0372612796
0.00000001830 0.63474599912 259.5088859231
0.00000001807 0.06769453319 1193.9672737968
0.00000001856 3.57858164701 679.2541622292
0.00000001519 3.82968892812 1144.3154571431
0.00000001498 1.98604619754 174.6929790482
0.00000001575 0.59855315484 700.4517908797
0.00000001458 2.80570485080 415.2918581812
0.00000002009 3.89257651333 1372.5924061081
0.00000001835 5.85413600592 245.7548726735
0.00000001577 4.21988525964 9793.8009023358
0.00000001662 2.33876751022 1357.6145525811
0.00000001445 1.36342810835 105.380396079
0.00000001785 1.83848903190 736.8397213783
0.00000001645 5.17909722343 249.4745776155
0.00000001495 3.22730936805 77623.81213840858
0.00000001503 2.59801643048 413.8555695827
0.00000001889 3.64872229792 764.4001375042
0.00000001503 3.81614377386 4113.0943055358
0.00000001517 0.96214801531 535.9107402181
0.00000001691 4.02435252758 1268.7488723641
0.00000001443 2.05924697648 414.8187774292
0.00000001453 1.76200509604 608.404716925
0.00000001417 2.16805792847 103.3052225397
0.00000001491 2.71289281505 5863.5912061162
0.00000001683 4.01621825127 6503.4884924302
0.00000001413 4.95679658990 102.8803258975
0.00000001438 3.14372253740 550.1378342197
0.00000001473 6.03896352146 1354.4331588434
0.00000001469 0.70970063563 1452.8430202735
0.00000001455 5.17252529808 335.1418177523
0.00000001409 4.75328357688 4010.0015313172
0.00000001848 2.55365760167 419.6970921963
0.00000001756 2.17515099562 2707.8286873866
0.00000001572 5.11604878686 2090.3096723752
0.00000001590 0.88427818489 701.936263588
0.00000001587 5.49941870322 148.3393568572
0.00000001391 4.51136204527 812.9457339595
0.00000001433 5.96031312341 184.8449074348
0.00000001770 2.76997068745 610.6923387854
0.00000001926 4.60411263717 416.5638825684
0.00000001512 4.28907569036 428.2427222787
0.00000001491 6.19797514101 5746.271337896
0.00000001891 5.00794934593 1165.3954657146
0.00000001759 4.58582597435 200.0352092829
0.00000001759 3.44539284583 226.5629815931
0.00000001507 3.03240096716 728.0122070056
0.00000001601 5.43891433341 10433.6981886498
0.00000001400 0.26014578065 1950.2906564537
0.00000001481 1.32266089239 9676.4810341156
0.00000001607 1.30401533687 1645.6952465864
0.00000001338 0.32385668589 551.1010420662
0.00000001369 2.97642894950 2015.6710861598
0.00000001684 3.65255547244 2733.3883524269
0.00000001377 4.02534099039 183.5516311882
0.00000001377 0.86428517620 243.0465596878
0.00000001545 5.17617889881 469.7271613599
0.00000001328 4.26613234444 168.0525127994
0.00000001329 2.62043662585 1321.4390704036
0.00000001832 2.64902483032 1070.4276304531
0.00000001714 6.08300926304 79.1868325824
0.00000001384 0.51883875319 718.6110381444
0.00000001293 0.73720210492 443.8636662634
0.00000001445 5.54776352818 1546.5346256309
0.00000001758 3.53138641234 452.4616859725
0.00000001323 0.57163734440 1182.9215735329
0.00000001464 4.41309699814 359.893347156
0.00000001376 0.61103736579 535.3200393871
0.00000001562 5.38874817106 1116.0042814918
0.00000001664 4.95290022994 102.980899634
0.00000001452 0.95391083866 316.6525020875
0.00000001371 5.90092829407 1230.1427559743
0.00000001287 5.11643818914 1378.0614217062
0.00000001540 2.64182135460 2810.9214616052
0.00000001306 3.46049602472 118.8737768977
0.00000001265 1.74539951256 313.4711083498
0.00000001458 3.04954375653 9352.9756174582
0.00000001268 6.19011285620 945.9942152321
0.00000001255 4.69031464511 1365.4788591073
0.00000001435 5.66075669352 1112.0721282287
0.00000001665 0.62988746649 163.5778428151
0.00000001357 6.27754029215 2638.1598847345
0.00000001500 6.15789721114 253.4591205053
0.00000001563 1.45149048546 3391.4448860056
0.00000001642 2.81880394943 59.2824801785
0.00000001594 0.44695442950 109.3125493421
0.00000001470 5.32258746756 2693.601593385
0.00000001254 0.01314124764 1670.82502850
0.00000001229 2.75441751465 2321.0172555525
0.00000001299 3.73723007418 100.1720129118
0.00000001378 2.65430765160 1248.1419445446
0.00000001579 4.87543328136 1477.5945496772
0.00000001343 4.05019503298 973.554631358
0.00000001249 4.48467456107 1257.7031721002
0.00000001409 3.73682854833 321.0577361026
0.00000001267 5.32582018884 114.8721876654
0.00000001279 0.62790063934 208.8938614229
0.00000001279 1.12013287366 217.7043294531
0.00000001360 2.94106637275 731.6837278378
0.00000001292 2.58482128116 95.0160193713
0.00000001208 1.32714482271 115.8835796217
0.00000001405 5.51459382206 959.2099172774
0.00000001492 0.02061853237 745.9108218394
0.00000001445 4.87232535693 3149.6916025644
0.00000001329 3.78290919728 1226.2106027112
0.00000001522 0.18915606181 347.4113582936
0.00000001621 0.27051123464 25455.119402261
0.00000001224 2.09537326016 3067.9394693482
0.00000001244 1.25777650062 3487.4241132234
0.00000001329 0.53441781539 680.0573113813
0.00000001450 0.82068686253 25558.2121764796
0.00000001360 3.69759181292 670.4960838257
0.00000001352 3.75966450307 529.8028396792
0.00000001236 4.30743406740 539.0921339558
0.00000001173 2.82545343063 1383.6904959987
0.00000001187 1.03835064531 1394.7361962626
0.00000001153 5.83618369598 476.3194434989
0.00000001176 2.90357853330 251.9052118278
0.00000001245 4.65507327128 293.4973199767
0.00000001285 3.93504441733 4105.980758535
0.00000001273 0.55887711001 165.3441998137
0.00000001392 0.02252934590 5860.4098123785
0.00000001357 3.35598838973 101.6083015103
0.00000001366 5.22724394155 673.8375362578
0.00000001211 2.29834110056 270.8152186179
0.00000001212 1.82608292863 878.3261636656
0.00000001180 5.71255685193 774.0095491696
0.00000001371 3.12199503993 5852.5455058523
0.00000001373 4.47969866574 880.023084695
0.00000001263 1.72556296863 1696.0978227655
0.00000001147 5.23261055240 2047.9144150742
0.00000001139 4.25515435685 199.0238173266
0.00000001139 3.77606446333 227.5743735494
0.00000001350 3.52655624885 25440.89230825939
0.00000001402 0.27389279785 310.7627953641
0.00000001177 1.82815189392 303.0585475323
0.00000001164 3.52320292409 913.0001267923
0.00000001180 5.67582372815 272.5815756165
0.00000001392 5.39039322418 383.3091616977
0.00000001228 6.14895042777 91.4563731237
0.00000001154 0.40787574864 2040.8008680734
0.00000001129 5.00161734286 12.7426212933
0.00000001431 3.53246978944 1467.0701142751
0.00000001126 3.79660314533 848.530515306
0.00000001513 0.39925684800 1147.4968508808
0.00000001153 5.17505063686 1773.9178027186
0.00000001128 1.71769229719 976.7360250957
0.00000001408 1.58662566884 763.4369296577
0.00000001458 5.59143602269 1128.534454464
0.00000001478 0.06776988437 349.3689117539
0.00000001510 2.53664213755 754.8389099486
0.00000001449 3.17300960200 1020.025054274
0.00000001356 3.98680116862 108.50940019
0.00000001249 1.30613475993 1534.7381658416
0.00000001131 3.96272996671 5540.0857894588
0.00000001289 5.88758679432 1403.3342159717
0.00000001191 2.88509951530 466.7582159433
0.00000001180 1.37216464240 2012.4896924221
0.00000001433 4.14919194066 388.7257876691
0.00000001519 1.77602034236 1151.4290041439
0.00000001096 1.26794842991 373.0142209592
0.00000001100 0.77366362492 1724.4089984168
0.00000001237 4.45157430570 559.6990617753
0.00000001358 5.74355886162 877.1023233882
0.00000001102 4.63066438780 531.6967026647
0.00000001302 1.44598353889 9790.6195085981
0.00000001204 1.14665521525 1962.087116243
0.00000001099 5.99651405584 527.6852275245
0.00000001178 1.43511695783 1392.2885157078
0.00000001255 1.98199855048 877.5754041402
0.00000001462 6.27961731873 301.4140161296
0.00000001075 3.79098343355 645.3139122854
0.00000001072 4.01082765782 220.5727011332
0.00000001072 4.02039116236 206.0254897428
0.00000001281 4.54544859936 9782.7552020719
0.00000001067 5.00162271725 904.4021070832
0.00000001096 4.32947944704 1998.2625984205
0.00000001076 0.76185840399 898.7730327907
0.00000001094 0.91660450585 3803.81598288
0.00000001428 5.37194147298 2833.2997329078
0.00000001072 1.12267854328 206.3456071316
0.00000001072 0.62535496972 220.2525837444
0.00000001171 5.53099866879 1475.6851803267
0.00000001054 2.72358957995 5966.6839803348
0.00000001302 3.69508258754 1096.2429414398
0.00000001396 5.45482103248 1461.4410399826
0.00000001385 1.20423833249 1127.2624300768
0.00000001170 2.12698764013 704.8570248948
0.00000001155 1.13805007709 6599.467719648
0.00000001131 3.08204815771 1222.2784494481
0.00000001116 5.98592305871 1901.5326116773
0.00000001288 0.42379455454 1340.5615255148
0.00000001314 6.26564385850 1560.6187072806
0.00000001286 0.79929117404 1082.0158474382
0.00000001048 1.78990785167 532.6117264014
0.00000001166 5.05890554170 2467.3990589494
0.00000001338 0.28846575268 1244.226837624
0.00000001319 4.68406643646 5436.9930152402
0.00000001299 5.43850078022 2509.7943162504
0.00000001253 5.04434789546 482.2573343321
0.00000001127 0.30971437723 78477.00852016058
0.00000001362 5.11365032735 733.428832977
0.00000001045 4.69725794848 1247.4082313617
0.00000001027 3.09210187986 1699.2792165032
0.00000001329 5.03786795261 2740.5018994277
0.00000001088 2.67619018542 2630.2955782083
0.00000001017 2.29943441333 1939.2449561898
0.00000001236 0.30370190103 761.7400086283
0.00000001236 4.02922968721 2943.5060541272
0.00000001321 4.43670480817 323.2447842265
0.00000001279 3.51604975387 223.1209554245
0.00000001279 4.51516906631 203.4772354515
0.00000001018 2.91596221445 640.6480458394
0.00000001010 2.70311043178 3914.0223040994
0.00000001105 1.98193872719 369.0820676961
0.00000001015 3.09583830139 411.0990724872
0.00000001113 3.02325708016 523.5406259403
0.00000001008 4.30745009184 102.8321417877
0.00000001023 1.30830385679 608.2446582306
0.00000001014 0.02522068638 121.8427223143
0.00000001246 5.68903950855 758.7710632117
0.00000001018 4.91714410657 6247.5131155228
0.00000001109 1.66575096659 1397.7051416792
0.00000001195 4.77748966530 47.061123747
0.00000000987 2.64810111086 968.1380053866
0.00000001353 0.16753327985 598.8434893694
0.00000001216 6.15221306348 9367.2027114598
0.00000001253 4.46392704390 5867.5233593793
0.00000001069 4.67913892913 6217.6310719126
0.00000001317 3.83858558776 260.360219185
0.00000001264 0.68934669984 1681.1199692385
0.00000001072 5.14135047926 582.3811631341
0.00000001160 6.23718760445 152.7445908723
0.00000001105 0.38728165518 661.0949149645
0.00000001008 0.43311135773 304.1223291153
0.00000001200 3.09836953470 528.4671248172
0.00000001361 0.25316006676 1439.5096981492
0.00000000973 3.93273625700 173.1390703707
0.00000000985 5.37328572434 1012.9115072732
0.00000001105 1.14919741381 199.1201855462
0.00000001105 0.59883609919 227.4780053298
0.00000000991 1.52113636912 331.3697231836
0.00000001226 3.94496586095 1973.1328165069
0.00000000958 1.97392157680 1791.3262904579
0.00000001185 2.30984449641 772.9981572133
0.00000000975 5.20361164972 2225.7887878601
0.00000001221 3.21085670371 775.9671026299
0.00000000982 6.03742794907 1269.4996318895
0.00000001224 2.82053624385 25344.9130810416
0.00000001026 1.03328449858 599.6466385215
0.00000001207 4.61076899661 2597.6223661672
0.00000000992 1.52833966963 726.3152859762
0.00000000950 2.91384578758 568.2970814844
0.00000001045 1.71934810271 447.7958195265
0.00000000958 4.13745803808 711.4974911436
0.00000001220 4.63275786827 1458.472094566
0.00000000973 0.18291286905 1333.2355301929
0.00000001070 3.54513482526 1471.0022675382
0.00000001155 1.80067980448 308.5275631304
0.00000000968 4.70982562087 394.9455627926
0.00000001023 2.72566495465 522.529233984
0.00000001271 4.63428894734 25771.5112719176
0.00000001128 4.76771165311 1459.9565672743
0.00000001214 6.08146614200 1190.7858800591
0.00000001056 2.41421618519 62.038977274
0.00000001211 0.07105082597 874.3940104025
0.00000001069 3.21597034495 384.2723695442
0.00000000928 1.98032917141 689.6185389369
0.00000000927 6.25845040638 6327.837393132
0.00000001157 1.32901172925 1374.1292684431
0.00000001221 6.07809765786 473.068613792
0.00000000945 0.09123943360 838.218528225
0.00000000936 2.17363842403 321.808495628
0.00000000989 0.87301593506 557.0389328994
0.00000000943 2.69427894222 1875.5090578864
0.00000001172 5.88736315639 9797.7330555989
0.00000001048 3.73168805028 4429.4861751924
0.00000001071 1.11073151974 781.5961769224
0.00000000918 2.63844409234 385.7568422525
0.00000001082 5.24996549702 2151.0071892928
0.00000000993 6.01306916289 1396.2206689709
0.00000001056 1.31804101541 3707.8367556622
0.00000000971 2.88611794550 3281.2385647862
0.00000001138 5.00068840720 5845.4319588515
0.00000000920 3.60988608759 632.0329797878
0.00000001142 0.14819030385 1987.2168981566
0.00000000970 4.59382496601 866.5297038763
0.00000001185 5.68033788821 10846.0692855242
0.00000001115 1.35005478930 1079.8287993143
0.00000000909 4.51062672335 311.7260032106
0.00000001060 1.32259506046 2520.0892569889
0.00000000931 6.04606689039 3906.9087570986
0.00000001058 3.29946281633 613.8737325231
0.00000001142 5.20625047920 906.849787638
0.00000000952 4.74695156387 3569.1762464396
0.00000000899 0.95311796470 605.9570363702
0.00000001259 2.56978534873 5333.9002410216
0.00000000922 4.85082110018 401.5378449316
0.00000001212 5.83888920317 941.3113024436
0.00000001018 2.31116440407 3700.7232086614
0.00000000896 2.50724358689 981.4189378842
0.00000000899 5.16361191839 420.2354034006
0.00000001039 5.09352612368 68.1893164283
0.00000000960 2.47416590676 1197.8994270599
0.00000001015 1.64026122587 714.5358725294
0.00000001108 6.09598657011 1259.1876448085
0.00000001035 1.50974146504 6261.7402095244
0.00000000889 4.18410664752 2306.7901615509
0.00000001195 6.15877891933 1152.1797636693
0.00000000931 4.56496644687 529.57909051
0.00000000901 4.11178501419 1127.0499817557
0.00000000962 4.91687121920 1759.8337210689
0.00000000905 5.08337481428 795.6802585721
0.00000001088 3.10692546135 2332.0629558164
0.00000001148 1.83262877540 979.1837056505
0.00000001021 2.83249057863 524.0618908021
0.00000001063 1.80742459506 921.0768816396
0.00000000962 1.78033887272 770.3380283374
0.00000000962 0.62986061526 988.532484885
0.00000000920 4.60070286678 802.7938055729
0.00000001054 0.18348909645 1304.9243545416
0.00000001179 5.56983461950 260.9933586314
0.00000000871 1.92755623364 102.9327155242
0.00000000902 6.00832963626 1407.2663692348
0.00000000970 0.92586021521 51322.60990139639
0.00000000870 5.19974857867 103.252832913
0.00000000952 4.49527687251 1527.6246188408
0.00000000977 1.89516214334 273.8536000037
0.00000000868 5.21672394772 4539.6924964118
0.00000001016 1.81276666100 1332.4847706675
0.00000000939 4.72160653425 12573.2652469836
0.00000000900 2.85261484611 1022.3126761344
0.00000000867 2.01961476477 449.4927405559
0.00000001116 0.91462209636 947.5310775671
0.00000000861 2.84568601373 1095.6098019934
0.00000001151 1.92157822238 775.4458377681
0.00000001081 1.05451600776 316.9131345184
0.00000000889 2.78855806552 5158.2491417234
0.00000000952 1.24922940161 52168.69273614759
0.00000000892 0.51409333559 663.8032279502
0.00000001064 0.14095547310 9775.6416550711
0.00000000924 4.69074368530 1072.7152523135
0.00000000996 1.13833884977 1329.3033769298
0.00000000852 6.16458473082 4760.1051388506
0.00000000878 1.53529061972 166.237971691
0.00000000940 1.91139473998 4216.1870797544
0.00000000880 3.09735397949 303.8616966844
0.00000000884 0.90715778768 1336.4169239306
0.00000000960 0.24584342277 5842.2505651138
0.00000000859 2.62627633564 1886.5547581503
0.00000001090 0.95231319440 738.3241940866
0.00000001176 0.64353107931 4752.9915918498
0.00000000853 4.46091624833 1241.1884562382
0.00000001107 5.37901208764 2442.2692770358
0.00000000938 0.30415708562 600.5404103988
0.00000000858 0.41063008749 1035.002907801
0.00000000945 2.21798974127 2107.7181601145
0.00000000928 2.03804472509 97.4636999261
0.00000000842 5.63606603103 4642.7852706304
0.00000000845 1.52209182104 803.5445650983
0.00000001161 0.64813941640 987.7817253596
0.00000000959 2.94700989070 249.6870259366
0.00000000959 1.94261627589 176.9111649394
0.00000000835 5.27426036188 960.0612505393
0.00000000844 4.26705563875 3494.5376602242
0.00000000843 4.69679538916 248.4631856592
0.00000000843 0.19283077743 178.1350052168
0.00000001023 3.54777631899 1054.7160637432
0.00000000870 1.97309067523 1467.8208738005
0.00000001010 3.19322573273 1186.853726796
0.00000000957 2.63832021608 10529.6774158676
0.00000000900 1.80738429411 5901.239202256
0.00000000941 2.82789997881 944.9828232758
0.00000000865 2.70960324100 1535.488925367
0.00000001067 6.03658788356 1055.1891444952
0.00000000945 1.49743453294 829.6205085159
0.00000000912 1.39416845682 832.5894539325
0.00000001146 2.60438294372 982.1526510671
0.00000000812 5.30598958988 20007.0864485468
0.00000000927 5.76929068640 204.91352405
0.00000000927 2.26192813378 221.684666826
0.00000001028 0.68506380971 622.4887985747
0.00000000827 3.54375341653 3679.382567659
0.00000001020 0.81327138026 664.0156762713
0.00000001093 0.95182537662 26404.2950112308
0.00000000920 3.29194805293 1460.7073267997
0.00000000867 0.75858082011 155.1922714271
0.00000000821 5.37814660681 9470.2954856784
0.00000001078 5.29413317260 902.9176343749
0.00000000857 5.49673781780 63.847772888
0.00000000798 2.46893889261 437.9045235708
0.00000000791 3.96600713625 529.6427809848
0.00000000866 5.20338687906 1784.9635029825
0.00000000788 1.83026001861 683.0262567979
0.00000000788 4.89679068215 938.1299087059
0.00000000803 2.43017686726 19992.85935454519
0.00000000972 3.39781775284 1858.9943420244
0.00000000870 6.20285766706 401.3253966105
0.00000000783 5.18616462930 841.4169683052
0.00000000950 4.19698244286 507.5995645668
0.00000000972 3.15612005468 892.5532576672
0.00000000792 4.70710210429 823.9914342234
0.00000000926 4.87407778306 1025.4416802454
0.00000000929 3.24203444555 517.1607921224
0.00000001020 3.91362880983 103.2046488032
0.00000001094 4.65159397422 2623.1820312075
0.00000001092 0.51760698110 938.8806682313
0.00000000872 2.51553129794 63.6240237188
0.00000000995 4.28573964440 1120.148883076
0.00000001013 5.43396560078 810.6581120991
0.00000000809 6.27924207458 1371.8416465827
0.00000000792 5.83029978253 746.1714542703
0.00000001085 2.59537042479 592.2030231206
0.00000000888 3.27135586321 26514.5013324502
0.00000001055 4.03982380142 7232.2514589612
0.00000000781 1.96140425782 4546.8060434126
0.00000000799 4.48492473652 2843.5946736463
0.00000000776 2.77204567287 494.4786907636
0.00000000936 0.36703047310 480.251596762
0.00000000893 3.82920318115 957.0923051227
0.00000000777 4.95951789220 1031.87390369
0.00000000940 0.40461452564 2313.9037085517
0.00000000824 1.65904903943 547.8502123593
0.00000000910 4.93700135135 2406.7015420318
0.00000001027 2.73485817904 3657.0042963564
0.00000000768 3.19841476084 845.3320752258
0.00000000866 3.55153634231 1293.8786542777
0.00000000998 5.44535986140 11.7794134468
0.00000000801 0.27112028533 475.3562356524
0.00000000766 6.03832107377 2439.0878832981
0.00000001050 0.63919198126 332.1728723357
0.00000000833 4.78190863299 1681.8707287639
0.00000000769 4.30003410596 1052.2201990786
0.00000000970 4.44489541225 527.2432845398
0.00000000776 4.35685988911 2014.0265547571
0.00000001002 4.18369718646 52182.9198301492
0.00000000973 5.48778736129 518.9058972616
0.00000000829 1.94484304027 595.7144852584
0.00000000839 0.93530391094 13362.4497067992
0.00000000874 1.04026539094 493.5154829171
0.00000001022 5.81953700429 812.1425848074
0.00000000754 4.26857382429 735.9246976416
0.00000000788 0.86378191468 1408.0171287602
0.00000000786 4.39939203294 1053.2315910349
0.00000000899 5.38123051458 931.0163617051
0.00000000768 1.54323874502 6058.7310542895
0.00000000830 4.02252856771 821.5437536686
0.00000000831 0.77280313250 436.6324991836
0.00000000934 1.59834418987 1300.9922012785
0.00000000757 4.23078199908 5495.9816523824
0.00000000802 4.24211624809 1386.6594414153
0.00000000949 0.86426366309 10007.0999977738
0.00000000805 1.91700034886 580.0935412737
0.00000000940 2.94283899053 461.7622810972
0.00000000881 5.46197017645 269.1706872152
0.00000000881 5.71084129732 157.4275036608
0.00000000789 2.80405308992 678.0303219518
0.00000000766 0.01680401049 1235.6117715724
0.00000000767 2.96617646777 2093.4910661129
0.00000000868 0.13582660748 1016.8436605363
0.00000000755 1.33774449782 188.2387494936
0.00000000965 2.40006592137 1674.0064222377
0.00000000728 0.99359722955 1052.3165672982
0.00000000840 0.88655149235 1051.3051753419
0.00000000726 2.32238512009 545.4719677737
0.00000000725 4.18151409048 995.6460318858
0.00000000819 2.37855017768 665.0270682276
0.00000000815 4.11376340797 699.1797664925
0.00000000748 5.94369910761 10632.7701900862
0.00000000860 3.40471766460 473.659314623
0.00000000742 4.71775024033 740.2817475469
0.00000000917 1.78759198509 12559.038152982
0.00000000768 2.28792148219 1310.3933701397
0.00000000989 5.46273130551 11162.4611551808
0.00000000743 5.02549550327 1087.6931058405
0.00000000719 1.19467319531 1736.9915610157
0.00000000775 1.68635949381 1703.2113697663
0.00000000719 6.27712089125 103711.71527998279
0.00000000783 5.04624349752 962.5089310941
0.00000000785 5.38854066042 1317.5069171405
0.00000000976 3.25056793677 870.4618571394
0.00000000851 4.56667936071 3466.083472221
0.00000000935 2.03746699681 841.8900490572
0.00000001009 2.30316838782 1126.2992222303
0.00000000795 0.87874818131 529.7391492044
0.00000000729 3.08855858649 1649.6273998495
0.00000000729 6.13104106223 951.4632308302
0.00000000714 3.87054311946 1175.8080265321
0.00000000870 4.71802760819 749.2098356561
0.00000000884 2.18888540145 655.4176565622
0.00000000749 3.86728999613 785.5283301855
0.00000000719 1.08144155753 467.4395394995
0.00000000708 4.72118340243 2431.2235767719
0.00000000737 2.08501060156 521.6142102473
0.00000000824 0.35270933491 1163.4379122543
0.00000000720 1.80911156979 255.6249167698
0.00000000800 0.28363303165 147.1155165798
0.00000000800 4.60599313494 279.4826742962
0.00000000793 0.44341701999 951.6232895246
0.00000000974 0.50255279262 1997.5118388951
0.00000000926 3.38675142586 9896.8936765544
0.00000000807 5.15433117145 688.6553310904
0.00000000718 2.96669004947 9988.9407505091
0.00000000696 3.17155112876 2254.0999635114
0.00000000891 5.13469375619 669.6447505638
0.00000000944 1.61465906231 2748.3662059539
0.00000000783 1.34403255618 227.0049245778
0.00000000783 0.40400095682 199.5932662982
0.00000000728 2.30992648354 839.1817360715
0.00000000698 3.25603591732 498.1983957056
0.00000000703 1.55460321889 5654.2242639413
0.00000000717 4.55237879181 6702.5604938666
0.00000000736 1.20028593415 403.7036411961
0.00000000701 4.58273199053 4326.3934009738
0.00000000699 5.34077680752 725.5815727933
0.00000000684 4.81758588915 6062.6632075526
0.00000000685 5.86089797553 455.0523788792
0.00000000792 1.62306361946 5422.7659212386
0.00000000687 5.43360628922 103.843533744
0.00000000837 5.42290928791 570.5323137181
0.00000000681 4.97089069344 605.275712814
0.00000000752 2.13635874110 413.1048100573
0.00000000681 2.40400472916 458.090760265
0.00000000815 1.53292306954 391.976617376
0.00000000680 4.14190883039 2143.893642292
0.00000000744 0.28747509376 457.1969883877
0.00000000687 4.40962225159 1563.8001010183
0.00000000883 0.11492592605 378.6432952517
0.00000000740 3.78883452039 1016.0929010109