9.52986882699 5.58600556665 213.299095438
-0.79387988806 0.0 0.0
0.26441781302 4.83528061849 426.598190876
0.06916653915 2.55279408706 206.1855484372
0.06633570703 5.46258848288 220.4126424388
0.02345609742 0.44652132519 7.1135470008
0.01183874652 1.34638298371 419.4846438752
0.01245790434 0.60367177975 110.2063212194
0.01098751131 4.08608782813 639.897286314
0.00700849336 1.13611298025 316.3918696566
0.00434466176 5.42474696262 529.6909650946
0.00373327342 4.71308726958 433.7117378768
0.00335162363 0.66422253983 103.0927742186
0.00097837745 5.72844290173 323.5054166574
0.00080571808 4.05295449910 11.0457002639
0.00083899691 5.33204070267 227.5261894396
0.00070158491 5.59777963629 209.3669421749
0.00065937657 1.25969608208 202.2533951741
0.00070957225 0.88888207567 632.7837393132
0.00068985859 2.44460312617 217.2312487011
0.00058382264 0.58978766922 224.3447957019
0.00054049836 3.33757904879 853.196381752
0.00045790930 0.30331527632 14.2270940016
0.00041976402 2.62591355948 199.0720014364
0.00044697175 0.90661238256 63.7358983034
0.00025199575 5.08963506006 216.4804891757
0.00024640836 2.95445247282 210.1177017003
0.00024835151 4.02630190571 415.5524906121
0.00025545907 0.06626229252 117.3198682202
0.00029666833 6.09910638345 735.8765135318
0.00023396742 3.96337393635 647.0108333148
0.00023380691 4.90051072276 149.5631971346
0.00020272215 2.34319548198 309.2783226558
0.00020099552 0.98365186365 522.5774180938
0.00024827950 3.92681428900 74.7815985673
0.00015383927 3.10227822627 277.0349937414
0.00011629210 5.74108283772 1059.3819301892
0.00012422966 2.62557865743 490.3340891794
0.00012048048 4.09265980116 351.8165923087
0.00009551796 3.48788042094 95.9792272178
0.00007670379 1.16594276164 742.9900605326
0.00006919946 1.17090063883 412.3710968744
0.00009034877 5.86816144198 1052.2683831884
0.00006536751 0.84246459392 838.9692877504
0.00006082097 4.58758280729 440.8252848776
0.00005027211 0.93213690546 846.0828347512
0.00004838146 4.98563812475 536.8045120954
0.00005768897 3.73776690402 38.1330356378
0.00005201849 2.97482802430 210.8514148832
0.00005156578 5.05796998564 215.7467759928
0.00003792348 4.41806046981 422.6660376129
0.00003881104 3.38026646963 3.9321532631
0.00003768751 2.14954247360 212.3358875915
0.00003752010 5.88125434018 214.2623032845
0.00003118938 5.55799397159 213.2509113282
0.00003118056 2.47259780102 213.3472795478
0.00003815691 2.44166851155 625.6701923124
0.00004042463 1.24471211016 137.0330241624
0.00002829944 5.44434225998 330.6189636582
0.00003367270 6.13298847057 437.6438911399
0.00002891352 5.85313497106 85.8272988312
0.00002774595 5.61594351302 203.7378678824
0.00002638715 3.83678156812 288.0806940053
0.00003171680 4.19553075395 76.2660712756
0.00002532374 3.52629372341 628.8515860501
0.00002533632 3.89788590926 138.5174968707
0.00002982174 2.58535107213 1066.49547719
0.00002620642 0.69751279148 127.4717966068
0.00002501775 6.19929274396 9.5612275556
0.00002448467 0.54179432209 1155.361157407
0.00002431496 2.40122451395 222.8603229936
0.00003138628 5.63058455924 1368.660252845
0.00002269226 2.12401905105 430.5303441391
0.00002078049 1.95682348964 423.4167971383
0.00002670750 0.18165311734 3.1813937377
0.00002339764 4.29619053852 388.4651552382
0.00001636580 2.97440139727 12.5301729722
0.00001639181 0.62823227849 212.7778305762
0.00001634235 1.12043073218 213.8203602998
0.00001499665 5.16865990579 52.6901980395
0.00001462908 4.35285690993 429.7795846137
0.00001678952 2.07211719214 949.1756089698
0.00001989253 0.42496478369 1.4844727083
0.00001540242 3.21449770483 860.3099287528
0.00001437063 3.84293543293 350.3321196004
0.00001276377 2.98728987770 340.7708920448
0.00001152164 1.78736848302 942.062061969
0.00001112617 5.19114183145 234.6397364404
0.00001011023 0.27242160432 1471.7530270636
0.00001162807 2.35040840317 200.7689224658
0.00001091025 4.25638370205 362.8622925726
0.00001090678 5.85086226218 173.9422195228
0.00000979441 4.38030362500 1162.4747044078
0.00001186647 5.38323620554 1685.0521225016
0.00000870366 1.66373573347 210.3783341312
0.00001120819 1.89478696683 703.6331846174
0.00000868815 0.08028652697 216.2198567448
0.00000831989 5.29292222262 212.5483359126
0.00000825849 2.73629728926 214.0498549634
0.00000880943 6.17830049665 209.106309744
0.00000867622 1.84353750811 217.491881132
0.00000789747 4.95200793900 223.5940361765
0.00000787760 1.09636920769 515.463871093
0.00001008898 5.80110302450 225.8292684102
0.00000852348 3.77492026990 88.865680217
0.00000919742 3.29098397009 565.1156877467
0.00000861896 2.13214810643 252.6559713532
0.00000707797 1.00092256988 1265.5674786264
0.00000935830 2.78325753863 302.164775655
0.00000711560 1.83909913013 417.0369633204
0.00000918735 3.00604517701 563.6312150384
0.00000714428 5.61336775536 207.6700211455
0.00000686040 0.30753112959 956.2891559706
0.00000795907 0.44249466780 207.8824694666
0.00000664618 0.18239901113 479.2883889155
0.00000770829 1.32128949558 218.7157214094
0.00000693714 2.40549437556 218.9281697305
0.00000798909 6.06695893725 22.0914005278
0.00000835476 1.39152622883 160.6088973985
0.00000739834 6.27747531964 728.762966531
0.00000594013 1.31598713165 265.9892934775
0.00000764611 0.14564177629 21.3406410024
0.00000581261 2.38872797383 554.0699874828
0.00000629049 1.22858809314 18.1592472647
0.00000702089 1.97508934614 62.2514255951
0.00000698631 5.28259133162 124.433415221
0.00000614460 2.85212173127 217.964961884
0.00000667918 1.25225067905 425.1137181677
0.00000581376 0.50782281722 231.4583427027
0.00000520344 5.09622518839 414.0680179038
0.00000519835 1.70911972460 99.1606209555
0.00000500788 1.47836685639 1258.4539316256
0.00000533532 0.96174816662 214.7835681463
0.00000483256 0.91737302115 408.4389436113
0.00000553256 5.17631306517 208.633228992
0.00000629756 2.95386700663 65.2203710117
0.00000465386 3.05786362626 203.0041546995
0.00000528826 0.65918491217 211.8146227297
0.00000465526 3.83793669928 654.1243803156
0.00000503180 2.80008494039 251.4321310758
0.00000443674 0.00736496644 1788.1448967202
0.00000426214 6.01089625149 1589.0728952838
0.00000414514 2.06430786088 148.0787244263
0.00000454911 4.17704716573 1478.8665740644
0.00000398382 0.07909774752 213.4109700226
0.00000398382 1.66925524906 213.1872208534
0.00000473403 5.14050822265 2001.4439921582
0.00000358919 4.93878023673 2.4476805548
0.00000465061 1.45302862836 142.4496501338
0.00000376562 0.54829635117 1581.959348283
0.00000341585 3.45264409045 198.321241911
0.00000433316 3.20558404998 312.1990839626
0.00000350436 1.14513501672 98.8999885246
0.00000334759 2.28889729136 213.0866471169
0.00000334759 5.74264101239 213.5115437591
0.00000370173 3.82861856132 151.0476698429
0.00000357143 5.33211408348 175.1660598002
0.00000367605 4.36445046507 750.1036075334
0.00000319024 4.57593199965 228.276948965
0.00000312590 0.96110658139 831.8557407496
0.00000306586 4.93996479979 195.1398481733
0.00000384780 4.14880260454 56.6223513026
0.00000421807 5.63268242725 70.8494453042
0.00000400030 2.71207125945 177.8743727859
0.00000327733 2.69309432564 191.9584544356
0.00000273993 5.98830026684 278.5194664497
0.00000270202 3.57098211820 635.9651330509
0.00000336412 3.29741235332 114.1384744825
0.00000269943 0.56914501964 327.4375699205
0.00000265070 4.06900450863 205.2223405907
0.00000348765 5.33112172130 248.7238180901
0.00000296845 6.22357485953 10.2949407385
0.00000251697 1.64343434992 213.0384630071
0.00000251697 0.10491824010 213.5597278689
0.00000253052 2.67224328276 404.5067903482
0.00000307227 5.83295899287 483.2205421786
0.00000236798 1.18644808787 1574.8458012822
0.00000251354 5.49027488511 191.2076949102
0.00000269096 6.08409110657 1045.1548361876
0.00000241616 4.17757086737 221.3758502853
0.00000247351 4.14967259359 275.5505210331
0.00000292774 2.29160155390 424.1505103212
0.00000273849 0.48976257091 106.2741679563
0.00000305045 0.18263234556 6283.0758499914
0.00000237397 3.38925999152 235.3904959658
0.00000211029 4.73396446560 543.9180590962
0.00000206826 2.89687953034 842.1506814881
0.00000232878 1.32938721664 39.3568759152
0.00000269270 1.92392937845 121.2520214833
0.00000202662 6.03169886301 2104.5367663768
0.00000230906 2.46511266784 497.4476361802
0.00000218872 0.86295345782 8.0767548473
0.00000203946 1.38528238326 284.1485407422
0.00000216481 4.58190569482 429.0458714308
0.00000240544 0.08933614222 269.9214467406
0.00000212434 5.38637581028 650.9429865779
0.00000236820 2.00313603940 219.4494345923
0.00000214707 1.40555033199 425.6349830295
0.00000197134 0.24363457264 1898.3512179396
0.00000190659 2.72280889899 355.7487455718
0.00000173751 1.72051113398 426.6463749858
0.00000169750 3.20987625429 501.3797894433
0.00000173746 4.80590161850 426.5500067662
0.00000168051 5.46526862654 312.4597163935
0.00000181170 3.85220242553 1795.258443721
0.00000182549 5.95923923503 210.5907824523
0.00000179528 2.07197179284 216.0074084237
0.00000188571 2.33544585541 618.5566453116
0.00000180830 1.50904200578 84.3428261229
0.00000186121 5.22455005386 427.5613987225
0.00000196312 4.90432953947 2317.8358618148
0.00000198340 3.69541361584 488.8496164711
0.00000156017 1.90383812302 1375.7737998458
0.00000151676 2.56675310055 213.4591541324
0.00000151676 5.46446571963 213.1390367436
0.00000151429 2.33434011196 220.4608265486
0.00000167545 1.83420005749 1279.794572628
0.00000190528 6.02427347834 207.1487562837
0.00000180421 4.76213875112 491.8185618877
0.00000180390 1.05469577674 344.7030453079
0.00000146615 5.44168799419 220.364458329
0.00000194447 2.62404840122 188.9200730498
0.00000136976 0.70428757869 1148.2476104062
0.00000185075 3.55365539139 601.7642506762
0.00000158868 1.84813378152 179.3588454942
0.00000145472 1.21853593658 636.7158925763
0.00000155991 3.42111288262 289.5651667136
0.00000159449 3.96675364143 358.9301393095
0.00000138962 1.62828990596 436.1594184316
0.00000163232 1.79954755413 73.297125859
0.00000177559 1.60628671275 10213.285546211
0.00000174048 5.38802135330 237.6781178262
0.00000125284 1.76243276586 643.8294395771
0.00000131798 0.93003850215 212.0270710508
0.00000147344 1.52448539161 617.8058857862
0.00000130710 0.81771148871 214.5711198252
0.00000123423 0.17360907837 621.7380390493
0.00000132653 4.08171658773 4.665866446
0.00000116763 0.03834317084 113.3877149571
0.00000117597 0.90279986158 1891.2376709388
0.00000115112 3.65333095084 5.6290742925
0.00000112534 5.68635818339 206.1373643274
0.00000128649 6.16927510347 247.2393453818
0.00000111075 4.41850119615 107.0249274817
0.00000109023 3.90106019375 114.3991069134
0.00000114394 5.42454880430 32.2433289144
0.00000106221 0.24090572807 767.3690829208
0.00000126251 2.79961544501 181.0557665236
0.00000102514 5.96313041202 0.9632078465
0.00000107636 2.57069606934 206.233732547
0.00000120584 0.17406709675 342.2553647531
0.00000134800 1.20576280285 35.4247226521
0.00000105828 6.16888247845 219.891377577
0.00000104337 2.46235960097 1073.6090241908
0.00000095115 3.59922461581 643.0786800517
0.00000099528 6.13536812132 426.0769260142
0.00000104663 5.88419995684 1361.5467058442
0.00000094747 5.77564110292 2420.9286360334
0.00000095620 4.45357940681 447.9388318784
0.00000130015 5.07630034396 245.5424243524
0.00000101365 6.23985111882 2214.7430875962
0.00000090474 2.86757655481 525.4981794006
0.00000087892 4.76749308085 87.3117715395
0.00000090513 5.66908341298 92.0470739547
0.00000081847 1.67799021003 20.6069278195
0.00000091321 0.36728160716 427.1194557378
0.00000080705 1.93891112794 320.3240229197
0.00000091143 2.01894680272 206.706813299
0.00000097745 6.23005888799 4.192785694
0.00000079749 3.26351898499 159.1244246902
0.00000100483 1.98515948445 140.001969579
0.00000086568 0.91442175672 78.7137518304
0.00000077990 1.66809322351 14.0146456805
0.00000076329 5.90195594455 543.0242872189
0.00000074957 4.60768341839 420.9691165835
0.00000077269 2.80019747431 67.6680515665
0.00000080180 1.76473699777 125.9873238985
0.00000071100 0.89129238653 630.3360587584
0.00000076008 4.57174101646 134.5853436076
0.00000076857 4.88095052633 692.5874843535
0.00000069326 4.40670817988 212.0752551606
0.00000069326 3.62451064029 214.5229357154
0.00000076210 1.91960721245 934.9485149682
0.00000071834 3.47310524934 2111.6503133776
0.00000085047 3.18774989859 54.1746707478
0.00000081906 0.02823325050 353.301065017
0.00000091385 2.24806332628 776.9303104764
0.00000083341 4.67038022346 2634.2277314714
0.00000086493 1.15488292363 916.9322800554
0.00000076520 5.70422944555 144.1465711632
0.00000083998 1.30453941538 69.1525242748
0.00000066684 0.76966880509 423.6774295692
0.00000064747 4.57928856242 128.9562693151
0.00000070850 4.61521587231 211.6021744086
0.00000065595 3.23651495782 6.1503391543
0.00000064137 0.44216461549 1464.6394800628
0.00000075579 2.72064725811 153.4953503977
0.00000063366 4.99065911889 184.9879197867
0.00000073570 6.14451890498 286.596221297
0.00000064126 1.30105389213 2.9207613068
0.00000073606 0.31879952982 1272.6810256272
0.00000061422 4.93336864703 267.4737661858
0.00000078591 5.90644184590 46.470422916
0.00000070325 4.73999009945 337.732510659
0.00000067029 2.10509391932 33.9402499438
0.00000059139 6.25938993884 51.2057253312
0.00000059935 0.62832430985 2207.6295405954
0.00000078834 4.61551671847 299.1263942692
0.00000063494 0.80826123304 391.1734682239
0.00000059971 5.45076407738 182.279606801
0.00000066001 2.50975335235 778.4147831847
0.00000066705 0.99016626571 220.9339073006
0.00000065833 1.74010602145 416.3032501375
0.00000055245 4.21009430774 436.8931316145
0.00000061866 0.96601636837 14.977853527
0.00000066195 4.88980737223 696.5196376166
0.00000068948 6.02250542420 305.3461693927
0.00000054609 0.00793727320 387.2413149608
0.00000059022 3.40769037534 214.9960164674
0.00000054036 4.61708325976 627.3671133418
0.00000070977 4.86234954710 487.3651437628
0.00000063311 3.50812337721 576.1613880106
0.00000066652 5.42597089634 2.9689454166
0.00000066791 4.95921724777 116.4260963429
0.00000052982 2.94521665287 241.6102710893
0.00000054244 1.77761196480 329.7251917809
0.00000064685 4.11817037305 421.93232443
0.00000053229 4.09328383786 292.0128472684
0.00000056864 6.02030048296 444.7574381407
0.00000066066 0.00795410014 1169.5882514086
0.00000050139 0.33981792989 7.065362891
0.00000050427 3.58218487728 211.8628068395
0.00000050427 4.44903394289 214.7353840365
0.00000052408 2.49871082273 282.4516197128
0.00000052915 3.66309570535 199.2844497575
0.00000055592 3.43165296192 221.1634019642
0.00000047715 5.10534935586 219.6618829134
0.00000056847 0.97741250258 418.5214360287
0.00000059393 5.04777216540 439.1283638482
0.00000049622 1.07397902514 430.79097657
0.00000048678 1.59398431827 96.8729990951
0.00000048710 5.60640836585 429.5189521828
0.00000046209 4.54083648481 425.8474313506
0.00000051493 5.97425873524 2531.1349572528
0.00000051412 5.76661298592 518.6452648307
0.00000047005 2.61649558438 31.019488637
0.00000045618 5.66704236554 273.1028404783
0.00000044467 5.53037319900 2737.32050569
0.00000055947 0.51535719965 638.4128136057
0.00000042519 2.70084502599 5.4166259714
0.00000042505 5.31459145594 421.1815649046
0.00000048382 3.51641445336 7.1617311106
0.00000042004 0.91254981055 280.9671470045
0.00000041851 2.36099631927 244.318584075
0.00000052538 4.47099895134 205.4347889118
0.00000041378 3.38701415728 59.8037450403
0.00000041254 4.01431999731 120.358249606
0.00000046802 0.01622711468 558.0021407459
0.00000052883 2.83931668083 166.828672522
0.00000041956 5.69540610025 1677.9385755008
0.00000050113 1.81016163546 6.592282139
0.00000045107 4.49380088938 227.3137411185
0.00000045964 0.75454904800 205.6642835754
0.00000046355 1.53774731019 432.2272651685
0.00000037172 2.93645417223 206.9363079626
0.00000036628 2.09707542805 427.3489504014
0.00000045029 0.46131983164 428.0826635843
0.00000038453 4.42450266346 209.1544938538
0.00000040433 5.16219115737 233.9060232575
0.00000049147 4.62085574884 3340.6124266998
0.00000037471 3.60681221764 217.4436970222
0.00000046113 5.55096889463 212.4053235607
0.00000046113 2.48024992554 214.1928673153
0.00000036077 3.08476346783 867.4234757536
0.00000037160 3.14289320760 41.6444977756
0.00000037350 1.63735841154 1251.3403846248
0.00000035072 6.23912039279 181.806526049
0.00000039215 4.12162482146 28.3111756513
0.00000039775 4.04549743419 339.2864193365
0.00000037635 1.44659682623 347.8844390456
0.00000045853 3.13205357665 192.6921676185
0.00000039323 3.20138954128 756.3233826569
0.00000044137 5.48321215590 135.5485514541
0.00000034157 3.94135052425 81.7521332162
0.00000032207 1.93681169587 313.2104759189
0.00000036698 2.11524812183 431.264057322
0.00000031105 0.18786474496 1781.0313497194
0.00000031230 0.23280228607 405.9912630565
0.00000037384 4.45699108315 319.5732633943
0.00000039779 4.74985208556 738.7972748386
0.00000034739 0.32638897125 77.7505439839
0.00000035892 4.44540281948 2950.619601128
0.00000039342 0.62472997033 373.9079928365
0.00000029650 3.37204650277 274.0660483248
0.00000031782 4.13370262314 24.3790223882
0.00000030193 0.35423807736 2524.021410252
0.00000031118 1.69116341490 465.9550667912
0.00000029441 3.03544092290 2428.0421830342
0.00000038171 4.76939417514 145.6310438715
0.00000029292 4.61105433395 131.5469622218
0.00000028756 4.87076509051 192.8522263129
0.00000031497 4.15219792180 468.2426886516
0.00000034699 1.27595242408 381.3516082374
0.00000027274 2.45030050983 60.7669528868
0.00000027836 5.88920583793 216.2680408546
0.00000034964 4.96686863310 23.5758732361
0.00000028750 6.23126382059 333.657345044
0.00000027255 1.69447975245 244.791664827
0.00000029305 1.98340428594 464.7312265138
0.00000031737 2.99242362906 0.7507595254
0.00000027051 1.35484538064 361.3778198643
0.00000034731 5.82393475591 39.6175083461
0.00000034058 1.75751565147 405.2575498736
0.00000033607 4.20725171012 395.578702239
0.00000026325 2.16951933975 0.5212648618
0.00000027057 2.08658456308 210.3301500214
0.00000026627 1.22485059499 681.5417840896
0.00000029985 1.75140772777 710.7467316182
0.00000029611 3.03563269574 295.0512286542
0.00000031637 2.07116043946 1692.1656695024
0.00000025305 3.16045424330 233.7459645631
0.00000026679 5.17299701811 494.2662424425
0.00000025384 3.22791759769 16.6747745564
0.00000025196 0.12107682753 412.5835451955
0.00000034215 5.10822596181 259.769518354
0.00000033250 0.30954521223 162.0933701068
0.00000025742 1.25888857316 477.8039162072
0.00000029765 4.52626132577 129.9194771616
0.00000025034 4.88552569459 420.4478517217
0.00000026200 2.20762141616 45.5766510387
0.00000023913 3.85751439026 162.8965192589
0.00000023970 2.34887571453 264.5048207692
0.00000033556 3.87396335885 27.0873353739
0.00000027190 3.46933216009 214.9436268407
0.00000027190 4.56188666009 211.6545640353
0.00000025644 2.29213712683 229.9738699944
0.00000023511 5.11817349516 212.4959462859
0.00000023511 2.91304532501 214.1022445901
0.00000028674 5.94721164471 454.9093665273
0.00000023833 6.14424686939 422.405405182
0.00000025612 1.72388920925 411.620337349
0.00000022864 0.11268233469 2118.7638603784
0.00000025496 5.69074258555 2847.5268269094
0.00000024172 4.01730348395 184.7272873558
0.00000022472 2.15633918584 7.6348118626
0.00000026222 2.80143128349 31.492569389
0.00000022198 0.91804268520 426.4863162914
0.00000023226 6.03563080998 207.0793203145
0.00000021720 1.02524191391 432.0148168474
0.00000021569 1.63592154899 224.6054281328
0.00000022198 5.61107049084 426.7100654606
0.00000022961 2.58109891107 92.940845832
0.00000022695 6.24214736431 223.3334037456
0.00000020843 3.43174352438 472.1748419147
0.00000022283 1.99778424604 219.5188705615
0.00000020519 5.28715778940 3053.7123753466
0.00000024105 0.97906190272 334.5511169213
0.00000020030 2.81675406065 849.2642284889
0.00000027048 4.84076938460 36.6485629295
0.00000019844 0.43567116631 1485.9801210652
0.00000019519 1.31453508293 357.4456666012
0.00000021045 4.00724213785 241.8709035202
0.00000021410 0.86161640271 343.2185725996
0.00000022079 1.96835810931 186.2117600641
0.00000024839 2.65438981650 46.2097904851
0.00000018921 3.45842911419 171.6545976624
0.00000018653 4.99142844854 426.8106391971
0.00000023815 6.02632859549 112.6540017742
0.00000018653 1.53768472751 426.3857425549
0.00000018843 6.17211329882 555.5544601911
0.00000019727 6.15337850264 100.6450936638
0.00000022972 4.85207087547 450.9772132642
0.00000023844 4.55885748022 593.426863398
0.00000020032 1.35662572450 1567.7322542814
0.00000019430 0.49889379660 392.6579409322
0.00000018248 1.16940315494 508.3503240922
0.00000023767 4.50296212000 462.0229135281
0.00000019372 0.24140775392 831.1049812242
0.00000017673 4.71901812794 525.7588118315
0.00000021013 2.13939539715 402.2191684878
0.00000018535 5.57136714221 546.956440482
0.00000019930 0.14722884397 533.6231183577
0.00000019726 3.64855444024 963.4027029714
0.00000022398 6.21091779253 556.5176680376
0.00000017812 4.67876860218 460.5384408198
0.00000017239 2.19638364637 1055.4497769261
0.00000020404 1.44835454438 458.8415197904
0.00000017078 3.03651511220 146.594251718
0.00000017127 1.42593326651 419.532827985
0.00000023833 2.58926520909 141.2258098564
0.00000018879 3.13780715639 572.2292347475
0.00000018098 4.67997866940 230.7075831773
0.00000020564 1.73670066361 156.6767441354
0.00000018221 1.66360953902 561.1835344836
0.00000017235 5.69642460408 254.9435932136
0.00000018568 2.70940427752 152.5321425512
0.00000017269 4.52531012357 199.9657733137
0.00000017264 3.70601205694 295.1942410061
0.00000020777 1.66799856647 175.4266922311
0.00000016444 4.28983295170 263.7016716171
0.00000018781 6.05523756391 240.3864308119
0.00000022334 2.49164712100 423.6292454594
0.00000016374 4.05318035950 757.2171545342
0.00000018789 1.52193629561 66.70484372
0.00000022359 5.94675603401 486.4019359163
0.00000015958 6.18474282955 2097.423219376
0.00000021495 1.80009954963 206.3979967583
0.00000016498 5.52997951230 1994.3304451574
0.00000017370 3.48286795322 552.5855147745
0.00000018321 0.71302333930 50.4025761791
0.00000018291 0.84252688005 100.3844612329
0.00000017455 1.71250488224 905.8865797915
0.00000015961 0.08620485585 2840.4132799086
0.00000015567 1.54318325188 220.3007678542
0.00000016067 3.49794734385 226.6324175623
0.00000015648 1.56688636016 211.2933578679
0.00000015648 0.18114715284 215.3048330081
0.00000018382 0.18848462965 220.2001941177
0.00000018947 1.50194389720 637.4496057592
0.00000020602 5.47900525864 285.3723810196
0.00000016290 4.40037017827 41.0537969446
0.00000016595 3.19935275989 364.3467652809
0.00000017326 1.34597087283 199.8057146193
0.00000016253 3.43269290331 109.2431133729
0.00000016383 1.10309267801 203.8979265768
0.00000014710 0.56450048893 110.1581371096
0.00000015065 4.48008314400 258.8757464767
0.00000016371 1.11833300339 81.8951455681
0.00000016641 4.52681352135 419.4364597654
0.00000015483 5.00138655264 409.9234163196
0.00000014822 0.12437161534 195.7729876197
0.00000014820 5.69441218507 835.0371344873
0.00000015930 0.61706914429 172.4577468145
0.00000015790 1.37001454466 348.8476468921
0.00000019923 4.18939127616 107.7586406646
0.00000017952 2.79348041670 82.8583534146
0.00000015462 0.64414979340 222.7002642992
0.00000015877 4.20691449361 17.2654753874
0.00000014016 5.63689121224 426.8588233069
0.00000015062 4.17432597418 441.576044403
0.00000014016 0.89222201489 426.3375584451
0.00000014705 3.76205802021 110.2545053292
0.00000014166 5.11351042210 77.962992305
0.00000015302 5.65006523821 980.6681783588
0.00000015926 0.40206286298 226.7924762567
0.00000019008 1.39536466934 72.0732855816
0.00000013632 2.31331276774 13.3333221243
0.00000015012 6.23427543593 220.5245170234
0.00000015647 4.22924053362 3267.0114707846
0.00000014376 2.59472611987 448.6895914038
0.00000018185 3.04689762052 702.1487119091
0.00000015578 2.79287881306 570.7447620392
0.00000016412 1.18291299381 221.8971151471
0.00000013830 3.43135660708 434.6749457233
0.00000018337 4.67709417616 170.0100662597
0.00000016503 0.86644103914 111.1695290659
0.00000017164 2.66633764402 28.5718080822
0.00000013281 1.62081717611 230.8252032563
0.00000012978 5.00967719419 241.7532834412
0.00000013849 0.56971120253 850.0149880143
0.00000015892 2.38247604286 230.5645708254
0.00000014101 1.45466687402 99.9113804809
0.00000013407 0.01099066757 540.7366653585
0.00000013199 4.38388584990 457.617679513
0.00000012620 0.92344635694 131.4039498699
0.00000015831 0.08492919982 251.1714986449
0.00000013957 4.60482139712 864.2420820159
0.00000017463 4.83400698243 569.0478410098
0.00000016676 4.00720673932 705.1176573257
0.00000012993 5.71458760363 193.655375465
0.00000015393 0.15806990290 420.005908737
0.00000012127 2.57414102933 2744.4340526908
0.00000012577 0.31187279533 238.5718897035
0.00000012359 5.19894120419 326.6868103951
0.00000013217 2.66592366261 188.1693135244
0.00000014162 4.87830248734 894.8408795276
0.00000011557 5.03813004128 280.003939158
0.00000014282 4.27263941293 42.5382696529
0.00000011924 2.72411036904 380.12776796
0.00000012957 5.40884833034 3163.918696566
0.00000011989 4.02199963625 642.3449668688
0.00000011206 2.55059167193 714.6788848813
0.00000011094 3.77494369838 119.767548775
0.00000011265 3.74313513949 403.0223176399
0.00000014433 2.20590955504 386.9806825299
0.00000012049 1.79618188447 203.2647871304
0.00000011058 0.35405181917 17.5261078183
0.00000012095 1.14547306649 254.1404440615
0.00000010842 0.97259949349 639.9454704238
0.00000013350 0.65575474438 638.9340784675
0.00000014697 1.26523877234 432.7485300303
0.00000010935 2.99474883979 19.1224551112
0.00000013741 2.81160245841 815.0633461142
0.00000012848 5.62672323243 196.0336200506
0.00000010879 2.84976926802 820.0592809603
0.00000010518 2.64349450169 97.6761482472
0.00000010570 5.55557605599 606.7601855223
0.00000010505 0.20513029140 206.2974230218
0.00000010385 4.75266542249 196.8367692027
0.00000010842 4.05799649461 639.8491022042
0.00000010315 5.04748152372 3370.1042450032
0.00000010254 0.18412125850 201.9927627432
0.00000010891 1.07425081751 1884.124123938
0.00000010249 1.25494504145 107.2855599126
0.00000009862 1.78722934048 33.1371007917
0.00000013237 4.82102210965 480.7728616238
0.00000010908 4.50392808100 186.472392495
0.00000009594 1.63466155819 433.7599219866
0.00000013192 1.97304380339 2008.557539159
0.00000009944 1.10909756879 47.6942631934
0.00000010478 0.37560099716 189.7232222019
0.00000011233 4.51872140986 640.8604941605
0.00000009492 3.11486993450 106.0135355254
0.00000012985 3.33325603152 256.5881246163
0.00000009546 0.75076951952 219.1406180516
0.00000011258 0.60066407106 526.5095713569
0.00000012721 4.26318149453 170.7608257851
0.00000009370 3.27855373671 229.7614216733
0.00000009245 2.21550080989 406.954470903
0.00000011067 3.43799154852 240.125798381
0.00000009735 4.72972824448 433.663553767
0.00000010066 5.20819082705 423.8898778903
0.00000011401 4.60187128385 172.2452984934
0.00000012271 0.45950418131 662.531203563
0.00000009355 1.53347383876 194.1766403268
0.00000010379 5.25618033429 238.4288773516
0.00000011289 3.24732062670 389.9496279465
0.00000008924 6.03883665364 19.643719973
0.00000008841 0.50392103518 1802.3719907218
0.00000010267 4.23756855504 746.9222137957
0.00000008733 4.67037924875 157.6399519819
0.00000010066 1.32092240008 429.3065038617
0.00000009374 1.79762056777 206.0736738526
0.00000009533 2.29107827195 236.8749686741
0.00000008433 1.81570030403 426.7582495704
0.00000010715 4.37027632759 495.7507151508
0.00000008433 4.71341292310 426.4381321816
0.00000009526 3.31288975087 384.0599212231
0.00000008366 2.89420654474 89.7594520943
0.00000008491 6.09666431453 3156.8051495652
0.00000009436 1.12567006222 1493.093668066
0.00000009863 1.00498501412 376.1956146969
0.00000008903 0.86621106611 649.4585138696
0.00000008389 0.30076958467 232.4215505492
0.00000008246 0.71370891617 194.3890886479
0.00000008317 3.70830433977 661.2379273164
0.00000011199 5.06635124052 395.105621487
0.00000011220 5.60781396892 453.6855262499
0.00000008086 3.34184345438 385.5443939314
0.00000008096 1.13101164600 824.7421937488
0.00000008959 5.65941324166 187.4356003415
0.00000008026 2.62564001618 313.6835566709
0.00000011002 0.34533540558 354.5249052944
0.00000008380 1.30664256598 857.1285350151
0.00000009920 0.28888805593 204.7010757289
0.00000008727 2.65844044975 196.6243208816
0.00000007978 1.68245693691 394.3548619616
0.00000007712 5.98060890594 2413.8150890326
0.00000009112 4.34972455215 167.7224443993
0.00000009228 0.22253166769 594.6507036754
0.00000009889 2.79591836728 29.2049475286
0.00000007695 1.00995675874 207.4575728244
0.00000007998 4.19812784482 255.8373650909
0.00000008421 2.65464574606 502.8642621516
0.00000009658 5.37523639564 380.3884003909
0.00000007450 6.00758654848 366.7944458357
0.00000009590 5.19097739834 343.7398374614
0.00000007327 1.03432503215 232.2091022281
0.00000007358 4.89176431480 449.232108125
0.00000007649 5.24109368050 1382.8873468466
0.00000007564 2.72444649380 325.9530972122
0.00000009416 4.48854222432 418.0001711669
0.00000007037 5.89918763754 418.9633790134
0.00000009150 0.91468054201 562.1467423301
0.00000007298 0.17912713996 425.3261664888
0.00000007767 3.44132053994 195.8906076987
0.00000007169 0.78094936112 291.262087743
0.00000008066 2.33980427517 84.9335269539
0.00000009120 4.57102255131 112.9146342051
0.00000006841 6.05461927306 397.3932433474
0.00000006688 2.70758296796 313.9441891018
0.00000007544 2.39660132843 239.1625905345
0.00000007298 0.06680077999 427.8702152632
0.00000007038 2.36428897508 110.7275860812
0.00000007821 5.18741695859 176.6505325085
0.00000006649 5.44986911188 2310.722314814
0.00000007539 5.29427535852 25.6028626656
0.00000007418 4.53992673926 700.6642392008
0.00000007095 4.07590920492 3583.4033404412
0.00000008877 3.05141226466 1905.4647649404
0.00000006935 1.68866622749 1286.9081196288
0.00000006624 3.38478404710 268.9582388941
0.00000006922 5.86148555985 511.5317178299
0.00000008876 1.45124442917 190.4045457581
0.00000008632 5.94716297224 739.8086667949
0.00000006376 3.04969045967 117.9105690512
0.00000007976 6.27614086118 28.4541880032
0.00000008583 1.38183299971 298.2326223919
0.00000006427 5.78516785645 328.9220426288
0.00000006901 2.93953956658 249.9476583675
0.00000006169 0.02881162455 104.5772469269
0.00000007512 5.57403695070 25.1297819136
0.00000007268 0.55017036505 128.3655684841
0.00000007663 4.59575677319 724.8308132679
0.00000007570 1.45797407216 990.2294059144
0.00000006057 2.85826530733 856.3777754897
0.00000007044 0.74967263787 141.4864422873
0.00000006147 5.38817990453 639.3760214522
0.00000005874 1.44969396662 393.4610900843
0.00000005838 4.69945144897 505.3119427064
0.00000005932 4.48350348373 120.9913890524
0.00000005818 3.32808006343 43.2890291783
0.00000007778 1.43620402576 25.2727942655
0.00000006661 3.45258138447 95.3885263868
0.00000005748 0.04298421235 843.6351541964
0.00000006965 4.20593012805 909.8187330546
0.00000005766 4.84601849388 88.1149206916
0.00000007756 1.93405266531 55.6591434561
0.00000006334 1.84951949945 109.6850563576
0.00000005819 4.80388713776 215.9592243139
0.00000005819 3.22733168242 210.6389665621
0.00000006720 1.66015821490 135.336103133
0.00000006628 2.31043141001 611.4430983108
0.00000005550 2.16803692359 3060.8259223474
0.00000007445 0.29603600769 236.1936451179
0.00000006305 5.07644380408 3480.3105662226
0.00000005773 5.34909870712 97.4155158163
0.00000005959 0.81674403093 2200.5159935946
0.00000005771 4.76574145067 164.5410506616
0.00000005702 4.85038864412 610.6923387854
0.00000006085 5.30179771397 433.190473015
0.00000005516 0.00146158188 631.8205314667
0.00000006414 1.18221848920 624.919432787
0.00000006082 5.90524903819 640.4185511758
0.00000006689 5.67587790589 140.9651774255
0.00000005832 3.23574880242 635.231419868
0.00000005677 0.22462654591 218.4069048687
0.00000005677 1.52340696709 208.1912860073
0.00000005154 4.72385268655 806.725958836
0.00000006235 2.64890299983 616.3214130779
0.00000006572 0.46207708293 1130.2313754934
0.00000005055 1.48812007680 532.8723588323
0.00000006928 0.39261887909 143.9341228421
0.00000006462 4.11395311508 369.9758395734
0.00000006897 1.11750070334 310.7146112543
0.00000005032 4.78394356647 3686.4961146598
0.00000006508 5.51529639159 566.600160455
0.00000005905 2.11203050847 969.6224780949
0.00000006416 0.42307449455 69.3649725959
0.00000005751 0.14238078678 305.0855369618
0.00000006533 1.41806336298 72.3339180125
0.00000005479 4.10400660456 551.031606097
0.00000004865 3.10986841616 124.5028511902
0.00000006101 5.27130569482 55.1378785943
0.00000004873 3.86714341213 760.25553592
0.00000004886 3.16798230764 306.0969289181
0.00000004978 3.21017890061 178.086821107
0.00000005637 5.42364517987 499.895316735
0.00000005105 3.43791199676 88.7962442478
0.00000005419 6.03456044528 320.5846553506
0.00000005591 0.97716211165 285.1117485887
0.00000005035 5.27515551134 658.0565335787
0.00000004931 5.41266558398 771.3012361839
0.00000005385 0.30815887732 1033.3583763983
0.00000004606 3.90101372950 634.2682120215
0.00000005516 4.29920828193 455.1699989582
0.00000006390 2.82820105159 26087.9031415742
0.00000005289 1.72715966366 484.7050148869
0.00000004901 1.94192487952 319.3126309634
0.00000004509 2.94241810571 271.4059194489
0.00000005054 1.30081494754 43.1289704839
0.00000004550 4.64059617411 958.576777831
0.00000005328 6.23500759865 58.1068240109
0.00000004628 1.03763056101 745.277682393
0.00000004492 0.36984177539 732.6951197941
0.00000004464 0.00963533764 636.9765250072
0.00000005558 3.37188064285 493.303034596
0.00000004957 2.49575219954 526.9826521089
0.00000004485 3.80247388459 623.2225117576
0.00000004770 1.62322752296 991.7138786227
0.00000004783 2.31677561430 504.561183181
0.00000004633 4.41902834379 26.826702943
0.00000004812 3.04861600576 327.6982023514
0.00000004454 6.20355474499 198.4813006054
0.00000004511 3.87445380751 707.5653378805
0.00000004451 1.27013594738 113.1270825262
0.00000004350 4.07716874275 840.6662087798
0.00000004327 5.70195843787 2730.2069586892
0.00000005094 3.04745482293 2221.856634597
0.00000005808 3.24854160326 254.3528923826
0.00000004693 0.58370119736 111.4301614968
0.00000004664 4.20536088537 318.8395502114
0.00000004378 5.82692125515 3473.1970192218
0.00000004313 3.88436316438 439.9315130003
0.00000005010 1.87919232767 2324.9494088156
0.00000004613 0.10623373342 774.4826299216
0.00000004450 2.82885666591 629.6023455755
0.00000005233 4.00529540892 952.0963702766
0.00000005260 2.15622840750 115.6229471908
0.00000004321 2.28638024486 201.5196819912
0.00000005321 1.23695932593 597.3590166611
0.00000004111 3.99363576385 561.934294009
0.00000004845 2.27697782163 226.0417167313
0.00000004049 2.54842532095 372.4235201282
0.00000004077 3.46715688833 650.1922270525
0.00000004372 2.72226535320 225.0785088848
0.00000004173 0.28763595583 211.0114735776
0.00000004173 1.46039755717 215.5867172984
0.00000004019 0.87322430941 1141.1340634054
0.00000005075 3.41425583730 317.8763423649
0.00000004060 1.82766433682 228.1168902706
0.00000003992 6.06359298496 668.2084619653
0.00000004165 3.75880493478 6275.9623029906
0.00000004041 5.36982470528 331.2096644892
0.00000005062 2.71562815851 200.5564741447
0.00000005029 4.81157332925 197.257460328
0.00000005457 0.62936317016 481.7360694703
0.00000004874 5.94947112552 604.4725636619
0.00000005129 3.87485901115 207.6218370357
0.00000005129 4.15635980903 218.9763538403
0.00000003855 3.65565538336 425.3743505986
0.00000004705 3.72248568793 424.9012698466
0.00000003880 0.75632369741 541.5398145106
0.00000003860 3.28596473379 512.4254897072
0.00000003855 2.87345784377 427.8220311534
0.00000003992 4.82104146147 248.511369769
0.00000004040 1.33827734907 49.7212526229
0.00000003973 5.17941188721 10206.1719992102
0.00000004561 6.09725389673 491.5579294568
0.00000003903 0.64285376704 378.9039276826
0.00000004917 5.33496755731 769.8167634756
0.00000003770 3.22875931246 214.6716935617
0.00000003770 4.80245950772 211.9264973143
0.00000003732 1.87406384413 48.7580447764
0.00000005021 4.77663253414 108.7218485111
0.00000003851 3.44837014022 305.6068018236
0.00000003728 5.06145217265 407.4757357648
0.00000004008 3.44168738224 1044.4040766622
0.00000003788 2.56555519144 258.5456780766
0.00000003639 4.65501398335 634.4806603426
0.00000004292 4.23108349990 180.1619946463
0.00000003969 3.99964137261 398.2870152247
0.00000004729 2.75258800170 184.0941479094
0.00000004535 3.22219467599 229.340730548
0.00000003649 1.96746396187 444.1242986943
0.00000003517 4.03852795064 3899.7952100978
0.00000003538 1.31552944944 316.4400537664
0.00000004339 3.48361091763 608.877797677
0.00000003613 1.46903188825 519.3960243561
0.00000003506 4.40454614352 316.3436855468
0.00000004193 2.69898321973 775.233389447
0.00000004034 3.45748098127 262.0571402144
0.00000003347 0.14036401631 109.455561694
0.00000004116 5.24881005284 120.5012619579
0.00000003377 1.41049429770 765.8846102125
0.00000003617 1.09655203793 315.4286618101
0.00000003642 3.59693059890 348.635198571
0.00000003282 6.05512739363 211.762233103
0.00000003282 1.97609142655 214.835957773
0.00000003358 5.03561049516 165.6048322446
0.00000003231 2.63443723507 1596.1864422846
0.00000003178 4.04653368104 110.9570807448
0.00000003804 5.94126091615 80.1982245387
0.00000004062 2.18177184785 92.3077063856
0.00000003301 2.46298796727 282.6640680339
0.00000003787 4.28600120342 652.4274592862
0.00000003212 4.02232029742 306.830642101
0.00000003880 4.82754222667 317.3550775031
0.00000003691 5.19957011681 194.2885149114
0.00000003467 2.75272147827 428.2951119054
0.00000003948 3.17437976353 71.8126531507
0.00000003261 6.15732509312 453.424893819
0.00000004132 0.15196778100 434.2330027386
0.00000003783 3.16013288070 77.2292791221
0.00000004289 0.56065340003 187.6962327724
0.00000003828 6.10468598936 114.9416236346
0.00000003142 3.74647337221 130.4407420234
0.00000003054 4.31541167047 699.7010313543
0.00000003219 4.40669258863 657.1627617014
0.00000003527 3.59075624103 495.9631634719
0.00000003310 0.53771489354 2516.9078632512
0.00000003471 0.95985137600 1119.1856752295
0.00000004106 2.03430708190 685.4739373527
0.00000003032 3.52225726785 93.531546663
0.00000003788 0.41613967902 672.1406152284
0.00000003317 1.05508535425 721.6494195302
0.00000003312 6.04970700966 691.1030116452
0.00000002970 4.62780237780 4002.8879843164
0.00000003020 5.03890376384 151.260118164
0.00000003500 2.81349072076 789.4604834486
0.00000002994 4.38745012498 91.7864415238
0.00000003894 1.24532219442 268.4369740323
0.00000003953 6.16022797347 101.8689339412
0.00000003539 5.71127070378 232.942815411
0.00000003866 5.44364081086 37.8724032069
0.00000002998 2.95919686933 328.2407190726
0.00000003033 1.45458632603 188.0263011725
0.00000003405 3.08243677773 167.0893049529
0.00000002917 1.86331950934 357.2332182801
0.00000002890 4.23477281091 92.7978334801
0.00000003086 5.84396093041 443.8636662634
0.00000003008 2.53117554530 434.4624974022
0.00000003572 6.08350760138 851.7119090437
0.00000002900 1.19512524260 842.9014410135
0.00000002804 2.83113208076 425.1619022775
0.00000003277 2.83164917192 232.3096759646
0.00000002758 3.67825788850 103.0445901088
0.00000003541 0.53353274088 239.3226492289
0.00000002882 3.07881226842 123.5396433437
0.00000002804 3.69798114637 428.0344794745
0.00000002728 1.13605812584 354.2642728635
0.00000002986 0.01727868701 42.3258213318
0.00000003750 3.91661897655 145.4185955504
0.00000003787 5.72680783760 1056.2005364515
0.00000002715 1.40747373075 620.253566341
0.00000003737 0.26727034607 25.8634950965
0.00000002707 0.11590621754 310.9752436852
0.00000003259 4.73993803463 3796.7024358792
0.00000002699 4.09770361223 141.6988906084
0.00000002846 0.59348034929 103.1409583284
0.00000002693 4.35806644152 432.9609783514
0.00000003752 1.31275213009 187.2755416471
0.00000003408 4.57767638767 498.9321088885
0.00000003270 1.13501059030 924.0458270562
0.00000002922 3.43339315332 335.1418177523
0.00000003462 4.87665384758 182.5402392319
0.00000003056 3.84258397222 179.5712938153
0.00000003566 1.22446128806 238.9019581036
0.00000003321 0.62461208452 122.7364941916
0.00000002751 2.00343492050 322.0209439491
0.00000002606 0.14368418549 1049.0869894507
0.00000002722 0.33833300117 644.090072008
0.00000002655 2.71424424324 125.1841747464
0.00000002840 5.63787661296 336.8387387817
0.00000002833 4.49076222674 782.3469364478
0.00000002712 3.26766861519 631.2992666049
0.00000002667 2.34899182217 1080.7225711916
0.00000002603 3.14892751264 508.4933364441
0.00000002559 3.79368088293 639.1465267886
0.00000003194 0.26003120905 913.9633346388
0.00000002555 5.91141702766 625.8826406335
0.00000002581 1.05939099951 158.9643659958
0.00000002589 1.16149191173 71.6002048296
0.00000003373 6.22510987996 102.1295663721
0.00000002548 1.66256671387 95.2284676924
0.00000003193 2.66788003455 2538.2485042536
0.00000002686 4.87164344891 642.8180476208
0.00000002536 3.93316993605 64.9597385808
0.00000002496 0.40808534064 297.6419215609
0.00000003165 4.27963434890 1063.3140834523
0.00000002660 1.58245860025 443.2729654324
0.00000002495 5.48966738548 2627.1141844706
0.00000002429 2.83521812027 235.933012687
0.00000002396 3.78771740781 173.6815870919
0.00000002649 3.41312329124 244.0579516441
0.00000002387 4.23055061931 619.2903584945
0.00000002373 5.47710357456 3046.5988283458
0.00000002556 1.66067410548 3377.217792004
0.00000002655 3.73582825216 440.6128365565
0.00000002369 5.55705197269 205.9731001161
0.00000002369 5.61575950108 220.6250907599
0.00000002774 2.02597665846 168.0525127994
0.00000002689 0.10721977807 12566.1516999828
0.00000003235 2.58049219033 338.4832701844
0.00000002329 4.11799083739 398.1440028728
0.00000002905 5.89022035873 35.1640902212
0.00000002701 3.73947164540 300.6108669775
0.00000003125 3.79844466951 531.978586955
0.00000002323 3.05034654081 535.9107402181
0.00000002895 5.50164208553 945.2434557067
0.00000002373 5.46855507643 337.8019466282
0.00000002726 1.94958732685 953.1077622329
0.00000002952 0.74298822983 645.5263606065
0.00000003101 4.07921701551 104.0559820651
0.00000002253 0.65614704540 310.1720945331
0.00000002325 5.58522441833 3789.5888888784
0.00000002533 0.42337625047 90.5626012464
0.00000002313 4.74432612488 469.8872200543
0.00000002906 5.36614631776 550.1378342197
0.00000002203 4.74111725788 281.1795953256
0.00000002305 1.27906331822 768.8535556291
0.00000002215 1.98003879892 2641.3412784722
0.00000002811 6.10219051624 641.3817590223
0.00000002247 1.30388296472 315.1680293792
0.00000002184 0.64755103697 1457.525933062
0.00000002591 5.35033213699 170.1701249541
0.00000002434 5.26566667886 183.2428146475
0.00000002177 4.17779611513 67.8804998876
0.00000002159 2.78579770414 347.4113582936
0.00000002304 4.39421156840 49.5088043018
0.00000002466 4.19474542518 247.0268970607
0.00000002386 2.80178234746 430.7427924602
0.00000002610 4.77257985354 1193.9672737968
0.00000002641 3.35196821148 739.0579072695
0.00000002700 2.12282494441 927.8349679674
0.00000002379 0.49192182148 176.3899000776
0.00000002808 2.30330319489 837.6972633632
0.00000002250 3.80713989523 366.0436863103
0.00000002115 2.49144340867 476.3194434989
0.00000002334 3.56275093608 60.5545045657
0.00000002069 3.42638286804 256.4280659219
0.00000002094 2.69778083768 883.7951792637
0.00000002634 4.98366789173 103.3534066495
0.00000002113 3.71735542360 90.8232336773
0.00000002403 0.69911286193 452.2010535416
0.00000002200 4.93151161441 6681.2248533996
0.00000002564 1.72919712902 427.4919627533
0.00000002111 3.67340327220 422.4535892918
0.00000002309 1.52889857656 154.979823106
0.00000002101 3.17100143341 418.7338843498
0.00000002339 3.19581014018 475.3562356524
0.00000002810 4.44919998552 1041.2226829245
0.00000002006 1.89437502864 528.9402055692
0.00000001991 0.07570870145 1097.0942747017
0.00000002346 4.39881551809 447.2051186955
0.00000002489 1.26387069472 2487.4160449478
0.00000002265 5.41116346117 827.9235874865
0.00000001969 5.59125231989 530.44172462
0.00000002041 5.11578854043 409.1897031367
0.00000002467 5.87379769512 429.5671362926
0.00000001995 4.07142764766 409.3327154886
0.00000002007 0.06206259537 614.6244920485
0.00000002459 2.83207805977 485.8806710545
0.00000001933 2.38140044906 1062.5633239269
0.00000001949 2.29014828042 1171.875873269
0.00000001873 3.82628269559 344.8460576598
0.00000002386 5.73054918768 25234.70675982219
0.00000001913 1.11318492193 835.7878940127
0.00000002201 2.10310925537 784.0438574772
0.00000002159 5.22897893375 666.723989257
0.00000002042 4.90569999816 102.5715093568
0.00000002185 2.29641273315 109.9456887885
0.00000001859 2.43455134316 469.7271613599
0.00000002564 4.79991609811 425.7044189987
0.00000001965 4.29620967516 40.1600250673
0.00000001953 2.77684772272 115.8353955119
0.00000002542 4.99291303185 354.7855377253
0.00000002293 3.74833102224 180.8433182025
0.00000001833 0.68864623997 267.6338248802
0.00000002098 4.80007899391 252.9166037841
0.00000002063 4.42290544540 177.1236132605
0.00000002289 3.53527647248 482.2573343321
0.00000002360 3.90231570903 1108.1399749656
0.00000001804 5.24742259566 3362.9906980024
0.00000001844 0.00789242156 2435.155730035
0.00000001982 5.35608124487 103.6140390804
0.00000001908 5.22238265370 466.7582159433
0.00000002016 2.76555324862 243.3553762285
0.00000001848 4.20159262156 633.7469471597
0.00000001781 4.91158923453 205.9249160063
0.00000001781 6.26122223924 220.6732748697
0.00000001887 6.15706255153 1083.7609525774
0.00000002271 3.52462508383 192.8040422031
0.00000002271 4.50659373635 233.7941486729
0.00000002089 2.74677830240 105.5404547734
0.00000002115 3.37920796693 670.916774951
0.00000002035 4.41826161524 1357.6145525811
0.00000002371 0.74039668492 799.6124118352
0.00000001774 3.33747140433 206.4461808681
0.00000001774 1.55215476226 220.1520100079
0.00000001959 5.96363240537 1246.6574718363
0.00000002018 1.23143921903 250.2082907984
0.00000002294 4.61597338213 912.4788619305
0.00000001775 0.81870406810 198.1087935899
0.00000001775 4.07092209849 228.4893972861
0.00000002098 4.32225540550 754.8389099486
0.00000001923 4.76543466567 533.8837507886
0.00000001762 4.83065781118 551.1010420662
0.00000002337 6.02524868807 635.70450062
0.00000001706 0.55353279572 749.2098356561
0.00000001694 6.24017209111 518.3846323998
0.00000001784 3.41130277039 346.1875180162
0.00000001912 5.83154317920 133.1008708993
0.00000001839 6.01872357391 589.4947101349
0.00000001703 2.29299187318 146.3818033969
0.00000001687 0.96512635264 10.0343083076
0.00000002084 3.81612644973 5216.5803728014
0.00000001707 5.43507761109 1144.3154571431
0.00000001855 5.99205151484 301.4140161296
0.00000002070 0.48705338683 45.2465826386
0.00000001655 1.00249438802 104.789695248
0.00000001838 1.94927537660 2854.6403739102
0.00000001836 1.35614614488 644.56315276
0.00000002080 6.16951060410 587.2070882745
0.00000001689 3.06052557709 275.338072712
0.00000002104 5.53965159347 1372.5924061081
0.00000001649 3.76361921057 4216.1870797544
0.00000001822 1.36816817971 118.0706277456
0.00000001720 6.04159111363 6290.1893969922
0.00000002084 1.19654093349 414.8187774292
0.00000001658 0.45133729472 624.3981679252
0.00000002027 5.52624747052 1699.2792165032
0.00000001707 0.48133465395 98.3574718034
0.00000001742 5.09299481446 349.3689117539
0.00000001749 2.17421151845 25455.119402261
0.00000001782 3.25289876760 9772.4602613334
0.00000001684 1.20229401820 10220.3990932118
0.00000001942 5.33749253343 246.4361962297
0.00000001839 0.63974984193 524.0137066923
0.00000001666 2.21549340552 700.4517908797
0.00000001943 5.24690810849 9146.790069021
0.00000001802 3.88396641267 2707.8286873866
0.00000001696 3.74962508253 134.1122628556
0.00000001560 1.35555739940 413.8555695827
0.00000001800 1.13754295844 1389.1071219701
0.00000001866 5.16894152281 58.319272332
0.00000001569 2.96590949044 122.4758617607
0.00000001878 0.56034818540 134.0640787458
0.00000001573 6.00727125972 2751.5475996916
0.00000001715 3.48124521150 709.0498105888
0.00000001549 3.00079525151 735.828329422
0.00000001584 3.71413202518 3767.2106175758
0.00000001617 0.82146396585 83.3796182764
0.00000001522 3.95543295975 406.1513217509
0.00000001774 2.05577451783 988.532484885
0.00000001668 0.15464960467 318.679491517
0.00000001505 2.43278632462 447.0450600011
0.00000001851 1.32257916724 586.3133163972
0.00000001699 1.83589151289 5849.3641121146
0.00000001513 1.58063538394 694.0719570618
0.00000001652 2.29417006197 1364.7280995819
0.00000001681 3.27233741787 9779.5738083342
0.00000001761 4.54815343835 59.2824801785
0.00000001512 5.62855091662 1748.0372612796
0.00000001830 5.34715739631 259.5088859231
0.00000001955 1.14034312132 913.7508863177
0.00000001700 2.52690589264 1091.6252591036
0.00000001492 3.87041262067 878.3261636656
0.00000001813 4.74934995230 284.8993002676
0.00000001477 2.97738624058 105.380396079
0.00000001498 0.41523796774 174.6929790482
0.00000001557 4.72868742196 5753.3848848968
0.00000001661 0.36710516357 1012.9115072732
0.00000001458 0.77581736648 632.831923423
0.00000001835 4.28335523752 245.7548726735
0.00000001579 2.18056769700 680.0573113813
0.00000001563 3.16063918535 736.8397213783
0.00000001450 6.03894003020 735.9246976416
0.00000001763 3.79907071140 383.3091616977
0.00000001651 1.38404939118 1038.0412891868
0.00000001644 3.60831498439 249.4745776155
0.00000001496 4.79857033083 77623.81213840858
0.00000001555 1.75214206831 679.2541622292
0.00000001432 4.37859929602 4319.279853973
0.00000001890 2.07781526909 764.4001375042
0.00000001529 3.49230150581 1379.7059531089
0.00000001537 2.30815561940 321.0577361026
0.00000001683 2.44398546913 6503.4884924302
0.00000001413 5.19282461963 322.6116447801
0.00000001473 5.41554956833 1452.8430202735
0.00000001848 0.98286127487 419.6970921963
0.00000001615 3.28706588176 763.4369296577
0.00000001495 0.29095019343 155.7829722581
0.00000001394 3.59008434668 632.0329797878
0.00000001588 3.92824002664 148.3393568572
0.00000001416 1.27557908922 840.4537604587
0.00000001590 5.88266197281 2648.454825473
0.00000001377 1.49343226956 1354.4331588434
0.00000001512 1.46479222367 5746.271337896
0.00000001512 2.71827936357 428.2427222787
0.00000001373 5.14213868043 118.8737768977
0.00000001432 0.34980510915 1166.4068576709
0.00000001361 0.09412736777 331.3697231836
0.00000001891 3.43728723911 1165.3954657146
0.00000001501 2.87450546367 9676.4810341156
0.00000001759 3.01502964755 200.0352092829
0.00000001759 1.87459651904 226.5629815931
0.00000001599 3.86769166408 10433.6981886498
0.00000001401 4.97239262675 1950.2906564537
0.00000001637 1.37711471652 451.7279727896
0.00000001339 0.57976012942 1159.2933106701
0.00000001375 1.60430927308 1670.82502850
0.00000001377 2.45454466359 183.5516311882
0.00000001377 5.57667415659 243.0465596878
0.00000001464 3.85374204577 263.0203480609
0.00000001337 6.03006105607 6.3627874754
0.00000001647 2.07108808598 109.3125493421
0.00000001455 0.74361321398 25661.3049506982
0.00000001312 4.56459920331 311.7260032106
0.00000001500 1.53242411242 2313.9037085517
0.00000001715 4.51218397068 79.1868325824
0.00000001381 5.24179656775 718.6110381444
0.00000001758 1.96055689832 452.4616859725
0.00000001687 3.24710382106 1151.4290041439
0.00000001765 5.03429736111 757.8078553652
0.00000001660 2.14686249511 661.0949149645
0.00000001464 2.84230067135 359.893347156
0.00000001374 5.32410055956 535.3200393871
0.00000001342 1.84663745229 384.2723695442
0.00000001663 0.24097601233 102.980899634
0.00000001297 3.46029204668 4532.578949411
0.00000001451 5.66628703851 316.6525020875
0.00000001270 2.95469445132 373.0142209592
0.00000001460 1.42235125301 1020.025054274
0.00000001406 0.84231326933 560.7104537316
0.00000001459 4.62047341220 9352.9756174582
0.00000001414 3.87043606216 632.7355552034
0.00000001665 5.34226157718 163.5778428151
0.00000001394 3.70666435538 1008.9793540101
0.00000001372 5.09085657141 1182.9215735329
0.00000001379 5.79481326272 315.8706047948
0.00000001321 0.36554718986 271.61836777
0.00000001564 6.16373253849 3391.4448860056
0.00000001475 5.61366600619 5643.1785636774
0.00000001471 0.61030032816 2693.601593385
0.00000001272 4.55502633824 526.7702037878
0.00000001580 3.30444982133 1477.5945496772
0.00000001597 1.08229581813 303.8616966844
0.00000001295 2.80308750215 5179.5897827258
0.00000001282 2.45390821025 1048.3362299253
0.00000001623 2.82702522323 2914.0142358238
0.00000001210 3.99773632883 532.1386456494
0.00000001267 3.75487767558 114.8721876654
0.00000001279 5.34028961972 208.8938614229
0.00000001279 5.83252185405 217.7043294531
0.00000001208 6.03949546814 115.8835796217
0.00000001406 3.94363693881 959.2099172774
0.00000001426 3.54668411045 823.9914342234
0.00000001376 2.38955780400 973.554631358
0.00000001435 5.24207563071 1147.4968508808
0.00000001183 4.17236140424 415.2918581812
0.00000001307 5.09096433091 962.5089310941
0.00000001460 1.81062368165 1244.226837624
0.00000001332 0.68009283969 896.3253522359
0.00000001408 1.48916422175 1560.6187072806
0.00000001354 2.19008098418 529.8028396792
0.00000001236 5.87828881803 539.0921339558
0.00000001187 4.77583628852 1261.6353253633
0.00000001569 4.96637455080 1178.9894202698
0.00000001168 1.96403978263 832.5894539325
0.00000001351 5.90695241311 795.6802585721
0.00000001188 5.75060601791 1394.7361962626
0.00000001182 6.04710142267 3149.6916025644
0.00000001278 3.39065490978 851.4994607226
0.00000001176 1.33279737043 251.9052118278
0.00000001150 5.05374956343 4105.980758535
0.00000001245 3.08432272519 293.4973199767
0.00000001274 2.13259616483 165.3441998137
0.00000001391 1.59445777142 5860.4098123785
0.00000001383 2.91115338480 880.023084695
0.00000001364 3.65670468364 673.8375362578
0.00000001211 0.72754477376 270.8152186179
0.00000001220 5.76615286425 6599.467719648
0.00000001260 4.21792862426 95.0160193713
0.00000001435 4.73699005047 745.9108218394
0.00000001175 0.45124710680 1773.9178027186
0.00000001373 4.69446038699 5852.5455058523
0.00000001156 2.09958021403 2957.7331481288
0.00000001148 3.66152510897 2047.9144150742
0.00000001139 2.68435803005 199.0238173266
0.00000001139 2.20526813654 227.5743735494
0.00000001350 5.09745513208 25440.89230825939
0.00000001311 2.47777507424 332.1728723357
0.00000001176 0.25747287404 303.0585475323
0.00000001161 0.08009629228 2833.2997329078
0.00000001276 4.92819616998 613.8737325231
0.00000001179 0.96347481460 272.5815756165
0.00000001122 0.92184815863 432.8179659995
0.00000001228 4.57812464858 91.4563731237
0.00000001187 4.30030791094 5863.5912061162
0.00000001432 1.96156899893 1467.0701142751
0.00000001565 5.50866075952 670.4960838257
0.00000001460 4.02014508155 1128.534454464
0.00000001127 0.75894620303 1248.1419445446
0.00000001142 3.13725365534 1378.0614217062
0.00000001292 4.94892179549 101.6083015103
0.00000001182 5.41503430757 5540.0857894588
0.00000001261 3.01344786948 520.129737539
0.00000001189 1.44697668431 934.1977554428
0.00000001290 4.31664662387 1403.3342159717
0.00000001238 0.92078746343 1383.6904959987
0.00000001287 2.71685606596 11.3063326948
0.00000001429 2.57870016615 388.7257876691
0.00000001241 1.16374635040 938.1299087059
0.00000001429 1.35590972606 9367.2027114598
0.00000001238 2.88082011488 559.6990617753
0.00000001192 2.41474184165 527.2432845398
0.00000001464 2.19517746458 1268.7488723641
0.00000001475 4.07024767243 2810.9214616052
0.00000001114 4.80667138601 674.4282370888
0.00000001103 3.05975735898 531.6967026647
0.00000001075 5.77191306487 17.4084877393
0.00000001301 3.01791185503 9790.6195085981
0.00000001100 4.42560702702 527.6852275245
0.00000001266 5.92426661157 5867.5233593793
0.00000001257 0.41197726402 877.5754041402
0.00000001442 4.23877549265 4113.0943055358
0.00000001094 4.00646645065 9896.8936765544
0.00000001072 2.44003133103 220.5727011332
0.00000001072 2.44959483556 206.0254897428
0.00000001283 6.11791413409 9782.7552020719
0.00000001066 0.35413270142 313.4711083498
0.00000001496 6.13864478613 5436.9930152402
0.00000001150 2.75164397729 622.4887985747
0.00000001081 5.43327205124 1512.6467653138
0.00000001081 5.08897949602 304.1223291153
0.00000001122 2.67408029502 525.0250986486
0.00000001099 2.14793939788 582.3811631341
0.00000001113 2.78895749341 184.8449074348
0.00000001124 1.95050273016 40.8413486235
0.00000001156 4.91320818501 885.4397106664
0.00000001072 5.83506752367 206.3456071316
0.00000001072 5.33774395010 220.2525837444
0.00000001303 2.12418606135 1096.2429414398
0.00000001170 0.54627504485 704.8570248948
0.00000001397 3.88391400366 1461.4410399826
0.00000001408 3.76229402125 1112.0721282287
0.00000001047 6.13974886268 2090.3096723752
0.00000001301 6.22683407267 875.830299001
0.00000001288 5.13607461897 1340.5615255148
0.00000001299 0.71540574041 2509.7943162504
0.00000001230 0.13956830728 25867.49049913539
0.00000001139 0.41496903697 253.4591205053
0.00000001166 3.48880285321 2467.3990589494
0.00000001294 5.50067006265 1082.0158474382
0.00000001128 1.50250031231 1222.2784494481
0.00000001335 1.08179722040 730.4598875604
0.00000001131 0.03214465517 689.6185389369
0.00000001038 0.51297577197 1152.1797636693
0.00000001033 1.52450189207 4010.0015313172
0.00000001303 1.99200329985 945.9942152321
0.00000001127 5.02755449215 78477.00852016058
0.00000001088 1.87536175530 976.7360250957
0.00000001199 2.54525785509 308.3151148093
0.00000001314 2.07607830812 701.936263588
0.00000001105 3.15207498933 971.1069508032
0.00000001029 6.18632577425 1365.4788591073
0.00000001026 0.76317034722 521.6142102473
0.00000001035 1.58079454896 121.8427223143
0.00000001330 3.46718588783 2740.5018994277
0.00000001129 5.61460981892 1054.7160637432
0.00000001026 3.09324791083 2442.2692770358
0.00000001244 5.00296233329 761.7400086283
0.00000001252 0.34989378235 1116.0042814918
0.00000001321 2.86590848137 323.2447842265
0.00000001279 1.94525342708 223.1209554245
0.00000001279 2.94437273951 203.4772354515
0.00000001018 1.34516588766 640.6480458394
0.00000001055 5.07319058758 1460.7073267997
0.00000001015 4.28796379199 1022.3126761344
0.00000001258 0.69213323852 9573.388259897
0.00000001184 1.06455252744 9797.7330555989
0.00000001007 5.87812275210 102.8321417877
0.00000001104 4.69963929431 1276.6131788903
0.00000001037 2.37689196096 645.3139122854
0.00000001241 0.02017171913 748.406686504
0.00000001019 0.20483353540 6247.5131155228
0.00000001320 5.92048945020 1127.2624300768
0.00000001110 0.09479876796 1397.7051416792
0.00000001254 4.10528340828 758.7710632117
0.00000001119 1.80586847421 4966.2906872878
0.00000001393 2.24060310557 25558.2121764796
0.00000001197 0.06674040925 47.061123747
0.00000000993 3.81339502228 1759.8337210689
0.00000001344 5.35674518674 108.50940019
0.00000001031 3.42249730866 714.5358725294
0.00000001008 5.42544405998 557.0389328994
0.00000001003 5.72439128757 3067.9394693482
0.00000001170 3.04619310978 1176.7017984094
0.00000001030 1.19140347405 5385.775331163
0.00000001160 4.66675692714 152.7445908723
0.00000001132 3.30323864793 1467.8208738005
0.00000001056 2.35368791284 683.1863154923
0.00000001201 1.52741197289 528.4671248172
0.00000001019 2.53037345351 599.6466385215
0.00000001009 0.40854433922 1939.2449561898
0.00000001269 0.83510696953 1239.5439248355
0.00000000973 2.36193993021 173.1390703707
0.00000001082 6.08511886961 442.639825986
0.00000001282 5.51004335308 314.9073969483
0.00000001108 4.52501543913 523.5406259403
0.00000001105 5.86158639420 199.1201855462
0.00000001105 5.31122507957 227.4780053298
0.00000000965 1.83712872363 5599.074426601
0.00000001072 3.41208137140 572.9799942729
0.00000001227 2.37509830492 1973.1328165069
0.00000000986 5.10430433948 3679.382567659
0.00000001186 0.73895067297 772.9981572133
0.00000001222 1.63996260052 775.9671026299
0.00000001089 4.89269944083 416.5638825684
0.00000001180 2.37180620952 1226.2106027112
0.00000000953 1.64633028007 951.4632308302
0.00000001226 4.39692936186 25344.9130810416
0.00000001022 3.85581532580 968.1380053866
0.00000001161 5.33337222331 6327.837393132
0.00000000959 3.23065315419 104138.31347085879
0.00000000950 1.34328833506 568.2970814844
0.00000001210 6.18765615746 2597.6223661672
0.00000001221 3.06185083945 1458.472094566
0.00000000989 6.21888180767 394.9455627926
0.00000001092 2.10149693935 1681.1199692385
0.00000001155 0.22997009337 308.5275631304
0.00000000945 2.34748592116 731.6837278378
0.00000000961 1.78007954840 1333.2355301929
0.00000001100 3.22997983392 608.2446582306
0.00000000937 3.34749725600 544.5087599272
0.00000001297 2.80101502823 1784.2127434571
0.00000001122 0.69750945684 877.1023233882
0.00000000933 0.51299958961 848.530515306
0.00000001045 1.54081682323 1987.2168981566
0.00000001056 0.84339591320 62.038977274
0.00000000999 0.90076451228 3569.1762464396
0.00000001005 0.28351221664 9793.8009023358
0.00000000930 4.21016384068 818.574808252
0.00000001066 0.47942092975 2306.7901615509
0.00000000963 0.11398671683 316.9131345184
0.00000001221 4.50707535867 473.068613792
0.00000001116 1.68960080489 517.1607921224
0.00000001044 2.16537763505 836.5216071956
0.00000001147 5.47459127263 633.305004175
0.00000001052 3.11316362179 6261.7402095244
0.00000001072 5.82302843412 781.5961769224
0.00000001082 3.68063207053 2151.0071892928
0.00000000931 0.21521830264 354.9979860464
0.00000000948 3.43998144012 97.4636999261
0.00000001057 6.03030458165 3707.8367556622
0.00000000960 6.20933873501 2015.6710861598
0.00000001049 5.33285992294 1018.3281332446
0.00000001139 0.28846267487 5845.4319588515
0.00000000914 6.19113704199 838.218528225
0.00000000914 1.06552716224 385.7568422525
0.00000001042 1.84028027185 1304.9243545416
0.00000001203 1.07996928802 5333.9002410216
0.00000001048 1.94898160418 1471.0022675382
0.00000000931 3.02433582418 5966.6839803348
0.00000001121 6.06132137788 1079.8287993143
0.00000000973 4.25729641570 522.529233984
0.00000001041 1.71140114347 1186.853726796
0.00000001248 5.81880585315 1392.2885157078
0.00000001071 2.37134940495 947.5310775671
0.00000000983 6.14597134557 1432.3961511484
0.00000000939 4.76698210393 632.2624744514
0.00000000947 1.70406168716 1791.3262904579
0.00000000933 0.10105086253 401.5378449316
0.00000000899 5.66539137251 605.9570363702
0.00000000895 4.34232828985 774.0095491696
0.00000001120 5.72518062452 507.5995645668
0.00000001109 4.52510690641 1259.1876448085
0.00000001167 3.02717194449 25771.5112719176
0.00000001011 4.96279902162 600.5404103988
0.00000000896 1.24835724643 6386.16862421
0.00000000931 2.99706770941 529.57909051
0.00000000952 0.90233317636 1197.8994270599
0.00000000963 0.20943184390 770.3380283374
0.00000000923 1.51298250216 3171.0322435668
0.00000000907 2.14028131544 663.8032279502
0.00000000906 5.11765190175 2961.6653013919
0.00000001214 4.42120077268 2946.6874478649
0.00000000967 0.98988062069 10529.6774158676
0.00000001179 3.99906681922 260.9933586314
0.00000000950 0.59456934149 944.9828232758
0.00000000872 3.49844276549 102.9327155242
0.00000000956 2.92027266913 1527.6246188408
0.00000000902 4.43760131078 1407.2663692348
0.00000000970 2.49664105561 51322.60990139639
0.00000000871 0.48742243908 103.252832913
0.00000000943 0.71258336966 6018.5590704762
0.00000001016 4.70921884112 981.4189378842
0.00000000881 4.58021114149 2843.5946736463
0.00000001085 0.37811767801 1546.5346256309
0.00000000939 3.15073621706 12573.2652469836
0.00000000868 0.44886276523 449.4927405559
0.00000001172 0.20951776841 979.1837056505
0.00000001152 0.35051240732 775.4458377681
0.00000001101 5.07266587861 494.4786907636
0.00000001065 1.71191506456 9775.6416550711
0.00000000853 4.59373677875 4760.1051388506
0.00000000918 6.03829321587 52168.69273614759
0.00000000878 6.24767898008 166.237971691
0.00000001010 1.98220117589 480.251596762
0.00000001152 1.04093902543 3693.6096616606
0.00000000960 1.81660864656 5842.2505651138
0.00000000859 1.05530609054 1886.5547581503
0.00000000877 5.41246001857 4642.7852706304
0.00000000845 2.85280736082 726.3152859762
0.00000000858 5.12251529685 1035.002907801
0.00000000935 1.83502346499 61.2882177486
0.00000000840 2.81067577434 9808.5381846614
0.00000000959 1.37621356390 249.6870259366
0.00000000959 0.37181994910 176.9111649394
0.00000000855 3.98853878940 1310.3933701397
0.00000000843 3.12599906236 248.4631856592
0.00000000843 4.90521975782 178.1350052168
0.00000000996 0.20876442702 1332.4847706675
0.00000000953 0.51927892471 1230.1427559743
0.00000000829 4.13735314255 1303.2798231389
0.00000000915 0.15291133436 1329.3033769298
0.00000000866 4.28206544053 1535.488925367
0.00000001030 4.82649926782 1439.5096981492
0.00000000882 6.14842643790 9683.5945811164
0.00000000852 0.51301141846 6004.3319764746
0.00000000825 0.62630510792 20007.0864485468
0.00000000918 3.42990447828 803.5445650983
0.00000000853 1.59971801488 1235.6117715724
0.00000000951 5.46704322360 170.9732741062
0.00000001144 1.01612696205 982.1526510671
0.00000000875 0.47626060283 711.4974911436
0.00000000905 2.71960412461 1257.7031721002
0.00000001152 5.33984775483 987.7817253596
0.00000000998 1.04631660524 6069.7767545534
0.00000000854 0.23340791396 6179.9830757728
0.00000000840 5.60050623367 1336.4169239306
0.00000000991 3.14797549363 720.8986600048
0.00000000819 2.67378067049 10316.3783204296
0.00000000919 3.47325211191 1026.2448293975
0.00000000994 1.60950672580 829.6205085159
0.00000000943 4.17403338141 1109.6244476739
0.00000000927 4.19849435960 204.91352405
0.00000000927 0.69113180699 221.684666826
0.00000000871 0.52354702088 9470.2954856784
0.00000000933 4.15364437718 1674.0064222377
0.00000000877 4.52268592431 653.2306084383
0.00000000927 2.66429940836 1962.087116243
0.00000000880 0.13023886547 547.8502123593
0.00000001082 5.65042296748 26404.2950112308
0.00000000919 4.83467452443 1055.1891444952
0.00000000846 6.02295130304 931.0163617051
0.00000001037 5.02887266884 5805.2599750382
0.00000000800 4.13177049709 4635.6717236296
0.00000000867 5.47092894803 155.1922714271
0.00000001053 4.90390047531 1901.5326116773
0.00000001079 3.72322614378 902.9176343749
0.00000000795 2.40394296780 529.6427809848
0.00000000896 0.27836778819 580.0935412737
0.00000001031 0.60335376470 688.6553310904
0.00000000798 0.89814256581 437.9045235708
0.00000001053 1.91920415131 859.4161568755
0.00000000831 0.54907671784 2748.3662059539
0.00000000795 2.54691720565 866.5297038763
0.00000000840 1.48233531283 1385.174968707
0.00000000803 4.00105166343 19992.85935454519
0.00000000854 0.46873622406 1784.9635029825
0.00000000815 6.16459574602 52175.8062831484
0.00000000831 5.64600755399 898.7730327907
0.00000000937 0.42725418233 68.1893164283
0.00000000972 1.58618574208 892.5532576672
0.00000000927 3.30290599729 1025.4416802454
0.00000000805 1.96267237780 913.0001267923
0.00000001019 5.48579524125 103.2046488032
0.00000000847 2.97610300430 1052.3165672982
0.00000000873 4.08656619449 63.6240237188
0.00000000893 0.91586743264 63.847772888
0.00000000793 4.26073072769 746.1714542703
0.00000001086 1.02446339597 592.2030231206
0.00000000771 2.27022333294 887.7273325268
0.00000000779 2.54078758579 689.4060906158
0.00000000806 1.66859223326 10110.1927719924
0.00000000887 1.70334556979 26514.5013324502
0.00000000929 2.62709773685 1120.148883076
0.00000000789 3.20945790021 1030.927742186
0.00000000767 4.66307945149 498.1983957056
0.00000001021 1.40139494002 1.6969210294
0.00000000959 1.04789269733 6076.8903015542
0.00000000784 5.99841824258 5158.2491417234
0.00000000936 0.72034877666 841.8900490572
0.00000000766 6.24799605844 1101.0264279648
0.00000000839 4.71654625446 1231.6272286826
0.00000001015 0.10530028205 100.1720129118
0.00000000778 4.04810843349 2321.7680150779
0.00000000866 5.12432196817 1293.8786542777
0.00000001032 1.17517343066 3657.0042963564
0.00000000947 3.08746343216 447.7958195265
0.00000000768 1.62756580326 845.3320752258
0.00000000799 5.14688268900 734.9133056853
0.00000000908 0.26950699609 733.428832977
0.00000000767 4.46762890624 2439.0878832981
0.00000000814 0.37021427089 545.4719677737
0.00000000758 0.34567197825 2520.0892569889
0.00000000769 5.87092758190 1052.2201990786
0.00000000777 2.78595286028 2014.0265547571
0.00000000882 1.95143255195 870.4618571394
0.00000001020 5.90465000788 1475.6851803267
0.00000001002 2.61282923035 52182.9198301492
0.00000000968 0.11565571052 273.8536000037
0.00000001032 4.67952456423 901.9544265284
0.00000000798 2.99561263866 188.2387494936
0.00000000783 4.50695826573 664.2763087022
0.00000000974 3.91688033246 518.9058972616
0.00000000839 5.64758218929 13362.4497067992
0.00000000787 5.13104524009 487.1526954417
0.00000000916 3.77881993784 655.4176565622
0.00000000771 3.10909230338 6058.7310542895
0.00000000881 4.53520937731 522.6256022036
0.00000000849 2.69053963232 142.6620984549
0.00000000831 5.48519211288 436.6324991836
0.00000000777 4.48728323493 1459.9565672743
0.00000000768 4.55911217014 2093.4910661129
0.00000000757 2.65987497026 5495.9816523824
0.00000000742 5.52726117983 2332.0629558164
0.00000000940 1.37204266374 461.7622810972
0.00000000881 4.14004497053 157.4275036608
0.00000000881 3.89117384965 269.1706872152
0.00000000789 1.23325676313 678.0303219518
0.00000000984 3.96155401430 3281.2385647862
0.00000000831 3.47299098336 595.7144852584
0.00000000999 1.13314642156 920.8644333185
0.00000000742 5.70935160714 731.9443602687
0.00000000731 2.60139474945 995.6460318858
0.00000000830 1.77407654847 1016.8436605363
0.00000000838 2.96887278071 1809.4855377226
0.00000000841 2.45745541864 1051.3051753419
0.00000000854 0.98057544228 260.360219185
0.00000000744 0.83167351532 1262.3860848887
0.00000000741 5.23085224752 2630.2955782083
0.00000000993 0.70716715579 1126.2992222303
0.00000000720 1.56500655520 103711.71527998279
0.00000000776 0.11552710493 1703.2113697663
0.00000000781 2.19194495830 1255.2725378879
0.00000000984 2.53004116896 7232.2514589612
0.00000000800 5.59986435483 529.7391492044
0.00000000729 4.65946561531 1649.6273998495
0.00000000795 3.18515228074 1578.0271950199
0.00000000785 4.60689165591 3892.681663097
0.00000000749 2.29649366933 785.5283301855
0.00000000719 5.79339190715 467.4395394995
0.00000000857 3.17633759904 1158.5425511447
0.00000000709 3.15027123836 2431.2235767719
0.00000000825 5.06498115275 1163.4379122543
0.00000000846 0.32817929651 669.6447505638
0.00000000711 0.51488865945 257.3912737684
0.00000000720 0.23831524300 255.6249167698
0.00000000850 6.00519987822 893.3564068193
0.00000000786 1.09310702278 1877.0105769372
0.00000000800 4.99602201203 147.1155165798
0.00000000800 3.03519680815 279.4826742962
0.00000000726 1.74105086917 119.3950417595
0.00000000720 4.53254360784 9988.9407505091
0.00000000974 2.42570914230 738.3241940866
0.00000000825 4.40565729511 1012.8633231634
0.00000000928 4.77788887117 5856.4776591154
0.00000000729 1.61950166057 938.8806682313
0.00000000783 6.05642153657 227.0049245778
0.00000000783 5.11638993720 199.5932662982
0.00000000711 0.78076574241 461.1291416508
0.00000000706 3.11783170970 740.2817475469
0.00000000707 3.12817541549 5654.2242639413
0.00000000917 5.15440738995 665.0270682276
0.00000000707 3.00720307782 111.6907939277
0.00000000811 4.27025807476 1799.1905969841
0.00000000703 0.34276578700 809.0135806964
0.00000000736 5.91316802743 403.7036411961
0.00000000782 5.65617344255 309.230138546
0.00000000737 2.65037863056 285.6330134505
0.00000000817 2.85530610777 4863.1979130692
0.00000000684 5.85076034411 1585.1407420207
0.00000000685 4.29010164874 455.0523788792
0.00000000793 3.19405005242 5422.7659212386
0.00000000803 5.39520301385 1688.9842757647
0.00000000818 3.10302225792 391.976617376
0.00000000705 5.82260938168 3466.083472221
0.00000000836 3.85309730075 570.5323137181
0.00000000752 0.56556241430 413.1048100573
0.00000000681 0.83326775082 458.090760265
0.00000000681 5.71281585921 2143.893642292
0.00000000743 2.21707684604 1016.0929010109
0.00000000702 1.24544695479 598.8434893694
0.00000000810 3.81368284008 614.8369403696
0.00000000681 1.84015126699 2954.5517543911