5.19520046589 5.31203162731 529.6909650946
0.12592862602 5.66160227728 1059.3819301892
-0.09363670616 0.0 0.0
0.01508275299 5.43934968102 522.5774180938
0.01475809370 2.04679566495 536.8045120954
0.00457750806 6.01129093501 1589.0728952838
0.00300686679 3.60948050740 7.1135470008
0.00378285578 3.53006782383 103.0927742186
0.00192333128 3.45690564771 426.598190876
0.00146104656 4.62267224431 110.2063212194
0.00139480058 4.00075307706 632.7837393132
0.00132696764 5.62184581859 213.299095438
0.00101999807 4.57594598884 1052.2683831884
0.00114043110 4.72982262969 1162.4747044078
0.00072091178 2.39048659148 1066.49547719
0.00059051769 2.89529070968 949.1756089698
0.00068374489 1.86537074374 846.0828347512
0.00029807369 4.52105772740 206.1855484372
0.00026933579 3.86233956827 419.4846438752
0.00026619714 3.28203174951 323.5054166574
0.00020873780 3.79369881757 735.8765135318
0.00019727397 0.07818534532 2118.7638603784
0.00018639846 0.38751972138 316.3918696566
0.00016355726 5.56997881604 515.463871093
0.00014606858 0.47759399145 742.9900605326
0.00011419853 1.91089341468 543.9180590962
0.00012153427 2.18151972499 525.7588118315
0.00011988875 5.29687602089 533.6231183577
0.00008443107 1.91435801697 639.897286314
0.00008163163 4.00303742375 1478.8665740644
0.00008732789 5.09607066097 1692.1656695024
0.00007414115 4.41141990461 956.2891559706
0.00007619486 5.59554151997 1265.5674786264
0.00007779184 4.83346300662 1581.959348283
0.00005322882 5.81740472645 526.5095713569
0.00005217025 1.66178643542 532.8723588323
0.00005772132 3.46915716927 14.2270940016
0.00004528355 2.18377558038 1375.7737998458
0.00003939875 2.73830531054 1596.1864422846
0.00004567181 3.71300776935 95.9792272178
0.00003235419 4.76600347062 625.6701923124
0.00003140740 5.59566796922 309.2783226558
0.00002855423 4.44478286006 117.3198682202
0.00002445625 2.67036952230 433.7117378768
0.00002253545 4.28462825722 838.9692877504
0.00002672262 1.61857897069 1169.5882514086
0.00002423639 2.32942339839 220.4126424388
0.00002362662 4.60417580207 1155.361157407
0.00002409581 4.33196301609 1045.1548361876
0.00001458169 4.18761881277 853.196381752
0.00001432195 3.24824554500 942.062061969
0.00001646568 3.91965876562 74.7815985673
0.00001050270 4.83706014327 1795.258443721
0.00001002355 1.50931939870 1272.6810256272
0.00000922972 4.68727792575 199.0720014364
0.00000934476 0.42886055430 2648.454825473
0.00000858322 2.14237489817 529.6427809848
0.00000858227 5.34018602564 529.7391492044
0.00001087727 5.84673086939 527.2432845398
0.00001079512 1.63448507346 532.1386456494
0.00000806006 1.68267639334 1368.660252845
0.00000957270 6.06002229163 149.5631971346
0.00000847127 5.93043140082 3.9321532631
0.00000980751 0.62999941324 380.12776796
0.00000682080 4.52942528324 2008.557539159
0.00000669757 4.03016406200 728.762966531
0.00000747759 3.13980492033 330.6189636582
0.00000623272 4.84897478374 2111.6503133776
0.00000693931 6.05213927263 1063.3140834523
0.00000679997 5.00632204302 528.7277572481
0.00000678365 2.47630881775 530.6541729411
0.00000575319 5.46049674365 2221.856634597
0.00000562901 2.49305547670 1055.4497769261
0.00000518936 4.17355493103 412.3710968744
0.00000647097 3.55496391590 984.6003316219
0.00000456078 3.65466665401 1471.7530270636
0.00000459952 2.25589512899 1073.6090241908
0.00000540076 3.74723115522 38.1330356378
0.00000410344 1.41779899532 909.8187330546
0.00000357023 5.38580302034 1258.4539316256
0.00000299281 2.48546398700 1905.4647649404
0.00000333647 5.66593038440 76.2660712756
0.00000388450 4.49029761988 604.4725636619
0.00000381037 3.30799287543 3.1813937377
0.00000303843 3.49297492409 529.1697002328
0.00000303451 3.98820790955 530.2122299564
0.00000275733 5.36302088998 1485.9801210652
0.00000360736 2.95686029502 454.9093665273
0.00000254327 2.01404147058 1062.5633239269
0.00000263791 4.57708545504 1574.8458012822
0.00000226963 3.08749062400 2125.8774073792
0.00000304142 0.18267926862 6283.0758499914
0.00000291946 4.55436664519 305.3461693927
0.00000225580 1.93114465962 1699.2792165032
0.00000195868 5.71186875574 508.3503240922
0.00000233285 5.63548319924 1056.2005364515
0.00000210214 2.44863388631 490.3340891794
0.00000178839 4.53006992902 526.7702037878
0.00000177005 2.95243321654 532.6117264014
0.00000172351 5.18722712249 1898.3512179396
0.00000165053 1.90578907085 528.9402055692
0.00000164585 5.57619428876 530.44172462
0.00000191497 5.01693056182 569.0478410098
0.00000155401 5.96579992385 519.3960243561
0.00000215233 0.97247023787 453.424893819
0.00000208229 1.82281614022 1439.5096981492
0.00000157996 2.75766580241 525.4981794006
0.00000155479 4.72686997635 533.8837507886
0.00000166712 2.08631169849 224.3447957019
0.00000139402 1.78553934341 647.0108333148
0.00000194580 3.73461183144 1021.2488945514
0.00000152633 5.70470310157 302.164775655
0.00000136386 0.96879673890 11.0457002639
0.00000142502 2.18746053267 227.5261894396
0.00000176907 1.60589176438 10213.285546211
0.00000124507 3.45933363747 1788.1448967202
0.00000174817 0.43249591548 1.4844727083
0.00000133665 4.63491612092 831.8557407496
0.00000120579 1.51220177525 539.9859058331
0.00000134336 2.22677523856 540.7366653585
0.00000121877 2.21859738997 524.0618908021
0.00000120032 5.26558291500 535.3200393871
0.00000124427 1.81779375202 983.1158589136
0.00000147154 2.17687114643 1685.0521225016
0.00000123569 1.77578705200 525.0250986486
0.00000117660 1.79992315819 750.1036075334
0.00000104430 2.19472066370 529.5309064002
0.00000104430 5.28755763826 529.851023789
0.00000104807 1.75473051914 551.031606097
0.00000119646 5.02394125709 2324.9494088156
0.00000116159 5.71003552223 534.3568315406
0.00000122805 3.33550927204 524.2743391232
0.00000103138 2.84304085733 963.4027029714
0.00000120958 4.14524856046 535.107591066
0.00000106645 4.96153948786 99.1606209555
0.00000125536 5.60866656844 618.5566453116
0.00000094764 1.67979960592 1802.3719907218
0.00000091886 4.73072188729 1382.8873468466
0.00000091856 1.46489918938 440.8252848776
0.00000111205 1.86928344986 2001.4439921582
0.00000096101 3.31559741874 21.3406410024
0.00000072096 2.45181685946 529.9034134157
0.00000072096 5.03046144250 529.4785167735
0.00000095413 4.36603562454 35.4247226521
0.00000068201 4.35530252461 415.5524906121
0.00000067561 4.99490654468 518.6452648307
0.00000073325 4.05750215119 511.5317178299
0.00000069891 1.59601188063 114.1384744825
0.00000082393 1.01105072945 531.1754378029
0.00000059078 3.24284112832 2104.5367663768
0.00000068945 3.40976028537 547.8502123593
0.00000073989 2.84748642801 173.9422195228
0.00000055826 3.23356285605 643.8294395771
0.00000063600 4.60690964524 2214.7430875962
0.00000076559 0.16914007578 528.2064923863
0.00000054010 0.38559528823 1048.3362299253
0.00000052462 3.04351725279 960.2213092337
0.00000054800 5.00177597234 2641.3412784722
0.00000051559 0.07590374858 514.7131115676
0.00000066311 2.16873151551 230.5645708254
0.00000049711 1.12330495040 544.6688186216
0.00000051168 4.15417169162 2428.0421830342
0.00000048033 1.64769682284 387.2413149608
0.00000064548 5.74425604097 1364.7280995819
0.00000056419 3.19672283659 107.0249274817
0.00000052715 6.19618102970 1056.9342496344
0.00000062657 2.18566435838 92.0470739547
0.00000046791 4.99032278168 2538.2485042536
0.00000060723 5.60401294480 494.2662424425
0.00000060019 2.20885261687 1061.829610744
0.00000043765 1.93541168857 2.4476805548
0.00000049754 0.31051950136 679.2541622292
0.00000058551 0.74219324450 1057.8974574809
0.00000047066 0.78305409047 3178.1457905676
0.00000041687 5.68958878057 1059.430114299
0.00000041489 1.87471147598 70.8494453042
0.00000040368 4.11954132163 1148.2476104062
0.00000049389 4.38369647117 1038.0412891868
0.00000052220 1.89730883021 565.1156877467
0.00000049041 2.58330127182 523.5406259403
0.00000043994 3.28606341309 312.4597163935
0.00000044122 6.06196963732 430.5303441391
0.00000041687 2.49177765294 1059.3337460794
0.00000037225 5.83615789846 2751.5475996916
0.00000040007 4.94676776315 106.2741679563
0.00000041523 3.87602477966 1514.2912967165
0.00000041708 3.08131901475 10.2949407385
0.00000048107 1.57443805994 2317.8358618148
0.00000040515 4.90771896305 18.1592472647
0.00000035790 5.85585888690 672.1406152284
0.00000048789 4.62852314970 3340.6124266998
0.00000044449 4.90238683987 535.8413042489
0.00000036844 4.16675448786 529.4303326637
0.00000036844 3.31552381410 529.9515975255
0.00000047082 2.16479013510 1512.8068240082
0.00000041507 0.21319785414 1593.0050485469
0.00000045707 5.76601541697 39.3568759152
0.00000032943 2.27946726035 522.529233984
0.00000035390 5.49210934651 522.6256022036
0.00000032870 4.25352856877 124.433415221
0.00000034850 2.92484630853 1060.3451380357
0.00000035863 4.35046455076 1891.2376709388
0.00000030492 2.81576230965 1585.1407420207
0.00000029098 5.87348600011 121.2520214833
0.00000033186 1.42044741925 628.8515860501
0.00000029909 1.98838991554 536.7563279856
0.00000027497 5.20349352400 536.8526962052
0.00000033054 4.51359014873 567.8240007324
0.00000027261 2.72031348322 2420.9286360334
0.00000028101 1.37111796252 1361.5467058442
0.00000027675 3.76752413844 528.4189407074
0.00000027586 3.71471333440 530.9629894818
0.00000033894 4.63464333784 885.4397106664
0.00000025302 0.69085103669 458.8415197904
0.00000024545 4.07153029692 99.9113804809
0.00000032993 5.35577320707 1058.4187223427
0.00000031537 4.79089399996 437.6438911399
0.00000023976 4.11015501858 523.0986829556
0.00000027158 4.04172462614 934.9485149682
0.00000030585 3.14036027150 1023.9572075371
0.00000025975 4.25064688963 636.7158925763
0.00000027098 5.64808831952 497.4476361802
0.00000026669 1.61201743542 1158.5425511447
0.00000024690 4.15165447061 746.9222137957
0.00000024824 4.87213067968 1134.1635287565
0.00000027669 6.13571385852 142.4496501338
0.00000021870 3.37410336472 536.2832472336
0.00000022230 5.18596760154 521.6142102473
0.00000023620 3.19789358019 422.6660376129
0.00000026903 4.55338466530 299.1263942692
0.00000027936 3.40155518417 1289.9465010146
0.00000019758 3.57384619762 1464.6394800628
0.00000019591 2.60352108738 1603.2999892854
0.00000024393 1.76922514363 561.934294009
0.00000018999 0.54653451644 327.4375699205
0.00000021220 4.75366337409 495.7507151508
0.00000024955 3.56668671603 860.3099287528
0.00000018395 3.09432236608 953.1077622329
0.00000019559 0.33422760418 1098.7388061044
0.00000019640 0.81920620311 835.0371344873
0.00000018357 0.62106608418 5.6290742925
0.00000023520 2.68263802863 621.7380390493
0.00000018076 0.42845386573 600.5404103988
0.00000017517 2.68195071531 2435.155730035
0.00000017253 4.86475799937 191.9584544356
0.00000017066 2.47355544144 491.5579294568
0.00000017873 2.29598514123 537.7677199419
0.00000017574 4.33646292397 217.2312487011
0.00000016951 4.03050492549 2744.4340526908
0.00000018236 3.95613517708 2207.6295405954
0.00000021575 4.69631525985 1166.4068576709
0.00000019199 2.72711453647 563.6312150384
0.00000021553 0.29372828887 88.865680217
0.00000016163 4.86951152442 1049.0869894507
0.00000016488 2.27763578296 2228.9701815978
0.00000019792 5.64210393649 505.3119427064
0.00000018457 2.18289841443 1969.2006632438
0.00000015808 5.67233344465 988.532484885
0.00000016272 2.33706628798 526.9826521089
0.00000016170 5.14508663480 532.3992780803
0.00000015841 0.56125268750 731.9443602687
0.00000015853 1.45510827717 501.3797894433
0.00000016239 2.20090269794 32.2433289144
0.00000019490 3.99449705530 2531.1349572528
0.00000015691 2.48513582725 24.3790223882
0.00000018510 1.84601692710 554.0699874828
0.00000020372 1.38538116490 2634.2277314714
0.00000014994 2.01198210400 460.5384408198
0.00000014712 3.84306627886 1058.8606653274
0.00000014869 5.98368245357 558.0021407459
0.00000014439 3.28637158278 1070.4276304531
0.00000018929 2.03175968425 535.9107402181
0.00000015643 0.97730443591 4.665866446
0.00000018715 5.44782618977 523.4711899711
0.00000017929 3.40311830148 1151.4290041439
0.00000013761 6.04543388528 67.6680515665
0.00000013749 0.52644877498 450.9772132642
0.00000013319 2.42538953638 2737.32050569
0.00000013569 5.77906642060 1585.8915015461
0.00000014895 0.11330960665 2015.6710861598
0.00000013428 5.50626546494 597.3590166611
0.00000013707 2.03789881373 498.6714764576
0.00000013957 2.36417098087 1592.2542890215
0.00000013524 3.44876320737 2655.5683724738
0.00000012857 5.50739277119 598.8434893694
0.00000014249 1.72248779684 462.0229135281
0.00000014314 4.07019733205 1550.939859646
0.00000015119 5.81156443174 760.25553592
0.00000014774 5.80625161615 945.2434557067
0.00000013736 4.07129679948 113.3877149571
0.00000012011 1.63521325776 938.1299087059
0.00000012753 5.44403915759 560.7104537316
0.00000012686 6.23818302908 531.387886124
0.00000012686 1.24409527288 527.9940440652
0.00000015020 6.08208603474 155.7829722581
0.00000015484 1.72167500453 378.6432952517
0.00000014712 4.33830015465 1059.903195051
0.00000011546 0.31915225651 635.9651330509
0.00000011513 2.74393569090 0.9632078465
0.00000014239 4.97740702783 151.0476698429
0.00000011629 0.67354350592 608.404716925
0.00000011186 0.05170826029 528.2546764961
0.00000011186 1.14738473449 531.1272536931
0.00000015402 0.99057013095 202.2533951741
0.00000011189 4.62167915661 629.6023455755
0.00000011721 3.81962472178 46.470422916
0.00000013072 4.76911685302 5.4166259714
0.00000010861 3.06774497499 248.7238180901
0.00000011885 0.56823593189 63.7358983034
0.00000010799 2.85278783229 429.7795846137
0.00000013435 2.74869166537 1041.2226829245
0.00000012895 2.71685060291 944.9828232758
0.00000011192 4.39980379850 33.9402499438
0.00000014182 3.01202846061 1173.5204046717
0.00000014077 5.16982319226 1251.3403846248
0.00000013485 2.70711798609 381.6122406683
0.00000010406 4.36645544425 210.1177017003
0.00000010332 5.95361308692 605.9570363702
0.00000010132 3.19923194355 9.5612275556
0.00000013791 2.97971347845 337.732510659
0.00000013472 4.50305810844 721.6494195302
0.00000009741 5.19335132324 1159.2933106701
0.00000013201 5.96637135723 28.3111756513
0.00000009379 0.10962671346 320.3240229197
0.00000008980 1.05396139591 1165.6560981455
0.00000009071 2.27040574511 754.0357607965
0.00000008886 0.31938474896 530.914805372
0.00000008886 0.87970824582 528.4671248172
0.00000012120 3.28130394954 1020.025054274
0.00000008878 3.19756714253 195.1398481733
0.00000009323 3.63280904935 2524.021410252
0.00000012149 4.57844422505 72.0732855816
0.00000008701 3.35407914352 1781.0313497194
0.00000008635 4.87675285165 1056.4611688824
0.00000009302 4.57312893311 1567.7322542814
0.00000010790 5.34901281070 530.5847369719
0.00000010790 2.13326549126 528.7971932173
0.00000007989 2.25562114310 1058.6311706638
0.00000008394 1.01712590368 525.5463635104
0.00000007749 0.18520987807 521.8266585684
0.00000008309 0.18252574301 533.8355666788
0.00000010492 3.02062266658 319.5732633943
0.00000009455 4.42860833187 2957.7331481288
0.00000007601 1.01410800239 537.5552716208
0.00000008635 3.30118117017 1062.302691496
0.00000007859 5.09973182378 1064.7985561606
0.00000007602 5.07538034057 1063.5747158832
0.00000008125 6.02981549694 405.2575498736
0.00000007989 5.92574529041 1060.1326897146
0.00000010154 1.81583583759 456.3938392356
0.00000009868 5.44091536822 2854.6403739102
0.00000007887 3.45839291267 2847.5268269094
0.00000008390 1.92118712996 2332.0629558164
0.00000007855 4.08738591474 739.8086667949
0.00000009014 1.02506603313 1201.831580323
0.00000007272 3.74977886021 148.0787244263
0.00000009035 1.17767860384 2950.619601128
0.00000007172 5.78872895095 31.019488637
0.00000009083 1.83960142614 73.297125859
0.00000006861 1.24455164613 1054.7160637432
0.00000007966 4.97522951621 842.1506814881
0.00000007366 1.18908930125 423.4167971383
0.00000007539 5.35827249789 952.3570027075
0.00000007674 4.58974675290 334.5511169213
0.00000006945 3.82929951189 277.0349937414
0.00000008440 5.66460249626 483.2205421786
0.00000008658 1.03677088830 1215.1649024473
0.00000006766 5.18191429441 1912.5783119412
0.00000008924 5.67297999466 602.9880909536
0.00000006412 2.13183556856 3053.7123753466
0.00000008710 1.69359494585 576.1613880106
0.00000007535 1.43209684879 1060.8664028975
0.00000006715 2.26485589950 408.4389436113
0.00000006823 0.60912657611 284.1485407422
0.00000006770 5.53650784553 69.1525242748
0.00000006566 0.40728171280 355.7487455718
0.00000008559 2.16359232622 1677.9385755008
0.00000006912 3.40820667177 945.9942152321
0.00000006730 0.56194767825 528.0464336919
0.00000006730 0.63714531653 531.3354964973
0.00000007602 3.10155768831 1055.1891444952
0.00000006013 5.10742672906 1035.002907801
0.00000005935 2.94453315678 498.1983957056
0.00000007319 1.36131082578 6.2197751235
0.00000005949 2.57112575530 724.8308132679
0.00000005856 5.61085624056 1276.6131788903
0.00000007648 3.22132265146 247.2393453818
0.00000005605 1.26367820429 513.2286388593
0.00000005584 3.39988425577 100.6450936638
0.00000005502 3.89695891739 3060.8259223474
0.00000007615 4.10463520395 351.8165923087
0.00000005914 3.68583540418 1053.9653042178
0.00000005497 4.41143963319 810.6581120991
0.00000005507 4.54722710597 561.1835344836
0.00000005666 6.05825689215 1064.0477966352
0.00000005378 6.21859996590 546.1532913299
0.00000006260 3.19727825497 1493.093668066
0.00000006793 5.62753980255 303.8616966844
0.00000005204 3.23894565507 1091.6252591036
0.00000005131 2.58192471387 1176.7017984094
0.00000006815 1.54708178098 1053.7528558967
0.00000005065 2.54426472948 1059.2218714948
0.00000006336 2.50077514097 908.3342603463
0.00000004973 1.03425894477 245.5424243524
0.00000005470 1.85711160191 757.2171545342
0.00000004894 0.33758490678 775.233389447
0.00000005382 2.05459210213 512.4254897072
0.00000005693 4.67643220253 166.828672522
0.00000005065 5.63710170403 1059.5419888836
0.00000004985 3.35221747486 2840.4132799086
0.00000004955 1.84826531558 1069.6768709277
0.00000005153 5.42768605926 546.956440482
0.00000004749 4.04043420885 415.2918581812
0.00000005384 0.81789121948 209.3669421749
0.00000004911 6.22971061903 512.2824773553
0.00000004553 1.47996204216 509.2440959695
0.00000004672 2.04116071390 234.6397364404
0.00000004418 3.08681555133 2097.423219376
0.00000004523 6.15421637977 611.4430983108
0.00000006052 2.81885559517 26087.9031415742
0.00000004324 6.00231606657 550.1378342197
0.00000004417 0.89935900799 1127.0499817557
0.00000004688 5.54227030903 504.561183181
0.00000004202 5.15229838310 469.8872200543
0.00000004894 0.30289339863 739.0579072695
0.00000004144 1.71461163426 970.5162499722
0.00000005739 3.37720444365 707.5653378805
0.00000004256 2.95543472060 512.1648572763
0.00000004431 4.63633093035 519.656656787
0.00000005723 5.51760124056 1065.0110044817
0.00000005589 4.77443673434 280.9671470045
0.00000004469 0.52405952073 857.1285350151
0.00000004217 3.24827021932 1489.9122743283
0.00000004804 0.68976934373 391.1734682239
0.00000005007 4.52014200146 491.8185618877
0.00000003986 1.06372222504 447.9388318784
0.00000003947 3.80242096180 112.6540017742
0.00000004072 4.52684344190 547.2170729129
0.00000005087 3.27440412379 114.3991069134
0.00000004369 1.94834671030 554.8207470082
0.00000004085 3.32144080176 916.9322800554
0.00000004733 0.67139053204 1087.6931058405
0.00000003840 0.34109385145 479.2883889155
0.00000003995 0.85610382030 1578.0271950199
0.00000004249 5.04389491785 203.0041546995
0.00000004393 5.38198575849 3171.0322435668
0.00000004628 2.95945654561 567.5633683015
0.00000004429 3.33483303210 1025.4416802454
0.00000004166 1.09654835252 1587.5884225755
0.00000004233 2.53201175338 2042.4977891028
0.00000003711 2.98775049023 3163.918696566
0.00000004086 2.55427154862 237.6781178262
0.00000004681 5.83662690281 295.0512286542
0.00000003571 2.08867966814 1080.7225711916
0.00000003544 4.38394808666 849.2642284889
0.00000004083 3.86948524840 782.3469364478
0.00000003901 3.58138051516 1894.4190646765
0.00000003497 2.80136092523 1059.5943785103
0.00000003507 2.32962653089 589.4947101349
0.00000003472 0.85726515864 580.0935412737
0.00000003680 1.21278207938 547.0994528339
0.00000004542 6.14690384106 105.5404547734
0.00000003369 3.55330457921 103.1409583284
0.00000003630 0.69909450749 81.7521332162
0.00000003697 2.79029346680 326.6868103951
0.00000003539 3.61983213468 1012.9115072732
0.00000003845 3.22543778565 222.8603229936
0.00000003325 0.37561309842 103.0445901088
0.00000003987 0.97522695807 3267.0114707846
0.00000003497 5.38000550828 1059.1694818681
0.00000004054 3.71419071011 81.0013736908
0.00000003600 4.29558839490 3274.1250177854
0.00000003350 3.76399755757 1077.5411774539
0.00000003196 5.60457950896 3067.9394693482
0.00000004303 0.65968200895 373.9079928365
0.00000003455 3.42091932175 488.8496164711
0.00000003335 4.44235745725 1049.8207026336
0.00000003852 2.52438607753 1065.6017053127
0.00000003924 4.18314006350 836.5216071956
0.00000003619 0.69464229610 104.0559820651
0.00000004403 2.90782146623 987.3086446076
0.00000003691 3.23351247093 102.1295663721
0.00000003303 2.85125001065 539.7252734022
0.00000003982 5.66127902337 986.0848043302
0.00000003666 1.43198397957 77.7505439839
0.00000004012 0.62727446399 668.2084619653
0.00000003967 1.33281868984 486.4019359163
0.00000003012 1.97259943071 3370.1042450032
0.00000003953 2.04087960765 1123.1178284926
0.00000003209 2.10209077076 145.6310438715
0.00000003959 3.37764873211 306.830642101
0.00000002943 5.66644527612 1269.4996318895
0.00000002958 4.39711798299 527.6852275245
0.00000002958 3.08516031897 531.6967026647
0.00000003055 0.64523665181 654.1243803156
0.00000003000 3.74971900277 911.3032057629
0.00000002909 3.07525222975 522.6892926784
0.00000002909 4.40702607221 536.6926375108
0.00000003563 2.04687487947 1994.3304451574
0.00000003893 4.26173750986 812.1425848074
0.00000003118 4.06135823006 570.5323137181
0.00000003682 1.06944542634 225.8292684102
0.00000003463 2.60209047668 1591.5205758386
0.00000003751 3.60628368678 977.4867846211
0.00000003448 3.47211094381 685.4739373527
0.00000003534 0.47144281609 78.7137518304
0.00000002870 0.26308381178 1586.625214729
0.00000002875 4.32622434464 504.4181708291
0.00000003866 4.95821738791 824.7421937488
0.00000003556 6.14961940524 572.9799942729
0.00000002918 5.73628166716 967.3348562345
0.00000002906 4.29227546323 416.3032501375
0.00000002909 3.95660523001 1482.7987273275
0.00000002672 0.87511357041 134.5853436076
0.00000002628 0.00847208263 3281.2385647862
0.00000002715 3.16963075966 554.9637593601
0.00000002651 2.27063793995 144.1465711632
0.00000003601 0.47144134781 991.7138786227
0.00000002614 0.41964493730 93.531546663
0.00000002855 2.03044050467 850.0149880143
0.00000002821 1.06657048032 502.8642621516
0.00000003112 6.03060444080 520.129737539
0.00000003142 4.62490556976 539.2521926502
0.00000002731 4.67337364490 522.4655435092
0.00000002731 2.80890465706 536.91638668
0.00000003064 4.44170325172 1884.124123938
0.00000002441 0.83069302598 1474.9344208013
0.00000002456 1.47279271371 1074.3597837162
0.00000002439 2.08558923005 107.7586406646
0.00000002456 0.42538841262 1044.4040766622
0.00000003031 3.37619616684 521.0929453855
0.00000003031 4.10608213512 538.2889848037
0.00000002590 0.16004731508 556.5176680376
0.00000003226 4.60312494465 522.7898664149
0.00000003226 2.87915335731 536.5920637743
0.00000002363 3.28962549381 285.3723810196
0.00000002452 0.62028796575 1090.4014188262
0.00000002323 2.60824432402 529.0578256482
0.00000002323 4.87403397794 530.324104541
0.00000003159 5.47332565610 457.617679513
0.00000003023 1.37043511978 526.722019678
0.00000003023 6.11184318218 532.6599105112
0.00000002393 2.85135439551 1053.2315910349
0.00000002997 2.91346721535 1438.0252254409
0.00000002824 1.71227981800 108.7218485111
0.00000002220 2.80874155199 2413.8150890326
0.00000002234 3.74593385034 3377.217792004
0.00000002627 2.23895631422 1094.8066528413
0.00000002477 3.21084842387 3156.8051495652
0.00000002530 0.10552341266 12566.1516999828
0.00000002273 6.03923806707 1589.1210793936
0.00000002190 5.77618493519 97.6761482472
0.00000002217 4.33373247849 1254.5217783625
0.00000002201 4.15471098454 2043.9822618111
0.00000002858 3.89745174384 1440.9941708575
0.00000002222 4.98725374410 376.1956146969
0.00000002770 5.83704344924 39.6175083461
0.00000002839 4.97687573513 1140.38330388
0.00000002926 4.39522157497 732.6951197941
0.00000002251 2.16205964084 1067.4586850365
0.00000002782 5.20073544600 451.9404211107
0.00000002206 4.97562217236 6681.2248533996
0.00000002191 2.83588669322 842.9014410135
0.00000002512 2.04067568304 1261.6353253633
0.00000002217 1.56495606058 902.7051860538
0.00000002522 0.74750896561 373.0142209592
0.00000002157 5.37570047911 59.8037450403
0.00000002035 3.84713937892 523.849442481
0.00000002035 3.63513892304 535.5324877082
0.00000002769 4.85615053084 1744.8558675419
0.00000002190 2.65356791032 417.0369633204
0.00000002366 1.24394483245 3707.8367556622
0.00000002100 1.97563817578 1688.2335162393
0.00000002548 0.72953715709 1128.534454464
0.00000002551 1.03971611498 232.0490435337
0.00000001870 6.04196842136 501.2367770914
0.00000001894 2.66113148974 3480.3105662226
0.00000001851 4.86018399563 111.1695290659
0.00000002198 2.51049365003 429.0458714308
0.00000001873 0.59052322460 1208.9451273238
0.00000002510 1.99459673774 601.7642506762
0.00000002186 3.48580556450 1553.6481726317
0.00000002291 1.45172941088 488.63716815
0.00000001875 3.39330212644 1590.0361031303
0.00000001806 5.04361493519 913.7508863177
0.00000001962 1.12671675097 109.2431133729
0.00000002129 5.01243773449 821.703812363
0.00000002196 4.38946985073 298.2326223919
0.00000001953 5.49728281015 1415.130675761
0.00000001787 3.66506787987 1059.6425626201
0.00000002375 0.70058711647 2122.6960136415
0.00000002173 5.25212332069 1065.5322693435
0.00000001733 0.73534814865 162.8965192589
0.00000002273 2.84142693944 1589.024711174
0.00000001780 4.29158703684 1051.3051753419
0.00000001716 2.65555145996 503.8274699981
0.00000001970 2.68005551637 362.8622925726
0.00000001697 5.66098967410 1052.3165672982
0.00000002270 4.84012800369 36.6485629295
0.00000001805 1.44303434972 110.2545053292
0.00000002101 5.11361919665 241.6102710893
0.00000001961 4.77832385099 1446.62324515
0.00000002097 6.06067607224 570.7447620392
0.00000001983 1.63014729241 1432.3961511484
0.00000001608 4.82672654056 555.5544601911
0.00000001681 3.48535837754 543.1843459133
0.00000001681 3.99691992442 516.1975842759
0.00000001620 2.47519616201 683.1863154923
0.00000001551 0.77205866411 593.426863398
0.00000002066 0.94018645457 487.1526954417
0.00000001791 4.81649259864 502.6036297207
0.00000001537 0.19658665242 1518.2234499796
0.00000001786 5.44001948650 1226.2106027112
0.00000001926 3.25933684213 229.0800981171
0.00000001583 6.04740062696 56.6223513026
0.00000001778 1.08217421224 1819.6374661092
0.00000001466 3.39789528449 426.5500067662
0.00000001453 4.90873128164 216.4804891757
0.00000001484 2.41545761529 995.6460318858
0.00000001446 5.86004559959 384.0599212231
0.00000001673 2.66578535790 556.7783004685
0.00000001573 6.26225606544 425.6349830295
0.00000001701 4.91404545818 422.405405182
0.00000001449 1.53424605627 3686.4961146598
0.00000001674 0.76441019022 3583.4033404412
0.00000001414 4.43084732654 350.3321196004
0.00000001787 4.51629855363 1059.1212977583
0.00000001586 2.43520096497 1052.2201990786
0.00000001409 5.60828366864 1474.6737883704
0.00000001459 0.29604013369 426.6463749858
0.00000001859 5.87100830303 313.2104759189
0.00000001860 5.30369826691 1160.027023853
0.00000001599 5.70543219748 1588.1096874373
0.00000001711 4.14799014570 2200.5159935946
0.00000001587 1.97035308409 1268.7488723641
0.00000001645 4.96839068028 630.3360587584
0.00000001796 0.70671519409 424.1505103212
0.00000001802 0.24899836512 572.2292347475
0.00000001725 5.08098401978 1696.0978227655
0.00000001811 5.89893866850 1340.3490771937
0.00000001340 4.11708835504 1058.109905802
0.00000001344 2.57940160402 252.6559713532
0.00000001497 0.46005454389 1379.7059531089
0.00000001346 5.55344965198 1066.5436612998
0.00000001479 5.12078337861 138.5174968707
0.00000001313 2.87700461514 827.9235874865
0.00000001342 6.27866403575 1357.6145525811
0.00000001714 1.09477454512 1164.9223849626
0.00000001547 5.14492139001 1097.514965827
0.00000001293 1.41574901573 394.3548619616
0.00000001287 0.09882825148 1354.4331588434
0.00000001329 0.80851044182 1628.429771199
0.00000001657 1.38619161291 473.068613792
0.00000001353 2.59318399768 2498.8916283384
0.00000001375 2.40968289321 1093.322180133
0.00000001302 6.01487381920 494.4786907636
0.00000001266 4.76726804915 1162.5228885176
0.00000001234 0.32615815170 436.1594184316
0.00000001258 1.58421626029 1162.426520298
0.00000001231 5.30664395399 414.0680179038
0.00000001419 1.54073590528 1138.0956820196
0.00000001394 5.15649797570 958.7368365254
0.00000001182 0.52974408869 465.9550667912
0.00000001464 2.33832116265 1066.4472930802
0.00000001194 4.20924518474 774.0095491696
0.00000001176 4.08167525357 632.831923423
0.00000001173 2.04351153153 2964.8466951296
0.00000001259 3.56208851883 990.2294059144
0.00000001170 3.49511362481 3693.6096616606
0.00000001235 6.00673735479 1027.1386012748
0.00000001192 1.46740386940 564.9032394256
0.00000001337 3.61253361740 427.5613987225
0.00000001581 5.13730579856 642.3449668688
0.00000001186 3.09979352325 2114.8317071153
0.00000001451 6.06457621411 586.3133163972
0.00000001339 4.45996853527 1161.5114965613
0.00000001260 1.21410714044 633.7469471597
0.00000001309 1.91007772946 1163.4379122543
0.00000001332 6.07060512898 981.6313862053
0.00000001309 2.99122359843 3473.1970192218
0.00000001172 0.90155530149 632.7355552034
0.00000001120 3.02624536332 709.0498105888
0.00000001241 5.23044091775 269.9214467406
0.00000001340 4.06427807846 1060.6539545764
0.00000001212 4.10341889288 3590.516887442
0.00000001112 3.72336688315 1065.9742123282
0.00000001496 4.33281936369 388.4651552382
0.00000001156 1.65378396735 102.5715093568
0.00000001089 3.60592628762 946.727928415
0.00000001132 5.22322415543 1663.8544938511
0.00000001068 6.04185185868 1279.794572628
0.00000001131 3.61191445945 1887.3055176757
0.00000001473 4.12139842857 1436.5407527326
0.00000001045 4.22116967617 1570.9136480191
0.00000001302 2.50289331551 636.9765250072
0.00000001036 0.53491669677 1798.4398374587
0.00000001036 5.26899994767 915.235359026
0.00000001395 0.46166683816 635.231419868
0.00000001137 3.27433871912 447.7958195265
0.00000001025 5.53132458018 951.6232895246
0.00000001348 3.81184021575 2004.364753465
0.00000001018 0.87095306528 623.2225117576
0.00000001021 2.67952604782 2730.2069586892
0.00000001428 4.58431304902 244.318584075
0.00000001234 2.88698069188 1467.8208738005
0.00000001040 0.83747359097 313.9441891018
0.00000001369 2.70606153896 4590.910180489
0.00000001275 0.52108766366 1363.2436268736
0.00000001088 1.95292844895 2310.722314814
0.00000001033 1.08663300387 1028.3624415522
0.00000001000 0.35908379113 924.7965865816
0.00000001111 2.15462122005 103.6140390804
0.00000001358 3.05189802975 448.6895914038
0.00000000980 1.98911885489 961.705781942
0.00000000967 6.06331792493 665.0270682276
0.00000001219 4.14432847094 614.6244920485
0.00000001038 0.76497233984 170.7608257851
0.00000000955 2.14161353973 645.3139122854
0.00000000933 5.39590871918 1578.7779545453
0.00000001139 4.36540036877 1052.7896480502
0.00000000927 2.34037338177 3796.7024358792
0.00000001243 3.14898976422 670.916774951
0.00000001067 4.16223201017 799.6124118352
0.00000001035 1.28671936236 2545.3620512544
0.00000001048 0.38010986538 1901.5326116773
0.00000000976 6.08656223961 700.4517908797
0.00000001099 1.23775171296 611.5861106627
0.00000001033 3.86973990762 631.8205314667
0.00000000960 6.17390028803 4863.1979130692
0.00000000875 1.92996402694 4127.3213995374
0.00000001194 4.13143181474 8521.1198767086
0.00000000967 4.90660225484 828.8173593638
0.00000001165 0.11002151063 1511.3223512999
0.00000001168 2.24358551711 2861.753920911
0.00000001147 4.05160358756 1390.0008938474
0.00000000873 0.21748412885 322.0209439491
0.00000001137 5.96450825373 950.6600816781
0.00000001030 2.10311707723 395.105621487
0.00000001156 5.01608864815 696.5196376166
0.00000001061 3.86340607753 1014.1353475506
0.00000001015 5.07749588495 3487.4241132234
0.00000000918 2.29663466568 340.7708920448
0.00000000860 1.59524432991 1152.9134768522
0.00000000869 5.53349297622 215.7467759928
0.00000001113 6.08107598854 3384.3313390048
0.00000000844 3.23872430382 231.4583427027
0.00000000939 3.33696304667 1703.2113697663
0.00000000872 0.46189921104 1482.0479678021
0.00000000832 5.91197785635 1688.9842757647
0.00000001042 5.64925525710 297.6419215609
0.00000000983 4.50835013554 1475.6851803267
0.00000000851 3.96788690898 5702.1672008196
0.00000001105 4.68695669950 1366.2125722902
0.00000000877 1.00645136806 357.4456666012
0.00000000987 2.20254440780 7210.9158184942
0.00000001109 5.81960537254 347.8844390456
0.00000000992 4.48964897088 4120.2078525366
0.00000000827 5.97494310096 20956.2620575166
0.00000000811 5.15913580030 5282.6825569444
0.00000000914 0.28107178678 1031.0707545379
0.00000000999 2.29914905811 1505.6932770074
0.00000001012 4.06912229625 1681.1199692385
0.00000001093 1.74052459203 761.7400086283
0.00000001118 1.45389907306 892.5532576672
0.00000000883 4.10460162145 526.1678467456
0.00000000883 3.37767668051 533.2140834436
0.00000000980 4.65213623657 25035.6347583858
0.00000000787 2.68667239235 1056.6736172035
0.00000000787 4.43959540351 432.0148168474
0.00000000839 5.03969297034 4686.8894077068
0.00000000965 5.19162112321 1519.920371009
0.00000001017 1.65928462260 1019.7644218431
0.00000000929 0.76029521873 1130.2313754934
0.00000000781 4.82412022465 2225.7887878601
0.00000000983 2.38789107713 1670.0742689746
0.00000000950 1.75053669314 25021.4076643842
0.00000000933 3.86854645253 2516.9078632512
0.00000000809 1.93195701192 348.635198571
0.00000000841 1.57805339944 643.0786800517
0.00000000981 4.48946441703 1288.4620283063
0.00000000782 0.66782646307 1731.5225454176
0.00000000817 1.92690312543 1372.5924061081
0.00000001032 3.19968565901 3075.053016349
0.00000000793 0.03897871144 5092.1519581158
0.00000000899 5.79764466292 1053.1621550657
0.00000000742 0.43265335833 896.4854109303
0.00000000989 2.27910418594 566.3395280241
0.00000000989 5.20317411602 493.0424021651
0.00000000839 6.03327141522 3700.7232086614
0.00000000742 2.64617353154 948.2124011233
0.00000000756 0.57260333982 172.2452984934
0.00000000766 3.02399211768 402.2191684878
0.00000000746 0.30715456859 745.4377410874
0.00000000870 0.72037948511 537.3257769572
0.00000000870 3.62030616326 522.056153232
0.00000000789 0.10006236928 950.1388168163
0.00000000732 3.85872500330 1600.1185955477
0.00000000769 2.20223682113 6011.4455234754
0.00000000985 0.24088992371 1262.3860848887
0.00000000773 0.18165556770 8617.0991039264
0.00000000924 1.93653062696 1818.1529934009
0.00000000735 0.33474292280 64.9597385808
0.00000000780 6.07428087424 949.12742486
0.00000000736 4.07491885224 23969.1392811958
0.00000000865 0.10126946188 3899.7952100978
0.00000000707 0.60198922161 292.0128472684
0.00000000705 2.70032710795 259.769518354
0.00000000712 4.70959378269 2108.4689196399
0.00000000901 1.24670020211 3259.1471642584
0.00000000712 1.23230262093 4002.8879843164
0.00000000705 4.55290977470 657.1627617014
0.00000000964 2.76604156225 6915.8595893046
0.00000000968 5.51964420540 806.725958836
0.00000000889 4.95719313311 157.2674449664
0.00000000810 1.91237826709 677.7696895209
0.00000000912 1.19262236749 1791.3262904579
0.00000000789 0.62852846984 703.6331846174
0.00000000759 5.69883291812 1542.6024723678
0.00000000673 1.85729207623 77.962992305
0.00000000685 5.20938711928 2218.6752408593
0.00000000748 2.39982571743 1997.5118388951
0.00000000804 2.91740270997 1141.1340634054
0.00000000856 2.44397416548 369.0820676961
0.00000000815 0.85095606739 358.9301393095
0.00000000744 0.94568343594 98.8999885246
0.00000000923 4.75881563433 179.3588454942
0.00000000704 5.19559600972 718.6110381444
0.00000000765 0.82175084218 1834.6153196362
0.00000000743 6.05727858122 306.0969289181
0.00000000774 3.70232316078 2431.9743362973
0.00000000798 3.06786502961 377.1588225434
0.00000000639 4.79352132340 650.9429865779
0.00000000643 0.91695869024 208.633228992
0.00000000644 2.20059124309 1304.9243545416
0.00000000851 3.84069109470 2124.9836355019
0.00000000666 1.47762519480 2439.0878832981
0.00000000642 1.77466267233 4113.0943055358
0.00000000886 4.54581008875 110.1581371096
0.00000000699 2.04086900264 999.5781851489
0.00000000848 3.15427263274 444.7574381407
0.00000000649 5.11797569203 203.7378678824
0.00000000772 0.19013329644 3333.9287628257
0.00000000781 2.37931191817 2416.9964827703
0.00000000629 1.93229139868 181.806526049
0.00000000820 2.58299952484 1371.8416465827
0.00000000634 1.62415516807 5908.3527492568
0.00000000639 2.75957878564 100.1720129118
0.00000000869 4.19129690244 10846.0692855242
0.00000000765 5.21743833145 927.8349679674
0.00000000650 1.16668662255 558.1451530978
0.00000000776 1.74660591915 711.4974911436
0.00000000621 3.48991816372 4539.6924964118
0.00000000611 1.65684132714 4443.713269194
0.00000000751 1.10211044043 446.3113468182
0.00000000726 0.52382471288 2151.0071892928
0.00000000753 2.45390180994 88.1149206916
0.00000000614 2.12029152108 6121.6518446948
0.00000000655 4.65792094500 1809.4855377226
0.00000000727 1.12632815170 425.1137181677
0.00000000614 2.31607307821 1144.3154571431
0.00000000641 6.09076267405 52175.8062831484
0.00000000617 3.16668523070 4856.0843660684
0.00000000596 1.00488460547 737.3609862401
0.00000000619 2.80074763053 325.9530972122
0.00000000715 5.80133940123 385.5443939314
0.00000000617 2.17399797113 920.8644333185
0.00000000590 1.05345868825 3634.6210245184
0.00000000590 2.98689226579 627.3671133418
0.00000000611 0.43380344797 392.6579409322
0.00000000611 0.76528954681 666.723989257
0.00000000630 2.45241625357 1751.539531416
0.00000000716 1.61483523862 3333.498879699
0.00000000715 4.50654502617 3347.7259737006
0.00000000604 5.25312756839 427.1194557378
0.00000000578 5.39625376106 881.5075574033
0.00000000602 5.73928138925 1670.82502850
0.00000000571 1.69274759242 1937.7080938548
0.00000000581 3.86128267375 2953.8009948657
0.00000000754 2.66282639252 1022.7333672597
0.00000000736 0.59694347292 601.5036182453
0.00000000736 0.60214952186 457.8783119439
0.00000000693 3.40651887511 1967.7161905355
0.00000000692 2.79510805820 3789.5888888784
0.00000000561 3.91963066988 443.8636662634
0.00000000708 3.02690614133 3391.4448860056
0.00000000778 3.25499863195 90.5626012464
0.00000000561 2.51020672850 20426.571092422
0.00000000553 2.13906734615 153.4953503977
0.00000000554 2.66966231964 385.7568422525
0.00000000551 5.94541582437 4333.5069479746
0.00000000605 4.46112893899 835.7878940127
0.00000000711 1.10969378034 451.7279727896
0.00000000560 3.13972333555 420.9691165835
0.00000000579 5.96205182739 5179.5897827258
0.00000000561 0.89037751064 6702.5604938666
0.00000000560 2.10160839294 4701.1165017084
0.00000000556 4.53953488781 4804.209275927
0.00000000575 6.12046354156 1656.7409468503
0.00000000559 3.70916861075 388.7257876691
0.00000000538 2.49910108716 7564.830720738
0.00000000727 5.70737971510 344.7030453079
0.00000000549 2.31469925514 10632.7701900862
0.00000000657 0.62702555570 464.7312265138
0.00000000615 2.00048473575 3494.5376602242
0.00000000601 4.73254533330 426.0769260142
0.00000000525 4.24507155073 76674.63652943878
0.00000000527 5.96328911375 8734.4189721466
0.00000000516 4.97616716669 5599.074426601
0.00000000605 1.49901582841 207.6700211455
0.00000000507 3.50263074303 615.5182639258
0.00000000700 5.07945263007 3184.3655656911
0.00000000599 2.57804574588 184.9879197867
0.00000000636 6.02243533622 10110.1927719924
0.00000000568 0.36654156763 131.4039498699
0.00000000516 3.70540463468 6018.5590704762
0.00000000523 3.92581999922 3906.9087570986
0.00000000613 0.15989670053 607.6539573996
0.00000000583 3.35000745890 4326.3934009738
0.00000000598 0.51769443783 115.6229471908
0.00000000593 0.62671244929 758.7710632117
0.00000000602 5.52925928036 680.7386349375
0.00000000641 5.93127310899 421.93232443
0.00000000496 5.50699449790 2328.8815620787
0.00000000674 5.14730526260 282.4516197128
0.00000000494 4.88930673362 536.05375257
0.00000000494 5.73456422193 523.3281776192
0.00000000503 0.66237185260 1443.4418514123
0.00000000592 0.48058901083 106.0135355254
0.00000000606 4.74080637045 3803.81598288
0.00000000625 1.34524913881 119.767548775
0.00000000657 0.40021926878 2350.8129039121
0.00000000527 4.42652413951 4436.5997221932
0.00000000664 3.35115576269 127.4717966068
0.00000000662 3.06514170953 4959.177140287
0.00000000488 3.30536438368 419.532827985
0.00000000636 5.51768568959 664.2763087022
0.00000000495 1.58075964209 398.2870152247
0.00000000628 4.75127425715 1560.6187072806
0.00000000500 3.44000835802 8631.326197928
0.00000000474 0.04770076651 102.3420146932
0.00000000589 0.26867746379 2740.5018994277
0.00000000600 0.00176767996 634.2682120215
0.00000000474 3.61718578829 2203.6973873323
0.00000000511 1.78212255450 207.1487562837
0.00000000515 4.56583984880 1090.8744995782
0.00000000479 3.69565474758 218.7157214094
0.00000000549 0.85225402277 701.936263588
0.00000000468 1.82146214833 477.0007670551
0.00000000468 5.66081615363 582.3811631341
0.00000000496 3.01514968503 2758.6611466924
0.00000000543 6.27930493432 578.449009871
0.00000000543 1.20297336764 480.9329203182
0.00000000505 0.44577011956 398.1440028728
0.00000000480 2.53110795595 3046.5988283458
0.00000000573 6.09163052699 1132.6790560482
0.00000000468 0.18128030054 419.4364597654
0.00000000480 2.95348186297 2132.99095438
0.00000000472 3.76379829341 103.843533744
0.00000000467 0.49089030603 2047.9144150742
0.00000000463 4.21399976185 429.5189521828
0.00000000472 1.62568669915 2527.2028039897
0.00000000461 1.80025087977 177.8743727859
0.00000000451 3.62252628618 1457.525933062
0.00000000451 2.46062696619 10977.078804699
0.00000000534 2.70956518248 843.6351541964
0.00000000471 2.88669732848 2572.1887541974
0.00000000558 0.57206557222 594.6507036754
0.00000000588 0.10679818786 458.090760265
0.00000000464 5.97996999324 4017.115078318
0.00000000482 2.66182113624 6114.538297694
0.00000000449 6.27506282835 1221.8485663214
0.00000000447 3.83471115676 475.3562356524
0.00000000447 3.64756714520 584.0256945368
0.00000000466 2.22914602566 632.2624744514
0.00000000605 3.46943333342 300.6108669775
0.00000000624 1.32803409508 10529.6774158676
0.00000000487 0.70358405204 321.0577361026
0.00000000442 6.00134152023 109.6850563576
0.00000000543 0.48848038573 3914.0223040994
0.00000000558 6.11657983138 2199.7652340692
0.00000000522 1.28108103701 383.0967133766
0.00000000442 4.84282576196 2936.3925071264
0.00000000524 0.03009305276 1336.4169239306
0.00000000450 1.45745967104 540.9972977894
0.00000000450 2.88322597733 518.3846323998
0.00000000466 4.77540191622 733.428832977
0.00000000465 2.19694664935 1083.7609525774
0.00000000605 6.19042796666 6599.467719648
0.00000000602 0.32017022594 354.5249052944
0.00000000602 0.87892276884 704.8570248948
0.00000000437 4.92559532055 2535.0671105159
0.00000000579 0.71604969737 597.5714649822
0.00000000579 0.48304329741 461.810465207
0.00000000523 3.66903787035 2424.1100297711
0.00000000480 3.58335890884 1105.8523531052
0.00000000580 2.47100192063 2100.6046131137
0.00000000561 5.19306998860 1858.9943420244
0.00000000418 4.24022932943 205.2223405907
0.00000000442 5.80146904507 1068.9431577448
0.00000000419 3.18915415915 2090.3096723752
0.00000000432 4.43898680981 2080.6308247406
0.00000000415 1.39174996628 4760.1051388506
0.00000000542 2.11744681585 85.8272988312
0.00000000451 1.43760446178 206.1373643274
0.00000000556 3.25263620772 1595.2926704073
0.00000000558 5.74254657754 2347.8439584955
0.00000000410 0.56301185652 7.8643065262
0.00000000493 5.04782378272 2879.0193962984
0.00000000551 0.72617989359 8837.5117463652
0.00000000432 6.00835189765 1300.9922012785
0.00000000429 1.26761639656 4635.6717236296
0.00000000545 2.06900453375 2004.6253858959
0.00000000463 2.74972811778 633.305004175
0.00000000476 3.53215098970 2833.2997329078
0.00000000412 4.49217479834 2542.1806575167
0.00000000469 5.20635692603 2274.5468326365
0.00000000465 3.62306788790 4010.0015313172
0.00000000399 1.89120860742 1621.3162241982
0.00000000421 4.17496784439 638.4128136057
0.00000000483 0.89846608938 154.2984995498
0.00000000394 4.47940534021 2424.8607892965
0.00000000412 2.38738335229 83.3796182764
0.00000000384 4.81260634232 673.6250879367
0.00000000480 4.83228035316 9050.8108418032
0.00000000400 1.20409319679 2755.4797529547
0.00000000499 5.48470112681 1973.1328165069
0.00000000391 3.77310038627 670.6561425201
0.00000000396 1.19425682508 50586.73338786459
0.00000000468 4.28224331796 1970.6851359521
0.00000000404 1.95147636572 6327.837393132
0.00000000470 6.23427028473 878.3261636656
0.00000000472 0.93318411225 416.7763308895
0.00000000443 5.22068474603 1987.2168981566
0.00000000491 1.09229246916 601.2911699242
0.00000000503 1.62796162151 5856.4776591154
0.00000000467 4.62700522628 2654.6746005965
0.00000000397 3.56270803011 5371.5482371614