0.01346277648 2.61877810547 74.7815985673
0.00062341400 5.08111189648 149.5631971346
-0.00061601196 0.0 0.0
0.00009963722 1.61603805646 76.2660712756
0.00009926160 0.57630380333 73.297125859
0.00003259466 1.26119342526 224.3447957019
0.00002972303 2.24367206357 1.4844727083
0.00002010275 6.05550884547 148.0787244263
0.00001522163 0.27959645002 63.7358983034
0.00000924064 4.03822512696 151.0476698429
0.00000760640 6.13999362624 71.8126531507
0.00000420265 5.21280055515 11.0457002639
0.00000430661 3.55443947716 213.299095438
0.00000436847 3.38081057022 529.6909650946
0.00000522314 3.32086440954 138.5174968707
0.00000434627 0.34063199763 77.7505439839
0.00000462630 0.74256687606 85.8272988312
0.00000232667 2.25715668168 222.8603229936
0.00000215848 1.59122810633 38.1330356378
0.00000244698 0.78795174100 2.9689454166
0.00000179936 3.72487768728 299.1263942692
0.00000174896 1.23550822483 146.594251718
0.00000173648 1.93654971482 380.12776796
0.00000160368 5.33635511113 111.4301614968
0.00000144064 5.96238846558 35.1640902212
0.00000102049 2.61876132065 78.7137518304
0.00000116363 5.73877137488 70.8494453042
0.00000106444 0.94095705978 70.3281804424
0.00000086160 0.70251751041 39.6175083461
0.00000072611 0.20572158900 225.8292684102
0.00000071172 0.83343109173 109.9456887885
0.00000057495 2.67048156941 108.4612160802
0.00000054263 3.35177461012 184.7272873558
0.00000044471 2.74407889623 152.5321425512
0.00000038592 5.17390531140 202.2533951741
0.00000039159 2.17111197275 351.8165923087
0.00000041362 3.22138743484 160.6088973985
0.00000035132 4.00123533788 112.9146342051
0.00000033091 3.61372505020 221.3758502853
0.00000031332 2.71938965609 145.1097790097
0.00000037340 4.02083944240 52.6901980395
0.00000032034 1.29143160665 145.6310438715
0.00000027569 3.70085992486 36.6485629295
0.00000024272 2.85050776068 127.4717966068
0.00000024635 1.11646359832 3.9321532631
0.00000024309 5.48949970007 79.2350166922
0.00000021418 0.63723215666 277.0349937414
0.00000019832 2.59336449599 84.3428261229
0.00000022368 5.73729035268 4.4534181249
0.00000019125 1.30093692086 62.2514255951
0.00000019796 4.72268731719 297.6419215609
0.00000020298 1.06069563441 454.9093665273
0.00000019769 5.77906677614 305.3461693927
0.00000021357 1.01279253027 33.6796175129
0.00000015136 2.91791848257 426.598190876
0.00000016010 1.95529008632 186.2117600641
0.00000013804 2.67173362271 74.6697239827
0.00000011468 5.73303165530 41.1019810544
0.00000010741 3.73406242289 1059.3819301892
0.00000011468 3.98150176278 106.9767433719
0.00000010365 4.75684964951 183.2428146475
0.00000010232 6.18772944512 373.9079928365
0.00000013803 5.70721417446 74.8934731519
0.00000010563 3.78630189172 490.3340891794
0.00000011838 5.96756141943 87.3117715395
0.00000010033 1.74884568436 22.0914005278
0.00000010107 0.92920871591 65.2203710117
0.00000009126 5.11087748378 153.4953503977
0.00000012093 2.53736478942 9.5612275556
0.00000008645 4.18353789478 12.5301729722
0.00000009969 5.83607933801 604.4725636619
0.00000011363 2.12628390559 68.8437077341
0.00000008481 3.37168822431 72.3339180125
0.00000007790 5.11802896670 77.962992305
0.00000008306 5.19333619113 77.2292791221
0.00000007701 3.25277033035 71.6002048296
0.00000007521 2.98280931167 114.3991069134
0.00000006948 3.31879527596 56.6223513026
0.00000006500 0.88498775188 288.0806940053
0.00000006393 3.51141825287 220.4126424388
0.00000006208 0.58088443555 340.7708920448
0.00000006772 4.09371704059 137.0330241624
0.00000005595 5.68796827406 259.5088859231
0.00000005301 2.65424478534 300.6108669775
0.00000004950 4.99680523609 219.891377577
0.00000006424 0.44994761517 140.001969579
0.00000004972 4.06861003746 143.6253063014
0.00000005694 3.76750788366 67.6680515665
0.00000004853 2.03388920337 415.5524906121
0.00000003803 1.26170663854 75.3028634291
0.00000003807 2.24781903960 909.8187330546
0.00000003813 3.10466777490 181.7583419392
0.00000003780 5.19959127344 227.3137411185
0.00000003426 5.91911283488 296.1574488526
0.00000003517 5.44401451357 628.8515860501
0.00000003943 4.95109205340 265.9892934775
0.00000003472 0.34748263417 131.4039498699
0.00000003400 0.53685880010 206.1855484372
0.00000003039 4.68312649973 159.1244246902
0.00000003189 5.68771037501 235.3904959658
0.00000003303 2.09359478408 73.8183907208
0.00000003062 4.48989306244 66.70484372
0.00000003265 0.01005829991 75.7448064138
0.00000002917 4.21626758697 258.0244132148
0.00000003747 0.82998936434 74.2603337055
0.00000002818 3.96515762579 82.8583534146
0.00000002474 3.81322641071 7.1135470008
0.00000002394 2.21473666039 54.1746707478
0.00000002546 2.97069404242 378.6432952517
0.00000002632 1.55152764206 154.0166152595
0.00000002639 2.28085213767 32.1951448046
0.00000002642 3.96819246977 381.6122406683
0.00000002203 3.06747152218 59.8037450403
0.00000002635 0.54046453944 211.8146227297
0.00000002053 1.98285180962 18.1592472647
0.00000002516 0.63537765744 187.6962327724
0.00000002485 3.55942732547 96.8729990951
0.00000001918 1.60479578730 80.1982245387
0.00000002055 4.49938733826 5.9378908332
0.00000002018 2.97794616041 191.2076949102
0.00000001832 1.96177252651 81.8951455681
0.00000001719 2.22518862087 479.2883889155
0.00000001857 1.66299721979 984.6003316219
0.00000001726 3.22144940779 218.4069048687
0.00000001770 5.24609773415 105.4922706636
0.00000001520 0.94716593371 372.4235201282
0.00000001512 6.03457842275 99.1606209555
0.00000001614 3.39986737271 230.5645708254
0.00000001711 3.44232483680 522.5774180938
0.00000001504 1.34653259405 74.5209661364
0.00000001584 4.37196518404 80.7194894005
0.00000001360 5.48691240270 74.8297826771
0.00000001405 0.33792710499 142.4496501338
0.00000001363 4.56068902351 42.5864537627
0.00000001709 3.63180456542 554.0699874828
0.00000001360 2.89305157919 74.7334144575
0.00000001260 5.50922979275 74.9416572617
0.00000001384 4.40028240227 260.9933586314
0.00000001365 2.15266243195 162.0933701068
0.00000001244 4.97782030325 149.45132255
0.00000001278 0.84565446273 767.3690829208
0.00000001263 4.53422211084 294.6729761443
0.00000001322 5.10927435201 51.2057253312
0.00000001180 0.79757360842 116.4260963429
0.00000001495 0.74986873597 75.0422309982
0.00000001213 3.66821217363 20.6069278195
0.00000001248 3.13317666641 67.3592350258
0.00000001171 4.39747177706 180.2738692309
0.00000001125 3.86202201629 39.3568759152
0.00000001263 2.87116663203 74.6215398729
0.00000001376 3.75596842702 92.940845832
0.00000001018 6.20402800983 835.0371344873
0.00000000962 3.30346641752 255.0554677982
0.00000001239 1.73040337356 149.6750717192
0.00000000970 1.71235586924 115.8835796217
0.00000000943 3.07319537857 8.0767548473
0.00000001000 5.49989514567 256.5399405065
0.00000000911 6.23756163651 200.7689224658
0.00000000908 0.00832674265 536.8045120954
0.00000000969 5.77575675230 128.9562693151
0.00000000952 3.00463012001 14.977853527
0.00000000983 0.35101173825 404.5067903482
0.00000000808 3.21398175104 28.3111756513
0.00000000764 3.45466431894 214.7835681463
0.00000001021 1.79907610488 3.1813937377
0.00000000783 4.12167749880 125.9873238985
0.00000000715 5.80380056776 157.6399519819
0.00000000689 1.84739011152 41.6444977756
0.00000000715 5.56310287629 146.3818033969
0.00000000682 5.16479782395 74.0308390419
0.00000000673 2.65544175682 75.5323580927
0.00000000696 3.59376281929 362.8622925726
0.00000000715 4.76877987059 331.3215390738
0.00000000729 2.25493921872 453.424893819
0.00000000648 1.99137116455 639.897286314
0.00000000641 5.77409064831 110.2063212194
0.00000000666 5.97888465085 135.5485514541
0.00000000774 0.42035537394 565.1156877467
0.00000000674 5.32913501430 142.1408335931
0.00000000776 5.57009796152 2.4476805548
0.00000000798 0.90966507165 152.0108776894
0.00000000680 2.94896042701 60.7669528868
0.00000000603 2.04208151880 195.1398481733
0.00000000650 4.56287025940 216.9224321604
0.00000000738 5.07239490532 89.7594520943
0.00000000597 1.91415368214 203.7378678824
0.00000000646 2.79255070924 50.4025761791
0.00000000557 2.91795392350 68.1893164283
0.00000000565 2.77660876182 14.0146456805
0.00000000531 3.75443696232 617.8058857862
0.00000000530 3.51481429918 291.7040307277
0.00000000506 4.94596553031 81.3738807063
0.00000000602 2.45288547587 81.0013736908
0.00000000596 5.42429198496 692.5874843535
0.00000000648 5.74877765820 141.4864422873
0.00000000523 4.97086637939 387.2413149608
0.00000000544 2.99910796114 152.7445908723
0.00000000485 2.36315064516 448.6895914038
0.00000000481 5.81665495660 134.5853436076
0.00000000470 1.30174846020 228.276948965
0.00000000475 0.53495528828 303.8616966844
0.00000000584 4.67866565270 88.7962442478
0.00000000461 0.55903469027 23.5758732361
0.00000000478 6.22340588748 5.4166259714
0.00000000426 5.25039648756 35.4247226521
0.00000000446 2.50203892379 905.8865797915
0.00000000441 4.26182840333 278.5194664497
0.00000000501 4.79995214429 306.830642101
0.00000000499 5.86243513978 293.188503436
0.00000000474 3.03117647100 286.596221297
0.00000000506 2.05350887377 373.0142209592
0.00000000410 5.30618889138 95.3885263868
0.00000000395 5.65591153137 284.1485407422
0.00000000478 2.41099809344 358.9301393095
0.00000000536 1.82605088834 114.1384744825
0.00000000383 5.54529609922 419.4846438752
0.00000000413 0.03790517946 103.0927742186
0.00000000368 4.08523828488 1589.0728952838
0.00000000370 1.82531607739 334.2904844904
0.00000000387 0.56619512225 602.9880909536
0.00000000482 5.58482619841 68.5618234438
0.00000000478 0.17223161797 120.358249606
0.00000000419 5.07107020071 367.9701020033
0.00000000342 5.27207825111 28.5718080822
0.00000000406 2.00845231847 679.2541622292
0.00000000381 4.61323929793 329.7251917809
0.00000000388 0.89083225227 483.2205421786
0.00000000376 1.28833260468 155.7829722581
0.00000000326 6.09139244001 456.3938392356
0.00000000300 5.11528183598 375.3924655448
0.00000000321 0.11320249807 69.3649725959
0.00000000299 6.03912323340 332.8060117821
0.00000000328 3.47252263966 73.4090004436
0.00000000283 1.81773059325 647.0108333148
0.00000000308 3.50107540223 30.7106720963
0.00000000278 3.85509473152 760.25553592
0.00000000293 5.44449244354 477.9157907918
0.00000000319 1.96492310465 543.0242872189
0.00000000275 1.82480767582 24.3790223882
0.00000000254 4.23529202563 391.1734682239
0.00000000248 2.17740648239 611.5861106627
0.00000000271 3.85067228463 209.3669421749
0.00000000245 1.04008534095 1332.4847706675
0.00000000248 6.19520746836 1134.1635287565
0.00000000317 5.60194689908 501.3797894433
0.00000000242 1.37720813333 121.2520214833
0.00000000234 0.50970508504 462.0229135281
0.00000000236 0.71434091094 233.9060232575
0.00000000319 4.24234798459 328.3525936572
0.00000000245 6.00685270776 295.1942410061
0.00000000224 2.04173820334 370.9390474199
0.00000000226 4.36158718577 269.9214467406
0.00000000222 5.32240209336 983.1158589136
0.00000000219 1.37802257893 302.0953396858
0.00000000301 5.70756404145 189.1807054807
0.00000000244 4.69736688026 316.3918696566
0.00000000267 0.15744446717 10213.285546211
0.00000000210 5.84976141374 147.1155165798
0.00000000224 3.04838385551 1439.5096981492
0.00000000267 2.78030672201 144.1465711632
0.00000000204 2.37388505075 275.5505210331
0.00000000229 2.33600590519 150.5264049811
0.00000000194 5.11344829807 1215.1649024473
0.00000000215 0.70130699540 45.5766510387
0.00000000198 3.20849122961 7.4223635415
0.00000000196 3.83527631644 46.2097904851
0.00000000195 6.08813214815 344.7030453079
0.00000000179 4.70649738298 518.6452648307
0.00000000176 3.72183112618 150.0844619964
0.00000000222 6.13768802796 6.2197751235
0.00000000174 1.87343899875 310.1720945331
0.00000000168 3.34209611420 173.9422195228
0.00000000192 0.41644241830 0.9632078465
0.00000000141 1.70340116374 531.1754378029
0.00000000149 3.99276635695 228.7982138268
0.00000000137 6.20556096334 369.4545747116
0.00000000145 3.96204016046 350.3321196004
0.00000000126 5.28560984253 329.8370663655
0.00000000132 4.51993002555 148.5999892881
0.00000000125 4.24716365077 248.7238180901
0.00000000131 4.06190440824 526.722019678
0.00000000120 4.08620475792 154.979823106
0.00000000134 3.16619358295 262.4778313397
0.00000000121 2.31292076167 232.0490435337
0.00000000125 4.25542060721 377.1588225434
0.00000000119 4.12193841810 404.6186649328
0.00000000130 6.09762672394 171.6545976624
0.00000000127 3.76800714166 369.0820676961
0.00000000100 2.65367785044 703.6331846174
0.00000000127 3.33536864400 149.0419322728
0.00000000116 4.77834673196 1289.9465010146
0.00000000096 2.47155169370 210.3301500214
0.00000000097 1.08835035283 156.1554792736
0.00000000108 3.07832539912 6133.5126528568
0.00000000108 2.03236554349 6283.0758499914
0.00000000100 4.75380350867 218.9281697305
0.00000000093 1.66567734962 668.2084619653
0.00000000097 0.64083375068 252.6559713532
0.00000000091 4.11478686503 166.828672522
0.00000000089 4.92738306385 353.301065017
0.00000000081 1.42684401779 831.1049812242
0.00000000084 2.75226196759 217.2312487011
0.00000000083 4.26421510316 383.0967133766
0.00000000098 0.58553892847 339.2864193365
0.00000000101 4.62998086587 756.3233826569
0.00000000079 5.79692522120 443.8636662634
0.00000000075 3.39046285130 447.2051186955
0.00000000076 0.11314255037 406.1031376411
0.00000000074 0.54434880673 33.1371007917
0.00000000075 2.44458975326 120.9913890524
0.00000000074 0.63126666381 335.7749571987