5.48129294297 0.0 0.0
0.09260408234 0.89106421507 74.7815985673
0.01504247898 3.62719260920 1.4844727083
0.00365981674 1.89962179044 73.297125859
0.00272328168 3.35823706307 149.5631971346
0.00070328461 5.39254450063 63.7358983034
0.00068892678 6.09292483287 76.2660712756
0.00061998615 2.26952066061 2.9689454166
0.00061950719 2.85098872691 11.0457002639
0.00026468770 3.14152083966 71.8126531507
0.00025710476 6.11379840493 454.9093665273
0.00021078850 4.36059339067 148.0787244263
0.00017818647 1.74436930289 36.6485629295
0.00014613507 4.73732166022 3.9321532631
0.00011162509 5.82681796350 224.3447957019
0.00010997910 0.48865004018 138.5174968707
0.00009527478 2.95516862826 35.1640902212
0.00007545601 5.23626582400 109.9456887885
0.00004220241 3.23328220918 70.8494453042
0.00004051900 2.27755017300 151.0476698429
0.00003354596 1.06549007380 4.4534181249
0.00002926718 4.62903718891 9.5612275556
0.00003490340 5.48306144511 146.594251718
0.00003144069 4.75199570434 77.7505439839
0.00002922333 5.35235361027 85.8272988312
0.00002272788 4.36600400036 70.3281804424
0.00002051219 1.51773566586 0.1118745846
0.00002148602 0.60745949945 38.1330356378
0.00001991643 4.92437588682 277.0349937414
0.00001376226 2.04283539351 65.2203710117
0.00001666902 3.62744066769 380.12776796
0.00001284107 3.11347961505 202.2533951741
0.00001150429 0.93343589092 3.1813937377
0.00001533221 2.58594681212 52.6901980395
0.00001281604 0.54271272721 222.8603229936
0.00001372139 4.19641530878 111.4301614968
0.00001221029 0.19900650030 108.4612160802
0.00000946181 1.19253165736 127.4717966068
0.00001150989 4.17898916639 33.6796175129
0.00001244347 0.91614441731 2.4476805548
0.00001072013 0.23566016888 62.2514255951
0.00001090463 1.77501500531 12.5301729722
0.00000707935 5.18291670033 213.299095438
0.00000653376 0.96587864431 78.7137518304
0.00000627570 0.18209040157 984.6003316219
0.00000524485 2.01275350435 299.1263942692
0.00000559396 3.35768635981 0.5212648618
0.00000606847 5.43209889250 529.6909650946
0.00000404897 5.98690517582 8.0767548473
0.00000467183 0.41482520325 145.1097790097
0.00000471311 1.40661608158 184.7272873558
0.00000483226 2.10553218341 0.9632078465
0.00000395569 5.87037914022 351.8165923087
0.00000433527 5.52141037763 183.2428146475
0.00000309843 5.83301863492 145.6310438715
0.00000378642 2.34989391811 56.6223513026
0.00000399033 0.33796522578 415.5524906121
0.00000300392 5.64355207373 22.0914005278
0.00000249230 4.74621772167 225.8292684102
0.00000239311 2.35072447972 137.0330241624
0.00000294103 5.83919833199 39.6175083461
0.00000216450 4.77807782477 340.7708920448
0.00000251784 1.63692846797 221.3758502853
0.00000219624 1.92233630317 67.6680515665
0.00000202019 1.29693040688 0.0481841098
0.00000224105 0.51589500446 84.3428261229
0.00000216563 6.14217553245 5.9378908332
0.00000222605 2.84314245655 0.2606324309
0.00000207907 5.58012637880 68.8437077341
0.00000187520 1.31927606520 0.1600586944
0.00000199306 0.95648612651 152.5321425512
0.00000158075 0.73795262538 54.1746707478
0.00000168606 5.87865394974 18.1592472647
0.00000170326 3.67712574811 5.4166259714
0.00000193647 1.88800957346 456.3938392356
0.00000193051 0.91616617785 453.424893819
0.00000181991 3.53625031273 79.2350166922
0.00000173102 1.53869634445 160.6088973985
0.00000164483 1.42390725018 106.9767433719
0.00000171940 5.67948631369 219.891377577
0.00000162805 3.05027759814 112.9146342051
0.00000146659 1.26296726443 59.8037450403
0.00000139276 5.38697273752 32.1951448046
0.00000138636 4.25998533357 909.8187330546
0.00000143058 1.29980453870 35.4247226521
0.00000123986 1.37489956563 7.1135470008
0.00000104582 5.02793726187 0.7507595254
0.00000103295 0.68145096277 14.977853527
0.00000094957 0.90678215577 74.6697239827
0.00000082948 2.92800368384 265.9892934775
0.00000110403 2.02666475709 554.0699874828
0.00000094433 3.94271122207 74.8934731519
0.00000080072 1.01583506701 6.592282139
0.00000109576 5.70572405893 77.962992305
0.00000085946 1.70581556772 82.8583534146
0.00000103799 1.45794315266 24.3790223882
0.00000074661 4.63178804642 69.3649725959
0.00000079813 3.00965058125 297.6419215609
0.00000084490 0.36886722094 186.2117600641
0.00000088657 0.52498114072 181.7583419392
0.00000070368 1.18984702891 66.70484372
0.00000069971 0.87463619381 305.3461693927
0.00000070082 3.75845990682 131.4039498699
0.00000084350 5.88592009032 256.5399405065
0.00000074493 6.24238684280 447.7958195265
0.00000062454 0.16868402018 479.2883889155
0.00000072904 2.84891153624 462.0229135281
0.00000069205 4.43939850837 39.3568759152
0.00000076729 4.58716659215 6.2197751235
0.00000073423 4.27591432865 87.3117715395
0.00000055577 1.49804110443 71.6002048296
0.00000057315 1.63007488533 143.6253063014
0.00000061674 3.18616775231 77.2292791221
0.00000057668 3.67128264895 51.2057253312
0.00000050352 1.12355398826 20.6069278195
0.00000053720 5.51853172042 128.9562693151
0.00000057895 2.66869216910 381.6122406683
0.00000058089 1.58635213310 60.7669528868
0.00000045390 0.48027056949 14.0146456805
0.00000037513 6.06768205316 211.8146227297
0.00000038565 3.43547372715 153.4953503977
0.00000046085 4.36220351003 75.7448064138
0.00000040220 4.57551863155 46.2097904851
0.00000034314 2.93858938870 140.001969579
0.00000038754 5.59046474201 99.1606209555
0.00000034864 1.02877681340 203.7378678824
0.00000040016 0.69893479575 218.4069048687
0.00000032562 4.21895389367 200.7689224658
0.00000031889 5.50965372046 72.3339180125
0.00000041668 3.82449219367 81.0013736908
0.00000034668 0.39221757952 1.3725981237
0.00000039741 6.05490168728 293.188503436
0.00000027545 2.18754130148 125.9873238985
0.00000036328 1.66621808766 258.0244132148
0.00000035508 1.96672429313 835.0371344873
0.00000035373 3.72274050162 692.5874843535
0.00000027364 2.10315692995 209.3669421749
0.00000026442 4.48298644364 373.9079928365
0.00000034517 1.08687838842 191.2076949102
0.00000026317 3.63357788040 490.3340891794
0.00000029888 3.87365011384 259.5088859231
0.00000025926 0.54378574725 41.6444977756
0.00000027110 0.00478270361 28.5718080822
0.00000026313 5.81236674192 75.3028634291
0.00000034277 6.05545630018 275.5505210331
0.00000024315 3.18651202042 81.3738807063
0.00000029936 1.88789030410 269.9214467406
0.00000026242 6.20368166778 134.5853436076
0.00000022842 0.92857008471 288.0806940053
0.00000025216 5.43032747843 116.4260963429
0.00000027063 4.75299776159 41.1019810544
0.00000022706 0.53057453120 1514.2912967165
0.00000026480 4.77161377188 284.1485407422
0.00000021950 4.59091247537 404.5067903482
0.00000022022 1.84418065243 617.8058857862
0.00000024811 4.70901440561 378.6432952517
0.00000029040 0.17160028536 528.2064923863
0.00000020487 0.10247779138 195.1398481733
0.00000020726 5.62240737217 55.6591434561
0.00000025919 0.74700144605 278.5194664497
0.00000022824 3.58334799786 1.5963472929
0.00000021855 0.05691568897 173.9422195228
0.00000019045 2.30354999303 5.1078094307
0.00000020831 2.64115582292 105.4922706636
0.00000021849 5.87274563981 45.5766510387
0.00000021075 1.98176191313 114.3991069134
0.00000019306 2.84240229356 159.1244246902
0.00000019062 0.50604571692 67.3592350258
0.00000020431 3.77538635518 135.5485514541
0.00000017322 4.47827838578 120.358249606
0.00000020581 0.88703968592 255.0554677982
0.00000019339 1.48569403160 0.8937718773
0.00000021333 2.74458777210 28.3111756513
0.00000017629 4.09292272552 296.1574488526
0.00000015918 3.94524461273 17.5261078183
0.00000015556 0.92841352827 300.6108669775
0.00000016443 0.30879187235 30.7106720963
0.00000015248 4.93045860155 7.4223635415
0.00000019300 6.21959323869 329.8370663655
0.00000013876 0.56084534056 144.1465711632
0.00000016198 2.30318612128 344.7030453079
0.00000016033 0.19604773155 103.0927742186
0.00000014368 2.57751058848 230.5645708254
0.00000016807 4.93620648940 565.1156877467
0.00000017121 1.82016259921 294.6729761443
0.00000016827 0.27566510604 73.8183907208
0.00000015455 1.91556741732 96.8729990951
0.00000015814 3.86318315976 98.8999885246
0.00000011923 6.17587234615 44.7253177768
0.00000012446 6.22466345410 80.1982245387
0.00000013001 1.99483872260 27.0873353739
0.00000013180 3.43753711704 227.3137411185
0.00000011678 4.31505860166 426.598190876
0.00000014374 5.78359439943 1059.3819301892
0.00000015879 0.98454960135 6208.2942514241
0.00000011511 2.55846980442 19.1224551112
0.00000011193 1.74548073119 220.4126424388
0.00000011981 5.84355465210 13.3333221243
0.00000013333 5.39450805857 391.1734682239
0.00000012322 4.57477369077 23.5758732361
0.00000012847 1.77354298387 180.2738692309
0.00000011629 4.29071404978 142.4496501338
0.00000012214 2.44698830848 100.3844612329
0.00000012439 2.32661007670 80.7194894005
0.00000009770 0.39792836846 7.8643065262
0.00000013165 2.74113201454 177.8743727859
0.00000012265 5.42816045200 831.1049812242
0.00000010264 5.90199222998 74.5209661364
0.00000009317 3.75869700707 74.8297826771
0.00000012284 5.52145313445 74.2603337055
0.00000010682 4.00694729802 235.3904959658
0.00000009243 5.38488037675 20.4468691251
0.00000009458 2.60118467048 92.3077063856
0.00000009317 1.16483658243 74.7334144575
0.00000010786 1.88993609169 241.6102710893
0.00000010597 5.50467173303 187.6962327724
0.00000012035 6.02036249862 154.0166152595
0.00000009129 1.15458738606 0.6331394464
0.00000011708 6.25765865911 155.7829722581
0.00000012186 5.79479693025 1364.7280995819
0.00000010992 5.76674596450 628.8515860501
0.00000008531 5.17918037530 1.6445314027
0.00000008662 3.78046237096 74.9416572617
0.00000011225 1.30868548209 604.4725636619
0.00000010540 1.05897224519 291.7040307277
0.00000008443 3.52060391248 756.3233826569
0.00000010290 5.30499384790 75.0422309982
0.00000009591 1.64200163871 24.1183899573
0.00000008020 6.24545313293 543.0242872189
0.00000007796 5.23505740309 58.1068240109
0.00000008649 1.14271989382 74.6215398729
0.00000007793 4.00212500951 31.492569389
0.00000008915 3.63129999542 408.4389436113
0.00000007195 4.24369275612 110.2063212194
0.00000009545 2.00926809412 331.3215390738
0.00000008786 2.25836637388 451.9404211107
0.00000009768 0.10232823685 366.485629295
0.00000009075 1.63090160034 443.8636662634
0.00000007255 4.35305855248 88.1149206916
0.00000009482 1.43114303369 414.0680179038
0.00000007645 0.62076955028 50.4025761791
0.00000006836 5.12192858785 0.8031491521
0.00000006899 5.86240754958 339.2864193365
0.00000008125 0.45159535895 25.6028626656
0.00000006488 6.03171366016 1.2238402774
0.00000009108 2.41055572869 10138.5039476437
0.00000008139 0.21930359866 422.6660376129
0.00000007164 4.00283046264 157.6399519819
0.00000006393 4.47880072523 79.889407998
0.00000008039 2.10161085530 92.940845832
0.00000006773 1.38798529262 16.6747745564
0.00000006816 2.84724339946 142.1408335931
0.00000007788 5.86998158412 760.25553592
0.00000008380 2.33770107198 417.0369633204
0.00000007928 3.41948324447 7.7042478318
0.00000007235 0.50521045386 457.8783119439
0.00000007143 5.57879993926 4.7353024152
0.00000007379 0.47767694338 68.1893164283
0.00000006403 3.88657131997 74.0308390419
0.00000006101 1.65240727244 350.3321196004
0.00000006820 6.15375544111 67.8804998876
0.00000005994 2.36087653120 2.0057375701
0.00000006008 5.46469064027 48.7580447764
0.00000007020 0.13804863634 306.830642101
0.00000005720 1.49555002206 206.1855484372
0.00000006862 1.08055101709 465.9550667912
0.00000006413 5.07420793721 4.665866446
0.00000007804 3.98873608283 3.6233367224
0.00000005530 5.57878118094 2.9207613068
0.00000005519 3.38213279322 149.45132255
0.00000006111 1.95407755561 216.9224321604
0.00000006580 2.70993826910 329.7251917809
0.00000005835 3.99897551776 347.8844390456
0.00000005112 2.42454049536 342.2553647531
0.00000005533 2.83342316665 260.9933586314
0.00000005727 0.49154098031 0.3725070155
0.00000005395 2.78483514026 13.4933808187
0.00000006024 4.78785737004 558.0021407459
0.00000004903 1.76924594442 333.657345044
0.00000005381 5.71120333625 1.6969210294
0.00000005389 2.94075276200 9.4011688612
0.00000005042 5.47678294897 372.4235201282
0.00000005093 3.43101132912 518.6452648307
0.00000004766 5.34829276989 61.2882177486
0.00000005655 3.30309284254 0.6543913058
0.00000005566 0.44947190504 162.0933701068
0.00000005834 3.46697149482 55.1378785943
0.00000005656 1.23594821626 328.3525936572
0.00000005071 5.42033083225 977.4867846211
0.00000005719 0.66730329426 92.0470739547
0.00000005283 2.42272151430 58.319272332
0.00000005613 2.36101054919 6.9010986797
0.00000004853 1.27093959120 983.1158589136
0.00000005512 0.13294006611 149.6750717192
0.00000004693 1.85511154338 119.5069163441
0.00000004307 4.18173079985 90.8232336773
0.00000005957 1.73124132593 152.7445908723
0.00000005675 5.53546214308 1087.6931058405
0.00000004562 3.26460078185 89.7594520943
0.00000005594 5.75194360195 358.9301393095
0.00000004689 5.01733767973 43.1289704839
0.00000004424 0.97724627015 4.192785694
0.00000004012 1.08246444514 75.5323580927
0.00000005623 1.10387378290 66.9172920411
0.00000004048 1.94074496693 17.2654753874
0.00000004768 2.24189462905 986.0848043302
0.00000005213 1.36495122038 767.3690829208
0.00000004922 0.13742479140 0.8513332619
0.00000004342 5.33545538316 152.0108776894
0.00000003918 3.85162186106 2.2876218604
0.00000003931 1.70191687660 5.6290742925
0.00000004658 0.93863607366 267.4737661858
0.00000003895 5.87672991487 16.4623262353
0.00000005176 3.40869435646 1289.9465010146
0.00000004628 5.42648205428 16.04163511
0.00000005039 2.16699952281 367.9701020033
0.00000003775 0.59927848906 210.3301500214
0.00000005015 0.26807931893 403.1341922245
0.00000004535 2.90035619661 59.2824801785
0.00000004571 0.85791209853 969.6224780949
0.00000004201 5.12033927784 19.0105805266
0.00000004700 4.17550908523 130.4407420234
0.00000003694 0.75965712567 114.1384744825
0.00000003794 4.59731406975 25.8634950965
0.00000004019 4.98465691172 30.0562807905
0.00000004735 3.76713441227 373.0142209592
0.00000003635 3.20392753847 991.7138786227
0.00000004021 0.47038124299 387.2413149608
0.00000003443 5.20975249527 894.8408795276
0.00000003304 2.01134489744 286.596221297
0.00000003315 3.98568908785 264.5048207692
0.00000003280 5.46909245799 192.6921676185
0.00000004481 6.15510814040 173.6815870919
0.00000003302 1.63115447974 681.5417840896
0.00000003193 3.96514676020 146.3818033969
0.00000004000 1.40741532794 383.0967133766
0.00000003523 5.19259518595 97.4155158163
0.00000003844 3.60271287642 0.590700831
0.00000003183 4.15987875012 76.4785195967
0.00000003122 4.50195163590 1439.5096981492
0.00000003238 1.64548946107 214.7835681463
0.00000003543 4.15778489389 68.5618234438
0.00000002950 2.95792688293 120.9913890524
0.00000002904 3.69931078718 874.3940104025
0.00000003292 2.14601654518 253.5709950899
0.00000003225 2.56298661136 60.5545045657
0.00000003071 3.57595003388 117.9105690512
0.00000003237 4.80214981899 19.643719973
0.00000002780 0.65215559196 42.5382696529
0.00000003240 5.31726675118 546.956440482
0.00000003657 5.89905956226 16.1535096946
0.00000003547 2.76324444984 82.4858463991
0.00000003556 4.68368769233 593.426863398
0.00000003342 1.56467995408 312.4597163935
0.00000003437 4.95814102027 49.7212526229
0.00000003593 2.52079368833 22.8945496799
0.00000002672 2.41694469728 29.2049475286
0.00000002899 3.48228574147 95.3885263868
0.00000003102 1.42591645035 17.6379824029
0.00000003341 2.64162643824 771.3012361839
0.00000002547 6.10642153796 455.8725743738
0.00000002680 1.16873928613 477.8039162072
0.00000003335 3.01819753318 88.7962442478
0.00000003356 3.09879595032 552.5855147745
0.00000002947 0.32015414114 150.5264049811
0.00000002678 1.42841144096 1.1119656928
0.00000002540 1.94053883528 6.4804075544
0.00000002953 4.59498573141 167.0893049529
0.00000002746 1.93558791594 73.1852512744
0.00000002491 2.97226347553 453.9461586808
0.00000003051 1.91972740209 561.1835344836
0.00000002999 1.37948475539 365.0011565867
0.00000002491 5.45961727666 66.1835788582
0.00000002845 1.23683883276 32.2433289144
0.00000002318 1.14709996164 43.2408450685
0.00000002591 1.46851525197 33.1371007917
0.00000003188 4.01290993082 555.5544601911
0.00000002341 5.87022529526 228.276948965
0.00000002507 3.85921708605 104.0077979553
0.00000002825 1.55599717119 353.301065017
0.00000002823 3.60128149001 42.5864537627
0.00000002911 5.22123493517 73.4090004436
0.00000002269 3.31411348054 4.1446015842
0.00000002243 2.66541975581 70.1157321213
0.00000002253 4.08061547423 123.5396433437
0.00000002576 2.38332773848 100.6450936638
0.00000002868 6.16611201949 101.8689339412
0.00000002760 5.71757499554 43.2890291783
0.00000002847 0.54976679257 20.4950532349
0.00000002944 2.79704642392 418.2608035978
0.00000002155 4.04509548705 47.061123747
0.00000002825 1.90768435934 273.1028404783
0.00000002529 4.12564642359 332.8060117821
0.00000002797 2.32758928903 404.6186649328
0.00000002040 2.01870191041 316.3918696566
0.00000002525 3.11718333411 905.8865797915
0.00000002021 5.48821446741 47.6942631934
0.00000002170 4.46196560050 2.7083129857
0.00000002399 3.78849518280 75.5847477194
0.00000002746 4.82558024832 6.8529145699
0.00000002471 3.46241291144 8.5980197091
0.00000001980 3.45572736554 472.1748419147
0.00000001968 5.79683846128 11.1575748485
0.00000001976 5.43505814122 199.2844497575
0.00000002285 2.79572464474 22.633917249
0.00000001913 0.27742491783 69.1525242748
0.00000002663 5.43112910549 3265.8308281325
0.00000002604 0.43662049730 439.782755154
0.00000002058 1.69376068077 65.8747623175
0.00000002121 2.00288263601 106.0135355254
0.00000002217 0.97212356159 39.0962434843
0.00000002003 1.49825259375 29.226199388
0.00000002225 4.36334040085 468.2426886516
0.00000002057 0.06201487399 205.2223405907
0.00000002086 0.44287700052 10.2949407385
0.00000001924 0.83899941456 254.9435932136
0.00000001770 4.32048805830 0.457574387
0.00000001973 6.05836685033 78.4049352897
0.00000001852 6.19975101768 258.8757464767
0.00000002095 5.80179588658 486.4019359163
0.00000002207 5.18886333203 134.0640787458
0.00000002085 5.35829244404 908.3342603463
0.00000001887 6.20764466965 198.321241911
0.00000002147 1.40526642648 526.722019678
0.00000002085 2.55047290838 49.5088043018
0.00000001634 3.36868035546 118.0224436358
0.00000001729 1.99202140996 77.0692204277
0.00000001772 0.04590477856 334.2904844904
0.00000001844 2.97451465787 178.7893965226
0.00000001730 2.01735784062 142.6620984549
0.00000001597 1.60733571281 40.1600250673
0.00000001602 5.65898626013 175.1660598002
0.00000001668 1.53361997245 0.8300814025
0.00000001768 4.72713891115 32.7164096664
0.00000001731 5.53331362694 15.4991183888
0.00000001756 5.57550298818 522.5774180938
0.00000001762 2.61456701609 166.828672522
0.00000001558 3.43776574559 124.5028511902
0.00000001785 2.31713014156 290.2195580194
0.00000001878 1.08799780926 274.0660483248
0.00000001530 3.28602877385 820.0592809603
0.00000001540 6.11183693327 165.6048322446
0.00000001503 1.88793984015 303.8616966844
0.00000001637 0.10818716175 72.7758609972
0.00000001497 2.01776960009 150.0844619964
0.00000001575 5.25534001318 233.9060232575
0.00000001469 0.61918308468 1033.3583763983
0.00000001904 6.25182084377 162.8965192589
0.00000001398 3.41567259878 4.9959348461
0.00000001696 2.11496406243 189.7232222019
0.00000001641 0.88245154254 115.8835796217
0.00000001924 0.91450801831 1819.6374661092
0.00000001707 2.55772668001 1108.1399749656
0.00000001338 3.17269412566 362.8622925726
0.00000001430 3.73352970530 8.9068362498
0.00000001342 2.84242222704 55.7710180407
0.00000001366 4.00103358750 103.3534066495
0.00000001606 6.02754119794 31.2319369581
0.00000001693 1.52609075769 401.6497195162
0.00000001451 5.63277890051 129.9194771616
0.00000001390 0.22627586528 370.9390474199
0.00000001300 0.19222551672 81.8951455681
0.00000001280 0.62174224381 448.6895914038
0.00000001290 2.77107833656 63.6240237188
0.00000001712 2.16788442139 536.8045120954
0.00000001694 2.49962791661 441.2672278623
0.00000001644 2.41311982961 10.0824924174
0.00000001668 5.00711095329 79.5169009825
0.00000001629 5.55917656506 344.9636777388
0.00000001345 4.42619970902 189.1807054807
0.00000001252 5.92300780390 57.1436161644
0.00000001176 1.63172838154 84.1827674285
0.00000001322 0.24854997323 114.9416236346
0.00000001647 0.00195946885 491.5579294568
0.00000001383 5.72955320309 89.338760969
0.00000001421 4.26035410510 369.4545747116
0.00000001287 0.99537181009 14.6690369863
0.00000001412 5.18998440411 113.8778420516
0.00000001113 5.54145519770 403.0223176399
0.00000001484 1.03508883775 1215.1649024473
0.00000001391 1.49396068486 14.2270940016
0.00000001202 3.60264192173 480.7728616238
0.00000001113 4.80418427391 9.449352971
0.00000001428 1.57155860246 419.7452763061
0.00000001311 2.99755331991 458.8415197904
0.00000001438 6.10376597618 64.6991061499
0.00000001074 3.16426816293 54.3347294422
0.00000001387 2.78485990518 26.0235537909
0.00000001203 0.20627563214 0.5694489716
0.00000001347 5.57876007696 95.2284676924
0.00000001388 1.66409814967 240.3864308119
0.00000001269 2.37681963075 37.8724032069
0.00000001011 2.76310774823 80.4106728598
0.00000001003 2.79269932952 218.9281697305
0.00000001004 1.15611283525 384.0599212231
0.00000001009 2.43209796832 154.979823106
0.00000001326 0.99157908827 483.2205421786
0.00000001339 0.58791307654 476.4313180835
0.00000000989 3.31666847329 18.9100067901
0.00000001070 2.82291623041 616.3214130779
0.00000001257 1.51721661185 280.9671470045
0.00000001219 3.62982970433 106.2741679563
0.00000001276 4.73464701935 691.1030116452
0.00000001146 4.85249483698 1044.4040766622
0.00000001124 2.46295455688 326.8681209489
0.00000000980 6.04026702553 5.4690155981
0.00000001230 0.61713965835 237.6781178262
0.00000000922 0.36432013348 10.9338256793
0.00000001227 5.83120102521 63.847772888
0.00000000918 3.41111361461 375.3924655448
0.00000001262 5.69321383311 694.0719570618
0.00000001037 5.92126063748 4.8259251404
0.00000001148 5.35062584493 369.0820676961
0.00000001020 2.45414816467 147.1155165798
0.00000001217 3.63858890321 699.7010313543
0.00000000960 4.78383473840 93.9040536785
0.00000000993 3.39918521663 10.785067833
0.00000000879 3.42965236315 3.0808200012
0.00000001109 4.80576232812 6133.5126528568
0.00000001004 3.13174510948 215.4379594521
0.00000000868 2.87444546307 15.1903018481
0.00000001167 6.01716139063 377.1588225434
0.00000000967 2.51117953936 121.8427223143
0.00000000857 5.69539341636 141.6988906084
0.00000001180 2.37522177893 33.9402499438
0.00000000961 0.22181374419 0.9150237367
0.00000000901 4.21763792004 488.8496164711
0.00000000999 2.76968761861 148.5999892881
0.00000001007 3.44301576832 36.9091953604
0.00000000838 1.63355479706 2.3358059702
0.00000001055 5.32670142035 308.3151148093
0.00000001043 1.72678741786 438.2982824457
0.00000000809 0.77488827280 2043.9822618111
0.00000000966 5.97805325335 606.7601855223
0.00000000826 2.97722608735 62.7726904569
0.00000000989 4.44879184782 406.1031376411
0.00000000842 4.09747897628 140.6563608848
0.00000001020 5.13250756040 157.2674449664
0.00000000797 3.10995123049 93.7921790939
0.00000001075 2.48259317920 405.9912630565
0.00000000944 1.16305712399 82.2039621088
0.00000000917 4.89097024007 12.0089081104
0.00000000883 2.36224385140 3.7720945687
0.00000001020 3.90895442648 194.2885149114
0.00000000772 3.14155617772 248.4631856592
0.00000001067 4.11262597752 141.4864422873
0.00000000982 1.66627917034 40.5807161926
0.00000000818 5.48402326753 252.6559713532
0.00000000843 0.97496001006 73.88782669
0.00000000846 3.36344025893 40.8413486235
0.00000001017 2.65138157720 477.9157907918
0.00000000727 2.75669289381 703.6331846174
0.00000000772 4.96057719406 661.0949149645
0.00000001013 4.06561496066 76.154196691
0.00000000770 0.58191520313 97.6761482472
0.00000000782 4.43864011717 295.1942410061
0.00000000933 1.26735157121 624.919432787
0.00000000742 2.20772577601 1171.875873269
0.00000000785 0.09340179162 440.6822725257
0.00000000790 0.78895659697 11.848849416
0.00000000801 5.48034970397 21.9795259432
0.00000000717 4.97342005598 425.1137181677
0.00000000948 3.14533047586 833.552661779
0.00000000963 4.82532331563 1744.8558675419
0.00000000811 6.14174773500 184.9879197867
0.00000000683 3.19990811010 31.6526280834
0.00000000887 4.21473602061 778.4147831847
0.00000000683 2.71571995972 685.4739373527
0.00000000878 4.69541024930 81.682697247
0.00000000897 3.94746491465 75.6753704446
0.00000000744 4.00270623421 902.7051860538
0.00000000825 4.24768237924 1246.6574718363
0.00000000673 2.56327330773 109.3125493421
0.00000000670 5.39020598872 610.6923387854
0.00000000835 3.65058253628 14.8177948326
0.00000000703 3.32025655236 25.0603459444
0.00000000653 5.83345039162 86.6304479833
0.00000000657 1.73039905547 216.4804891757
0.00000000737 2.66162027091 363.5166838784
0.00000000652 3.21433113908 207.8824694666
0.00000000632 5.31163153800 180.1619946463
0.00000000751 1.05682418871 916.9322800554
0.00000000858 0.07715076892 156.1554792736
0.00000000633 4.98330418733 958.576777831
0.00000000651 6.22872888278 69.6737891366
0.00000000617 1.32204773700 193.655375465
0.00000000789 5.67161089073 280.003939158
0.00000000815 3.68454632935 411.620337349
0.00000000668 1.92099734116 37.611770776
0.00000000643 0.26372916234 217.2312487011
0.00000000648 5.91545920656 302.0953396858
0.00000000786 1.22164212539 490.0734567485
0.00000000730 0.75877218619 44.0921783304
0.00000000662 2.70374442339 469.1364605289
0.00000000616 5.68826448465 25.2727942655
0.00000000708 0.65048856186 14.5571624017
0.00000000680 0.50483861507 1057.8974574809
0.00000000741 4.39625712898 184.0941479094
0.00000000616 4.62035066985 12.2695405413
0.00000000578 1.51577770689 668.2084619653
0.00000000574 3.07628710998 285.1117485887
0.00000000658 3.16493349809 268.4369740323
0.00000000599 2.08313007917 149.3025647037
0.00000000778 4.44580465697 171.6545976624
0.00000000702 2.56984201593 621.7380390493
0.00000000593 1.51837555428 397.3932433474
0.00000000651 2.27936792883 49.1787359017
0.00000000558 0.37741292307 107.4980082337
0.00000000559 0.82035344351 541.5398145106
0.00000000579 2.66384618570 823.9914342234
0.00000000738 3.04661280921 131.9252147317
0.00000000661 3.46706982545 105.380396079
0.00000000550 3.56043970960 497.4476361802
0.00000000552 2.93525507111 34.2008823747
0.00000000570 5.61286873129 118.8737768977
0.00000000611 3.52382599505 149.4031384402
0.00000000538 0.46786259161 133.1008708993
0.00000000581 3.06975609659 137.5542890242
0.00000000699 2.57905086244 602.9880909536
0.00000000529 5.41517154207 450.9772132642
0.00000000572 0.49705877254 331.2096644892
0.00000000567 4.82584789901 842.1506814881
0.00000000600 5.83868295988 181.0557665236
0.00000000545 2.85574498347 61.448276443
0.00000000591 5.51829236048 140.9651774255
0.00000000624 0.70843752821 836.5216071956
0.00000000638 3.99812366414 136.0698163159
0.00000000623 5.84341335790 52.8020726241
0.00000000576 0.33426283342 139.4807047172
0.00000000588 0.05694902672 95.931043108
0.00000000516 2.19916574088 458.090760265
0.00000000640 6.23103740957 10063.7223490764
0.00000000583 2.01801609392 449.2802922348
0.00000000541 3.38817907552 252.0865223816
0.00000000674 1.68032765593 149.0419322728
0.00000000537 2.96196069752 73.1370671646
0.00000000508 2.53212989919 41.7563723602
0.00000000524 6.13250235908 1589.0728952838
0.00000000630 0.72006810767 513.079881013
0.00000000536 5.79291762554 282.6640680339
0.00000000582 0.49661830540 283.6272758804
0.00000000589 6.24054791700 29.7956483596
0.00000000465 0.25511403173 57.255490749
0.00000000581 4.76285550074 479.4002635001
0.00000000534 2.40031010789 393.4610900843
0.00000000499 1.70080029975 262.4778313397
0.00000000574 2.86244729074 170.7608257851
0.00000000564 1.20364214586 832.5894539325
0.00000000556 4.40198802843 196.6243208816
0.00000000566 0.34311426390 343.4792050305
0.00000000530 3.45607265169 450.4559484024
0.00000000443 3.98624215251 135.336103133
0.00000000558 6.06570955170 76.3779458602
0.00000000565 4.90824100099 463.5073862364
0.00000000519 3.93421845882 460.5384408198
0.00000000462 4.19010570010 271.4059194489
0.00000000474 4.61013000511 291.262087743
0.00000000515 2.23857274690 228.7982138268
0.00000000436 6.22400798387 149.6113812444
0.00000000499 3.72703652941 853.196381752
0.00000000436 5.07972033661 79.4474650133
0.00000000426 2.17011428925 119.3950417595
0.00000000540 1.04610917716 446.3113468182
0.00000000423 1.23352648155 357.4456666012
0.00000000484 2.83311091436 400.1652468079
0.00000000547 0.55236729498 241.8709035202
0.00000000436 3.63014811867 149.5150130248
0.00000000435 1.21235386124 911.3032057629
0.00000000506 1.59810782706 54.2865453324
0.00000000468 0.00162187872 232.4215505492
0.00000000450 6.04091895999 1894.4190646765
0.00000000426 4.89607718517 116.5379709275
0.00000000405 6.24550564728 149.723255829
0.00000000552 0.23040562733 829.6205085159
0.00000000517 2.70015186737 412.5835451955
0.00000000406 2.04699110555 232.0490435337
0.00000000409 4.02096236368 735.8765135318
0.00000000464 3.82915340503 1094.5460204104
0.00000000554 3.92724998283 416.7763308895
0.00000000478 0.23337342897 1182.9215735329
0.00000000455 4.41056074117 754.8389099486
0.00000000425 0.19362570317 310.1720945331
0.00000000405 0.08637530483 18.9623964168
0.00000000505 4.18178166641 449.4927405559
0.00000000391 0.09596077147 1097.0942747017
0.00000000486 4.60822193064 442.7517005706
0.00000000447 0.56825354381 758.7710632117
0.00000000406 3.80066885794 34.5309507748
0.00000000543 2.80897788326 514.5643537213
0.00000000394 0.82400691137 337.8019466282
0.00000000498 1.11991750513 154.2984995498
0.00000000526 5.35729655960 838.218528225
0.00000000396 6.00531185948 246.9787129509
0.00000000436 3.61896813250 229.0800981171
0.00000000419 0.90546729320 451.7279727896
0.00000000394 4.86493280924 1404.0849754971
0.00000000505 4.80928477681 155.5010879678
0.00000000437 1.36909044697 745.277682393
0.00000000472 3.61944685312 679.2541622292
0.00000000465 5.53770634513 494.2662424425
0.00000000415 3.01980670649 348.8476468921
0.00000000422 3.51871257208 706.8145783551
0.00000000354 4.06294331463 124.2904028691
0.00000000350 0.69344344427 742.9900605326
0.00000000400 0.28819545975 407.5876103494
0.00000000436 3.13753022197 168.5737776612
0.00000000461 4.10342065247 27.7204748203
0.00000000353 2.94674365806 806.725958836
0.00000000364 3.07518732480 442.639825986
0.00000000482 1.48698198058 149.8238295655
0.00000000397 2.65695336615 464.4705940829
0.00000000348 5.78081905496 1265.5674786264
0.00000000422 1.93225903819 474.9468453752
0.00000000352 4.04751614480 180.7951340927
0.00000000458 4.95302010209 619.2903584945
0.00000000358 0.16212320594 1190.7858800591
0.00000000356 3.19289330603 21.1976286505
0.00000000406 3.72223708907 3116.2676309979
0.00000000341 3.05116722794 15.7810026791
0.00000000352 2.38001884804 511.5954083047
0.00000000376 3.67717394221 328.2407190726
0.00000000370 0.17259001853 6531.661656265
0.00000000378 4.72535454314 30.5987975117
0.00000000456 0.83406682485 674.8007441043
0.00000000376 5.91068811321 1617.3840709351
0.00000000392 1.90856045571 25863.55834587229
0.00000000332 0.85733579829 749.2098356561
0.00000000321 2.59404134515 1300.9922012785
0.00000000444 0.92962461992 98.3574718034
0.00000000338 4.15717957485 21.1494445407
0.00000000317 3.90481203904 38.6061163898
0.00000000346 1.30799145303 321.7603115182
0.00000000387 3.06870543578 1012.9115072732
0.00000000324 6.11165016338 696.5196376166
0.00000000335 1.33853903231 172.4577468145
0.00000000314 4.56810921721 1681.1199692385
0.00000000310 5.02963877803 1811.773159583
0.00000000382 5.26829613655 67.0773507355
0.00000000394 4.26717713334 304.2342036999
0.00000000406 3.58469900333 26013.1215430069
0.00000000309 2.68348239684 248.7238180901
0.00000000372 1.99921282497 192.8040422031
0.00000000370 4.11260458857 239.1625905345
0.00000000299 3.96468960950 20277.0078952874
0.00000000305 6.24476771738 501.3797894433
0.00000000298 2.73915352450 143.9341228421
0.00000000362 5.98792551264 920.8644333185
0.00000000298 3.52867456736 21.4582610814
0.00000000375 5.43269388058 625.9945152181
0.00000000331 2.33574542436 229.4526051326
0.00000000370 3.51055181581 91.4563731237
0.00000000308 5.60489714954 445.3481389717
0.00000000317 4.34771147014 217.4436970222
0.00000000294 6.15987510624 19.9737883731
0.00000000414 4.81163687199 589.4947101349
0.00000000302 5.26079338050 27.5604161259
0.00000000372 2.20287549079 44.070926471
0.00000000390 1.77880995993 419.4846438752
0.00000000371 0.30454914535 6283.0758499914
0.00000000292 0.17009533973 455.6601260527
0.00000000370 2.48289171331 376.1956146969
0.00000000315 2.97527331738 236.8749686741
0.00000000319 4.13089051068 81.2620061217
0.00000000290 2.63347600042 454.1586070019
0.00000000300 1.28922027378 799.6124118352
0.00000000350 4.25460254325 227.5261894396
0.00000000289 6.12627198170 132.8884225782
0.00000000360 3.48063709609 44.6134431922
0.00000000393 5.12508976370 3192.5337022735
0.00000000365 0.55471648096 285.6330134505
0.00000000311 3.56801685990 288.7350853111
0.00000000333 4.95319798125 881.5075574033
0.00000000385 4.98242164368 572.2292347475
0.00000000339 5.65360136491 195.7729876197
0.00000000363 0.98999016221 839.7030009333
0.00000000386 3.32408807296 25939.82441714789
0.00000000289 3.00353602984 204.7010757289
0.00000000374 0.90849814157 549.7284439425
0.00000000321 1.65412170860 90.2807169561
0.00000000383 3.00200467817 551.2129166508
0.00000000279 4.06882632435 904.1896587621
0.00000000366 6.15032242763 491.8185618877
0.00000000341 3.73123892015 452.4616859725
0.00000000360 3.29825671883 104.5290628171
0.00000000319 5.57991791116 459.3627846522
0.00000000386 4.71096019501 901.9544265284
0.00000000296 2.33233720412 89.5993933999
0.00000000348 0.93025072898 29.7474642498
0.00000000308 1.48912863494 1530.8060125785
0.00000000272 2.84186859971 2045.4667345194
0.00000000327 2.25624475244 272.5815756165
0.00000000333 3.58076165959 428.0826635843
0.00000000349 2.34615857088 6069.7767545534
0.00000000278 5.33956009504 335.7749571987
0.00000000270 5.72961044984 450.1740641121
0.00000000282 2.51807549695 156.043604689
0.00000000334 3.79230663769 697.8071683688
0.00000000270 0.49362216969 320.3240229197
0.00000000321 0.71639963302 320.2758388099
0.00000000296 2.51339170311 266.1011680621
0.00000000270 4.99754135777 309.2783226558
0.00000000265 3.33672155263 639.897286314
0.00000000324 5.54296698387 1507.1777497157
0.00000000282 0.62853626574 263.962304048
0.00000000366 5.89950070572 268.9582388941
0.00000000285 4.23006264357 177.3049238143
0.00000000347 4.70852082400 282.1428031721
0.00000000332 0.76535923530 50.66320861
0.00000000284 2.87061321749 883.7951792637
0.00000000333 6.24087751277 563.6312150384
0.00000000363 3.29320353192 378.9039276826
0.00000000336 3.79029047358 9999.986450773
0.00000000259 4.37287015895 1310.3933701397
0.00000000255 4.84760640021 229.7614216733
0.00000000286 3.72531001807 230.9370778409
0.00000000332 2.36777399155 2274.5468326365
0.00000000325 5.91384585098 9990.4252232174
0.00000000260 5.92834225229 455.0694252217
0.00000000274 0.53976988872 380.2396425446
0.00000000319 4.92433309582 1140.38330388
0.00000000259 3.15728798274 454.7493078329
0.00000000293 3.80820074659 194.1766403268
0.00000000264 0.34153729395 1193.9672737968
0.00000000296 2.31655276454 422.7142217227
0.00000000303 0.17738702664 384.5811860849
0.00000000285 1.29732672572 25.1297819136
0.00000000251 1.67282111226 447.2051186955
0.00000000251 3.03412113376 117.3198682202
0.00000000326 1.68159391466 161.7208630913
0.00000000248 5.85392046839 229.340730548
0.00000000258 5.02749399426 406.954470903
0.00000000264 6.15508431133 1385.174968707
0.00000000276 1.57831452320 336.8387387817
0.00000000264 2.90833578247 75.1541055828
0.00000000284 5.70644286377 92.4195809702
0.00000000273 3.78780023228 380.0158933754
0.00000000252 2.00771359511 85.9391734158
0.00000000255 5.06133623645 102.523325247
0.00000000257 1.34131613295 304.1223291153
0.00000000244 2.73811369909 445.7206459872
0.00000000265 3.02540121790 454.7974919427
0.00000000274 1.36882612211 188.6594406189
0.00000000239 5.33018322578 293.7097682978
0.00000000235 5.60412059654 437.6438911399
0.00000000276 5.62363398057 187.1749679106
0.00000000278 3.81695614226 31.5407534988
0.00000000292 4.64128185538 151.850818995
0.00000000314 3.86400459047 734.4557312983
0.00000000234 1.80885124531 1503.2455964526
0.00000000322 2.35445171313 122.4758617607
0.00000000258 6.05880184188 455.0212411119
0.00000000238 2.56020773425 170.0100662597
0.00000000232 4.77316690974 73.3453099688
0.00000000232 5.10057210704 263.0203480609
0.00000000240 2.99777840790 1147.4968508808
0.00000000281 4.15776226983 279.4826742962
0.00000000257 3.04913300739 436.8138097374
0.00000000235 3.02410451628 361.3778198643
0.00000000255 0.88643610795 418.5214360287
0.00000000264 1.89462495453 74.4090915518
0.00000000268 0.38577446389 444.2361732789
0.00000000222 4.53746462038 230.8252032563
0.00000000241 2.49671371454 548.2439712342
0.00000000239 4.41496531562 213.9534867438
0.00000000237 3.26466054351 535.9107402181
0.00000000220 0.41236373275 448.3170843883
0.00000000226 3.93834877953 754.0357607965
0.00000000237 2.40162775612 827.9235874865
0.00000000240 1.77900522919 380.3884003909
0.00000000224 0.05082919493 76.2178871658
0.00000000258 4.48552116447 551.1010420662
0.00000000278 4.63839965274 341.9947323222
0.00000000300 1.76109411385 371.5297482509
0.00000000287 3.90151164865 531.978586955
0.00000000274 1.99452951365 968.1380053866
0.00000000262 6.12295568294 311.2840602259
0.00000000264 5.76806626227 635.9651330509
0.00000000214 1.90097549431 208.8456773131
0.00000000221 5.73564108330 1136.4511506169
0.00000000279 2.40796258509 1670.0742689746
0.00000000247 4.10467533143 962.5089310941
0.00000000251 0.65896974227 423.6292454594
0.00000000273 4.48420386716 6060.2155269978
0.00000000284 1.98517323011 402.2191684878
0.00000000213 0.40391978805 197.7999770492
0.00000000271 3.29944247062 749.5823426716
0.00000000214 1.77108713711 358.4088744477
0.00000000212 1.30757526648 74.1484591209
0.00000000285 3.45237643998 299.7170951002
0.00000000215 0.11685291153 893.3564068193
0.00000000226 4.36569336172 450.7165808333
0.00000000285 0.89336265206 81.6345131372
0.00000000276 2.67678282261 310.9752436852
0.00000000237 4.64910992307 385.7568422525
0.00000000233 5.39644711520 245.5424243524
0.00000000266 0.21523688619 148.8124376092
0.00000000222 1.64662422921 76.42612997
0.00000000271 2.94530770298 763.4369296577
0.00000000209 5.56347456206 78.9262001515
0.00000000250 1.28952902548 421.1815649046
0.00000000254 2.61839399513 525.2375469697
0.00000000221 2.85700154975 104.5772469269
0.00000000235 0.29404113312 6057.2465815812
0.00000000213 1.81939118803 104.8378793578
0.00000000219 4.81031857297 377.6800874052
0.00000000239 4.14502038477 260.360219185
0.00000000259 6.22064928944 305.6068018236
0.00000000241 4.25260400494 1478.8665740644
0.00000000260 6.06592450487 586.3133163972
0.00000000215 2.19677481542 1321.4390704036
0.00000000240 6.18410669894 689.6185389369
0.00000000204 0.09387343234 945.2434557067
0.00000000219 0.49807555465 507.5995645668
0.00000000203 1.80599017081 1072.7152523135
0.00000000212 5.16316390795 256.4280659219
0.00000000262 2.82472906853 971.1069508032
0.00000000280 3.80946061981 67.9286839974
0.00000000212 3.61675003861 75.4147380137
0.00000000205 0.30735417946 461.1291416508
0.00000000222 3.52840777605 511.5317178299
0.00000000198 4.47397050345 289.5651667136
0.00000000271 3.44737698948 564.8550553158
0.00000000234 0.17593976046 251.1714986449
0.00000000199 4.86362206373 76.7873361374
0.00000000211 1.05544090440 257.3912737684
0.00000000214 3.97499500159 370.5665404044
0.00000000211 4.12360308875 695.5564297701
0.00000000196 3.96250134928 412.3710968744
0.00000000229 5.00491031721 103.9865460959
0.00000000242 5.74082244878 340.5102596139
0.00000000230 2.56838559117 147.5574595645
0.00000000208 3.79662225345 325.3836482406
0.00000000258 0.01795959348 2199.7652340692
0.00000000213 5.89130495905 170.1701249541
0.00000000267 0.78536095157 976.7360250957
0.00000000218 1.97075089989 569.0478410098
0.00000000257 1.38354609083 360.4146120178
0.00000000195 3.26824797258 984.7122062065
0.00000000251 4.87361192641 516.0488264296
0.00000000202 4.03331754714 187.2755416471
0.00000000223 0.97997805412 627.3671133418
0.00000000205 5.28074143210 223.3815878554
0.00000000224 5.24077049451 206.706813299
0.00000000260 5.90070113141 520.129737539
0.00000000188 1.49833733081 26.826702943
0.00000000205 5.05597552852 772.7857088922
0.00000000228 3.64861995308 367.5975949878
0.00000000237 2.97607548462 271.61836777
0.00000000224 1.25201508170 161.4120465506
0.00000000185 4.50042780818 224.8660605637
0.00000000236 5.41408651212 550.1378342197
0.00000000192 2.35024531733 236.1936451179
0.00000000237 3.66086044285 1106.6555022573
0.00000000225 1.66222054133 1366.2125722902
0.00000000193 3.01431831660 164.3809919672
0.00000000218 5.46588301502 1500.0642027149
0.00000000207 5.55969556391 332.6941371975
0.00000000208 4.68503146595 448.9714756941
0.00000000211 0.34453145739 980.6681783588
0.00000000217 3.70105940449 655.938921424
0.00000000190 1.69474626512 1031.87390369
0.00000000254 2.52997093206 58.1705144857
0.00000000242 4.63165125809 167.7224443993
0.00000000182 0.38822952347 249.9476583675
0.00000000229 2.97276294509 676.2852168126
0.00000000184 0.87882802865 947.6911362615
0.00000000203 3.17061034955 846.0828347512
0.00000000181 4.57548083160 343.2185725996
0.00000000250 3.61454066264 452.2010535416
0.00000000181 0.80505262570 168.3131452303
0.00000000187 0.91771297573 556.5176680376
0.00000000199 1.94637571303 253.4591205053
0.00000000191 0.61001202802 394.9455627926
0.00000000180 3.74457885445 1447.4263943021
0.00000000179 5.35660015345 122.0551706354
0.00000000231 6.22502194357 1610.2705239343
0.00000000240 6.03703834530 898.7730327907
0.00000000218 2.33495824686 623.4349600787
0.00000000181 1.91828280417 337.5894983071
0.00000000221 2.89138126660 238.9019581036
0.00000000209 1.03618779316 6212.2264046872
0.00000000213 1.02918228734 657.1627617014
0.00000000183 2.72582542773 332.1728723357
0.00000000204 4.67512756150 377.4194549743
0.00000000205 5.62140485721 388.4651552382
0.00000000219 2.76359711762 561.8861098992
0.00000000212 3.46768338211 181.6464673546
0.00000000211 4.59763685784 1109.6244476739
0.00000000212 2.99004198457 559.6990617753
0.00000000174 2.21353674595 887.7273325268
0.00000000173 1.74529912106 365.149914433
0.00000000174 2.45391768476 1332.4847706675
0.00000000240 4.85443977637 761.7400086283
0.00000000178 0.05006039446 941.3113024436
0.00000000195 2.37804209176 444.8268741099
0.00000000242 4.29915867363 6244.9428143536
0.00000000172 3.87569337913 389.6889955156
0.00000000188 2.26967965211 90.9351082619
0.00000000217 1.72840709072 10213.285546211
0.00000000221 3.92472409608 562.6680071919
0.00000000173 4.18722182816 247.8300462128
0.00000000174 2.94442479945 454.8611824175
0.00000000239 3.42577256015 188.2387494936
0.00000000174 6.14174672485 454.9575506371
0.00000000191 0.05959544276 429.7795846137
0.00000000199 4.06645118654 6204.362098161
0.00000000232 0.73635761605 525.7588118315
0.00000000190 3.21864199482 473.4623726669
0.00000000184 2.09184439155 262.8078997398
0.00000000204 2.53426014155 128.4350044533
0.00000000199 5.18040948653 517.4214245533
0.00000000169 3.32081675151 442.3791935551
0.00000000194 1.70394842618 454.6487340964
0.00000000174 0.92072543792 298.2326223919
0.00000000197 2.45889996723 10142.4361009068
0.00000000169 2.85071771667 182.279606801
0.00000000176 3.06802568810 594.9113361063
0.00000000170 1.61438641294 1512.8068240082
0.00000000181 5.54852777620 388.2045228073
0.00000000205 2.42849105018 179.3106613844
0.00000000168 0.36331522083 597.3590166611
0.00000000233 4.13122108092 544.5087599272
0.00000000212 1.16230626511 268.6976064632
0.00000000164 4.16304107762 433.7117378768
0.00000000184 4.13171323402 78114.14622758799
0.00000000216 4.13270907264 375.6743498351
0.00000000164 3.48735100134 1521.4048437173
0.00000000166 3.69271105852 381.0909758065
0.00000000215 3.01465140857 3191.0492295652
0.00000000210 0.51797558404 987.7817253596
0.00000000196 1.96055142388 255.8373650909
0.00000000188 1.75260412819 9987.4562778008
0.00000000183 1.55394479952 545.2750258176
0.00000000162 3.53658533673 477.0007670551
0.00000000197 1.23651696009 873.1701701251
0.00000000228 5.72185284514 10175.1525105732
0.00000000221 1.65277750718 630.3360587584
0.00000000166 4.86610094513 1440.9941708575
0.00000000177 3.02796963506 5983.9494557222
0.00000000170 2.58560048709 1515.7757694248
0.00000000177 2.88506192589 240.125798381
0.00000000208 2.04949512692 302.3772239761
0.00000000189 5.82946378780 36.1754821775
0.00000000216 0.68196473963 1363.2436268736
0.00000000175 2.61001153558 885.4397106664
0.00000000210 2.65555515930 224.4566702865
0.00000000160 3.50517836979 150.31395666
0.00000000174 0.49467967031 369.9758395734
0.00000000188 5.48911204749 10134.5717943806
0.00000000191 5.68393131484 662.6430781476
0.00000000205 0.92509219538 548.4409131903
0.00000000206 6.10268880505 1054.9285120643
0.00000000185 0.91857524328 440.8947208468
0.00000000189 2.67822187732 2250.1678102483
0.00000000184 5.67663245346 409.9234163196
0.00000000207 3.01561723041 95.2766518022
0.00000000192 3.38477678765 141.1776257466
0.00000000175 3.98637627601 354.9979860464
0.00000000179 1.06144138645 455.1699989582
0.00000000185 1.48084539492 226.7924762567
0.00000000172 2.45526838627 398.2870152247
0.00000000203 4.82705125287 6737.9852165187
0.00000000159 3.62343847192 73.9784494152
0.00000000215 3.25584948597 125.1841747464
0.00000000205 0.77710214764 769.8167634756
0.00000000164 4.68848272913 6607.9277275406
0.00000000215 1.66517240781 118.0706277456
0.00000000164 0.87369484245 774.4826299216
0.00000000160 3.32460761773 138.5656809805
0.00000000161 2.52319991589 409.0720830577
0.00000000173 3.15899401917 70.0462961521
0.00000000158 0.06255653314 138.4693127609
0.00000000154 5.92679370788 224.2329211173
0.00000000166 4.16626167677 72.0732855816
0.00000000183 2.68426170572 838.0060799039
0.00000000193 1.38193725138 154.6710065653
0.00000000188 3.61481992714 517.1607921224
0.00000000189 0.66749483500 484.917463208
0.00000000203 2.66775880985 327.4375699205
0.00000000193 4.43470193645 832.0681890707
0.00000000159 0.56494121338 379.1645601135
0.00000000166 4.45048519194 9914.1591519418
0.00000000168 3.52621114631 464.9918589447
0.00000000196 6.24770073617 10668.1949127383
0.00000000151 5.72816916526 59.5912967192
0.00000000181 0.32013093352 421.2297490144
0.00000000205 6.02871481422 772.5887669361
0.00000000176 4.99216368664 123.0183784819
0.00000000160 1.37750465628 308.6876218248
0.00000000202 1.13801628591 508.6264628881
0.00000000177 3.63679025498 1291.4309737229
0.00000000151 1.15330259215 1116.0042814918
0.00000000178 4.93531001103 349.3689117539
0.00000000205 2.81769329338 225.3080035484
0.00000000182 0.91474840270 3189.5647568569
0.00000000156 2.37674956845 151.260118164
0.00000000154 2.76526452323 78263.70942472259
0.00000000162 5.62540185969 1123.1178284926
0.00000000182 0.63986108075 274.5873131866
0.00000000156 4.83915698384 753.1419889192
0.00000000167 6.27621577207 757.8078553652
0.00000000151 1.69627858213 325.9530972122
0.00000000149 2.40009261288 210.8514148832
0.00000000149 5.09330665926 509.0840372751
0.00000000179 0.93833237775 196.8367692027
0.00000000195 0.23272769710 984.4884570373
0.00000000147 2.15520667674 73.2489417492
0.00000000166 4.95085074433 276.9231191568
0.00000000194 5.71948163347 6136.4815982734
0.00000000148 1.50337825489 1525.3369969804
0.00000000205 0.81050821834 6171.6456884946
0.00000000195 5.02600286169 415.2918581812
0.00000000147 4.88804405947 683.0262567979
0.00000000168 4.68232587155 519.6084726772
0.00000000161 1.71491481543 277.146868326
0.00000000185 5.86240343650 1743.3713948336
0.00000000177 5.39738308693 25936.85547173129
0.00000000159 3.71583639802 6604.958782124
0.00000000152 3.76465336789 768.8535556291
0.00000000191 4.45675615557 340.8827666294
0.00000000147 6.01587695039 369.342700127
0.00000000148 1.70522713789 1523.6924655777
0.00000000144 1.19516771137 95.9792272178
0.00000000181 4.75684140426 71.1582618449
0.00000000145 3.15169720832 523.4711899711
0.00000000146 4.40646311724 2014.0265547571
0.00000000162 4.76511090288 245.4942402426
0.00000000195 1.45876037172 281.4884118663
0.00000000155 2.45354382334 557.0389328994
0.00000000149 2.09335099835 273.8536000037
0.00000000187 1.77504712447 995.6460318858
0.00000000151 3.12279980744 746.7621551013
0.00000000147 5.09554340545 466.7582159433
0.00000000172 1.42535111080 276.0717858949
0.00000000190 0.86480008000 10066.691294493
0.00000000154 2.07677643107 91.2439248026
0.00000000142 2.70241566553 1367.6970449985
0.00000000185 0.07257813358 548.6533615114
0.00000000140 2.61987335792 76.3142553854
0.00000000154 3.03571181321 714.6788848813
0.00000000169 5.57948514798 163.5778428151
0.00000000186 4.76535517241 197.257460328
0.00000000153 3.32414222326 138.4056222861
0.00000000167 5.32278498942 457.3570470821
0.00000000142 4.15791797624 156.6767441354
0.00000000151 4.34031737599 147.9668498417
0.00000000183 6.17032359307 132.5796060375
0.00000000138 2.13811958190 540.0553418023
0.00000000138 5.01289623723 144.8973306886
0.00000000167 2.14405503902 343.7398374614
0.00000000152 3.11015659760 1381.2428154439
0.00000000177 1.05125544318 586.377006872
0.00000000149 4.87184568681 130.552616608
0.00000000155 5.70008442904 115.6229471908
0.00000000149 4.33130158420 223.8235308401
0.00000000181 4.13770517410 267.5856407704
0.00000000154 2.83750308914 108.982480942
0.00000000163 2.53865234151 743.7932096847
0.00000000165 3.41287686341 247.2393453818
0.00000000151 2.20235595263 476.3194434989
0.00000000144 0.01781384847 164.5410506616
0.00000000130 2.21675074014 1596.9895914367
0.00000000139 1.43423426981 73.5577582899
0.00000000130 2.59858785273 317.8763423649
0.00000000151 0.90758816089 156.4642958143
0.00000000132 5.78977405289 262.0571402144
0.00000000150 3.82803929273 523.7530742614
0.00000000128 1.75773422282 77.7023598741
0.00000000129 2.46767229126 680.0573113813
0.00000000133 2.63453025078 973.554631358
0.00000000141 3.21657574370 710.7467316182
0.00000000135 4.39682615321 153.186533857
0.00000000164 0.99473913469 94.4253185403
0.00000000145 5.12015953658 677.7696895209
0.00000000126 1.32965975637 400.5746370851
0.00000000141 1.24113752853 460.8472573605
0.00000000133 4.61730809440 250.6020496733
0.00000000129 5.27547517603 88.274979386
0.00000000127 0.42170103072 913.7508863177
0.00000000163 4.54645286709 346.4481504471
0.00000000125 3.65991404025 191.3195694948
0.00000000145 2.22528076208 673.316271396
0.00000000126 4.73776902368 1063.3140834523
0.00000000134 1.14931407095 725.0914456988
0.00000000129 3.47362853744 1257.7031721002
0.00000000124 5.93939315836 354.7855377253
0.00000000136 2.59497163361 1119.1856752295
0.00000000154 0.69730597728 365.9006739584
0.00000000140 0.65543247220 73.0364934281
0.00000000146 2.80047542494 188.9200730498
0.00000000154 1.87714738928 164.1203595363
0.00000000125 2.18116740243 764.1876891831
0.00000000155 1.28214942977 148.1905990109
0.00000000132 0.29965207574 255.57673266
0.00000000125 1.04485712681 415.6643651967
0.00000000137 2.18373893649 765.8846102125
0.00000000127 2.93669188864 147.8662761052
0.00000000140 0.76860031410 273.1510245881
0.00000000142 4.10293143898 309.7995875176
0.00000000118 5.29215987279 346.1875180162
0.00000000118 5.64065029465 430.5303441391
0.00000000117 4.70740499014 346.3999663373
0.00000000159 3.17545315975 587.8614795803
0.00000000130 4.93752382941 112.3933693433
0.00000000123 2.01301867655 376.8769382531
0.00000000131 5.76525549509 75.4359898731
0.00000000152 4.20648305698 76.5267037065
0.00000000133 0.27916246107 221.1634019642
0.00000000115 6.26954994750 226.6324175623
0.00000000159 6.17088331412 269.0701134787
0.00000000114 3.58569184745 1048.3362299253
0.00000000152 2.72945581345 639.6366538831
0.00000000121 4.67661834370 1222.2784494481
0.00000000119 4.81856456066 73.4571845534
0.00000000125 0.74436796006 280.2163874791
0.00000000117 4.00334187137 107.918699359
0.00000000113 2.15393931454 303.0585475323
0.00000000128 0.04409162068 76.1060125812
0.00000000142 0.57614004948 246.4361962297
0.00000000138 5.48635616668 392.6579409322
0.00000000156 4.96860085576 552.6973893591
0.00000000112 4.31357868330 74.3240241803
0.00000000116 3.19955309317 71.8608372605
0.00000000112 0.38818418554 75.2391729543
0.00000000110 1.35277364690 376.9463742223
0.00000000152 0.76257718923 956.2891559706
0.00000000116 4.73215012461 1052.2683831884
0.00000000137 2.40893045020 488.5889840402
0.00000000121 4.23091725782 115.3623147599
0.00000000131 0.45681197732 1261.6353253633
0.00000000142 1.87324332430 175.4266922311
0.00000000128 2.98656300188 694.8382229522
0.00000000107 5.62518758086 582.3811631341
0.00000000134 4.02062578806 57.7980074702
0.00000000112 1.06960066812 481.7360694703
0.00000000106 1.01847069745 625.8826406335
0.00000000125 1.14766684530 688.4428827693
0.00000000110 1.50687781826 1083.7609525774
0.00000000122 3.47813324957 763.2244813366
0.00000000109 0.47991556990 143.3434220111
0.00000000109 2.37913722341 313.6835566709
0.00000000112 4.82305132773 323.5054166574
0.00000000133 3.91778366061 9988.9407505091
0.00000000117 5.79438398039 383.3091616977
0.00000000143 2.38142377439 355.7487455718
0.00000000104 6.22747103073 166.237971691
0.00000000125 0.93541375535 532.8723588323
0.00000000136 3.34772962822 624.5100425098
0.00000000111 2.80052858233 185.5786206177
0.00000000122 0.66856217536 499.895316735
0.00000000129 5.71746410559 388.7257876691
0.00000000124 0.47197488986 480.8847362084
0.00000000099 2.73963726422 469.7271613599
0.00000000135 0.43811617647 1286.0143477515
0.00000000118 5.62193572572 386.9806825299
0.00000000098 6.12967230866 1830.6831663731
0.00000000109 2.38141278301 73.9302653054
0.00000000131 5.44225511718 74.1272072615
0.00000000100 3.99996377183 313.9441891018
0.00000000097 0.80340713292 840.6662087798
0.00000000113 4.35141023213 904.4021070832
0.00000000108 1.53330326885 215.7467759928
0.00000000113 0.54441962592 1250.5896250994
0.00000000098 1.38351669708 1218.1338478639
0.00000000102 5.79129370115 65.3804297061
0.00000000106 3.94341216754 678.3603903519
0.00000000124 1.28838964889 664.1275508559
0.00000000099 0.02552769353 117.36805233
0.00000000131 2.67824794719 981.6313862053
0.00000000119 3.92954881851 6134.9971255651
0.00000000128 4.11821528752 632.7837393132
0.00000000110 3.43940323812 78.9743842613
0.00000000124 4.84054644412 1162.4747044078
0.00000000098 4.25775813209 199.8057146193
0.00000000125 2.27613295738 424.1505103212
0.00000000126 3.91634098527 26086.4186688659
0.00000000101 5.13619689570 915.4478073471
0.00000000113 4.93378111345 108.7218485111
0.00000000105 3.71144437242 107.0249274817
0.00000000125 5.71482360911 3339.1279539915
0.00000000097 5.84826276361 739.0579072695
0.00000000106 2.53486223474 76.0054388447
0.00000000111 1.67593033062 1002.7595788866
0.00000000105 3.08951960134 598.5346728287
0.00000000109 5.84626924359 51.8870488874
0.00000000115 4.28360700908 172.1971143836
0.00000000097 3.02476841325 669.0116111174
0.00000000104 3.79048221012 661.1586054393
0.00000000128 4.12077041398 537.3952129264
0.00000000119 5.28769603458 151.1595444275
0.00000000123 0.76717587470 566.600160455
0.00000000125 2.46093494660 686.958410061
0.00000000110 0.48706972538 367.8582274187
0.00000000091 1.20582179592 1134.1635287565
0.00000000127 5.92519293974 322.6116447801
0.00000000095 1.48492429003 70.5888128733
0.00000000105 1.25919493117 524.0618908021
0.00000000109 2.16321134153 506.3757242894
0.00000000096 5.79387198359 335.1418177523
0.00000000100 0.16435626060 1895.9035373848
0.00000000104 6.19360690877 150.3663462867
0.00000000127 2.12085008036 6206.8097787158
0.00000000116 1.93143384597 636.6677084665
0.00000000094 3.60705393791 1226.2106027112
0.00000000101 0.24474158501 170.7126416753
0.00000000091 2.18722199515 294.3004691288
0.00000000092 5.62416527287 798.1279391269
0.00000000115 0.61012607379 583.8656358424
0.00000000102 4.71122439335 924.0458270562
0.00000000089 5.21344736627 207.6700211455
0.00000000094 3.70231426761 63.2146334416
0.00000000091 3.75312295357 923.1520551789
0.00000000110 3.96973294508 154.5591319807
0.00000000109 1.01882208456 748.0978699633
0.00000000118 0.99881794452 134.3728952865
0.00000000090 0.41169241547 318.679491517
0.00000000107 3.76840018527 882.9920301116
0.00000000088 5.47502707027 70.6369969831
0.00000000088 0.90750547659 612.1768114937
0.00000000118 3.14225356391 37.1698277913
0.00000000106 5.71907464992 1101.0264279648
0.00000000092 1.60540815321 213.4109700226
0.00000000108 2.73050081078 73.0846775379
0.00000000091 0.73982044423 320.1639642253
0.00000000095 3.37355805725 190.665178189
0.00000000090 2.58787034269 75.5153117502
0.00000000102 2.92980359364 533.4630596633
0.00000000092 4.94283886398 1055.4497769261
0.00000000113 2.35541984980 176.6505325085
0.00000000098 6.04221644753 1357.6145525811
0.00000000086 2.90604124166 234.4967240885
0.00000000085 0.83669286935 301.4140161296
0.00000000098 0.85154630120 1131.1945833399
0.00000000112 0.92696951989 590.8304249969
0.00000000112 5.45918572076 705.1176573257
0.00000000101 4.26515214526 195.4004806042
0.00000000102 5.81318586612 1396.2206689709
0.00000000084 3.86583598631 913.0001267923
0.00000000101 0.14878503401 702.1487119091
0.00000000098 0.30973273548 12.1576659567
0.00000000094 5.53729042047 178.1350052168
0.00000000090 1.42741371964 592.2030231206
0.00000000103 3.56392656212 487.1045113319
0.00000000114 1.71224480179 216.2680408546
0.00000000098 6.12303086368 575.2676161333
0.00000000082 3.07432558693 315.1680293792
0.00000000099 0.95472771381 176.3899000776
0.00000000114 2.59949812888 75.6329318292
0.00000000091 5.72899997508 196.8849533125
0.00000000098 1.78363341484 259.769518354
0.00000000113 1.70438642876 150.9357952583
0.00000000081 6.19017012933 154.2290635806
0.00000000087 2.67929938770 539.0921339558
0.00000000080 2.38043346629 1053.7528558967
0.00000000084 3.41034232685 1349.7502460549
0.00000000088 0.14553753672 1062.3508756058
0.00000000092 0.39976274896 576.1613880106
0.00000000080 6.14901515198 515.463871093
0.00000000084 4.08795854193 323.2447842265
0.00000000079 3.44985050546 71.7007785661
0.00000000103 0.24719113679 395.105621487
0.00000000081 2.61930932018 623.2225117576
0.00000000079 0.90143680512 718.6110381444
0.00000000079 2.22415153671 74.0478853844
0.00000000092 2.57503576494 302.164775655
0.00000000094 4.13472590590 64.2571631652
0.00000000090 3.55225063298 495.9631634719
0.00000000097 5.23472340611 1112.0721282287
0.00000000088 5.01537308962 1297.8631971675
0.00000000090 1.32491876418 724.8308132679
0.00000000106 5.11210367902 74.1908977363
0.00000000084 2.69256231569 27.7417266797
0.00000000083 3.61925786724 514.7131115676
0.00000000080 4.91927269399 347.3631741838
0.00000000077 5.57198158633 74.9940468884
0.00000000082 2.22882573860 469.8872200543
0.00000000089 6.06487552896 75.3722993983
0.00000000078 3.25878759023 394.3548619616
0.00000000104 3.00022428298 532.6599105112
0.00000000079 4.37011833943 396.5419100855
0.00000000103 3.64560367439 540.7366653585
0.00000000082 4.43941220587 432.8179659995
0.00000000101 5.81737971094 658.1896600227
0.00000000097 2.59101775215 690.1398037987
0.00000000082 5.40861394405 529.57909051
0.00000000081 2.52312280794 384.9536931004
0.00000000076 4.43418522057 818.574808252
0.00000000081 0.95220782125 73.6696328745
0.00000000087 5.57227856660 6284.5603226997
0.00000000094 6.23547840274 305.7186764082
0.00000000075 4.35228806434 112.4939430798
0.00000000096 1.12909514630 123.960334469
0.00000000095 2.73244270397 934.1977554428
0.00000000097 4.75415372291 90.5626012464
0.00000000088 5.23693832326 434.6749457233
0.00000000076 4.86126967725 72.4939767069
0.00000000104 5.37590823539 543.9180590962
0.00000000091 1.04794288604 938.1299087059
0.00000000099 2.19698635547 1129.7101106316
0.00000000074 3.27934639338 89.0086925689
0.00000000100 4.59916398079 461.7622810972
0.00000000074 5.63493926040 233.533516242
0.00000000074 3.03606610688 1531.5567721039
0.00000000099 0.64774167845 554.1818620674
0.00000000084 3.14436294064 370.0452755426
0.00000000077 1.33778374453 1022.3126761344
0.00000000081 3.36096602483 292.0128472684
0.00000000081 4.15588604506 432.2272651685
0.00000000074 2.91359929208 302.7497309916
0.00000000092 5.11372489097 912.7876784712
0.00000000073 5.42920211703 539.2521926502
0.00000000081 5.25618688362 311.6565672414
0.00000000082 0.77806577612 591.9423906897
0.00000000074 0.16737907492 1374.1292684431
0.00000000077 3.20203134483 527.2432845398
0.00000000081 3.80903070318 75.8935642601
0.00000000097 4.67281118685 16.9835910971
0.00000000077 2.10541189728 139.1718881765
0.00000000091 4.67274741065 84.8640909847
0.00000000098 2.37249774428 566.3395280241
0.00000000082 2.16070758110 529.8028396792
0.00000000072 3.47566702228 1086.0485744378
0.00000000092 0.21608932947 1297.0600480154
0.00000000093 4.30059085579 224.9354965329
0.00000000086 3.02917299294 126.5085887603
0.00000000079 1.29816054687 683.9894646444
0.00000000095 2.46862196214 9917.1280973584
0.00000000076 2.48420575089 37.7123445125
0.00000000097 0.68274913158 207.3612046048
0.00000000096 4.16112194001 1042.9196039539
0.00000000071 6.04130834510 223.4510238246
0.00000000076 3.37676835926 502.8642621516
0.00000000084 3.24912782551 628.9634606347
0.00000000073 0.73113607430 390.4921446677
0.00000000071 4.64209882547 72.5463663336
0.00000000073 3.31815515601 356.2700104336
0.00000000072 2.60766427215 602.0248831071
0.00000000074 5.76600995478 1424.5318446222
0.00000000074 4.22820017237 1274.9686474876
0.00000000074 2.78217896807 1522.2079928694
0.00000000074 4.38596183925 1372.6447957348