19.21264847206 0.0 0.0
0.88784984413 5.60377527014 74.7815985673
0.03440836062 0.32836099706 73.297125859
0.02055653860 1.78295159330 149.5631971346
0.00649322410 4.52247285911 76.2660712756
0.00602247865 3.86003823674 63.7358983034
0.00496404167 1.40139935333 454.9093665273
0.00338525369 1.58002770318 138.5174968707
0.00243509114 1.57086606044 71.8126531507
0.00190522303 1.99809394714 1.4844727083
0.00161858838 2.79137786799 148.0787244263
0.00143706183 1.38368544947 11.0457002639
0.00093192405 0.17437220467 36.6485629295
0.00071424548 4.24509236074 224.3447957019
0.00089806014 3.66105364565 109.9456887885
0.00039009723 1.66971401684 70.8494453042
0.00046677296 1.39976401694 35.1640902212
0.00039025624 3.36234773834 277.0349937414
0.00036755274 3.88649278513 146.594251718
0.00030348723 0.70100838798 151.0476698429
0.00029156413 3.18056336700 77.7505439839
0.00020471591 1.55587964879 202.2533951741
0.00025620756 5.25656086672 380.12776796
0.00025785880 3.78537709870 85.8272988312
0.00022637073 0.72518687029 529.6909650946
0.00020473534 2.79640244248 70.3281804424
0.00017901300 0.55455066863 2.9689454166
0.00012328114 5.96037276805 127.4717966068
0.00014701666 4.90434516516 108.4612160802
0.00011494680 0.43772043395 65.2203710117
0.00015502375 5.35405396163 38.1330356378
0.00010792498 1.42106296264 213.299095438
0.00011695693 3.29824190199 3.9321532631
0.00011959076 1.75043392140 984.6003316219
0.00012896452 2.62154084288 111.4301614968
0.00011852959 0.99344161196 52.6901980395
0.00009111621 4.99633582839 62.2514255951
0.00008420792 5.25351368389 222.8603229936
0.00007448995 0.79495503123 351.8165923087
0.00008402384 5.03876467031 415.5524906121
0.00006046221 5.67958564987 78.7137518304
0.00005524411 3.11493320824 9.5612275556
0.00007329301 3.97276588872 183.2428146475
0.00005444570 5.10574758517 145.1097790097
0.00005238203 2.62960535651 33.6796175129
0.00004079523 3.22064116734 340.7708920448
0.00003801645 6.10982670905 184.7272873558
0.00003918728 4.25017709085 39.6175083461
0.00002940764 2.14649735789 137.0330241624
0.00003781197 3.45840366912 456.3938392356
0.00002942224 0.42392830457 299.1263942692
0.00003686324 2.48725993956 453.424893819
0.00003101496 4.14028619712 219.891377577
0.00002962643 0.82981906774 56.6223513026
0.00002937579 3.67652211319 140.001969579
0.00002864793 0.30998964462 12.5301729722
0.00002538110 4.85443168231 131.4039498699
0.00001962787 5.24326793681 84.3428261229
0.00002363719 0.44244699485 554.0699874828
0.00001978408 6.12838999163 106.9767433719
0.00002182603 2.94042519396 305.3461693927
0.00001963255 0.04114614586 221.3758502853
0.00001829781 4.01105197128 68.8437077341
0.00001642920 0.35558129224 67.6680515665
0.00001584876 3.16265838848 225.8292684102
0.00001848022 2.91116293131 909.8187330546
0.00001632263 4.23038575372 22.0914005278
0.00001402196 1.39106710150 265.9892934775
0.00001404021 5.63567908789 4.4534181249
0.00001656488 1.96436491067 79.2350166922
0.00001248478 5.44008558936 54.1746707478
0.00001563396 1.47919498164 112.9146342051
0.00001248513 4.88964506527 479.2883889155
0.00001197649 2.52152454056 145.6310438715
0.00001506943 5.24185420360 181.7583419392
0.00001481952 5.66201356223 152.5321425512
0.00001439115 1.53047702403 447.7958195265
0.00001408871 4.41921152932 462.0229135281
0.00001477003 4.32173218344 256.5399405065
0.00001228234 5.97697848866 59.8037450403
0.00001249895 6.24480493841 160.6088973985
0.00000906516 5.62013120164 74.6697239827
0.00001090686 4.15394319904 77.962992305
0.00000844827 0.12966056060 82.8583534146
0.00000900579 2.37303064621 74.8934731519
0.00001071649 1.74298201693 528.2064923863
0.00000689518 3.08087933344 69.3649725959
0.00000594010 4.50031730404 8.0767548473
0.00000718644 4.00028668863 128.9562693151
0.00000699874 0.03990034416 143.6253063014
0.00000575672 5.89553952415 66.70484372
0.00000758678 2.13693803170 692.5874843535
0.00000710274 5.41605211553 218.4069048687
0.00000548663 5.62811775865 3.1813937377
0.00000651756 4.42317051993 18.1592472647
0.00000539730 6.20779847549 71.6002048296
0.00000544899 5.69409543986 203.7378678824
0.00000710254 4.21967520209 381.6122406683
0.00000594034 3.83794153459 32.1951448046
0.00000709902 4.48962691884 293.188503436
0.00000705697 0.45518539160 835.0371344873
0.00000587851 5.08268227675 186.2117600641
0.00000598191 0.35792534475 269.9214467406
0.00000642152 2.71090806243 87.3117715395
0.00000495640 2.65111742640 200.7689224658
0.00000630166 4.46153551027 275.5505210331
0.00000574950 5.57877269214 2.4476805548
0.00000569622 1.63924602135 77.2292791221
0.00000556672 1.07231890667 1059.3819301892
0.00000449362 0.27988155703 617.8058857862
0.00000463703 1.43450762802 297.6419215609
0.00000436536 0.52783902054 209.3669421749
0.00000463920 2.35519668239 211.8146227297
0.00000435944 2.10077178384 1514.2912967165
0.00000515533 3.23274245907 284.1485407422
0.00000455004 4.08342038147 99.1606209555
0.00000477251 2.89381653210 39.3568759152
0.00000542691 5.39457310701 278.5194664497
0.00000409903 3.04961893378 404.5067903482
0.00000368389 0.71079545635 125.9873238985
0.00000503183 5.83915487750 191.2076949102
0.00000487400 0.06424307109 60.7669528868
0.00000455030 2.59321031027 490.3340891794
0.00000436349 2.08129398068 51.2057253312
0.00000435759 2.79444435294 75.7448064138
0.00000323480 4.82939220481 195.1398481733
0.00000359344 0.00870449102 35.4247226521
0.00000429078 3.08057776747 41.1019810544
0.00000319986 5.48621997496 14.977853527
0.00000413961 0.08822621279 258.0244132148
0.00000379728 0.05834508997 378.6432952517
0.00000420206 2.25392348451 81.0013736908
0.00000357527 4.71408309367 173.9422195228
0.00000358938 0.35269536425 426.598190876
0.00000405369 6.12344979469 24.3790223882
0.00000365088 5.59471873032 255.0554677982
0.00000308155 3.92316644086 116.4260963429
0.00000325546 4.71973290837 134.5853436076
0.00000292775 3.99521624654 72.3339180125
0.00000386408 0.68629232964 230.5645708254
0.00000305580 3.76131538046 344.7030453079
0.00000286849 1.84987619750 153.4953503977
0.00000353346 4.65720677156 329.8370663655
0.00000301835 0.13173596285 565.1156877467
0.00000241282 1.60400061320 81.3738807063
0.00000249797 4.24206827815 75.3028634291
0.00000245219 5.94902281852 20.6069278195
0.00000248331 1.06282358803 105.4922706636
0.00000305353 2.55534744586 6208.2942514241
0.00000296370 4.21095612809 1364.7280995819
0.00000219939 2.96120542961 120.358249606
0.00000233643 2.97217201792 46.2097904851
0.00000262427 3.83657820849 831.1049812242
0.00000233512 4.47917715806 628.8515860501
0.00000187419 3.03519991355 135.5485514541
0.00000216800 3.42879551504 241.6102710893
0.00000255790 1.16711533037 177.8743727859
0.00000220463 0.19626840245 180.2738692309
0.00000224582 0.40674144020 114.3991069134
0.00000205687 2.30385491694 259.5088859231
0.00000211135 4.93079268569 103.0927742186
0.00000175625 5.51167774427 7.1135470008
0.00000188093 2.23534719993 5.4166259714
0.00000171643 5.21732384809 41.6444977756
0.00000176103 1.95966779423 756.3233826569
0.00000170321 4.95071878484 206.1855484372
0.00000169478 4.04293214414 55.6591434561
0.00000219016 0.24791955037 294.6729761443
0.00000187790 2.04529505651 408.4389436113
0.00000182258 0.70728907628 391.1734682239
0.00000191808 5.76676964168 291.7040307277
0.00000153646 4.70657045270 543.0242872189
0.00000169989 4.50972133596 288.0806940053
0.00000163761 5.22511628213 67.3592350258
0.00000194295 6.11711108749 414.0680179038
0.00000168295 5.25802294337 518.6452648307
0.00000156891 0.66346387654 220.4126424388
0.00000182269 0.78381581992 417.0369633204
0.00000167500 4.92284198283 422.6660376129
0.00000170706 2.30954371717 98.8999885246
0.00000161764 3.27144223053 443.8636662634
0.00000133098 2.88847467964 373.9079928365
0.00000161139 3.82341819072 451.9404211107
0.00000179288 4.82418428313 366.485629295
0.00000178253 3.98045379191 10138.5039476437
0.00000142045 1.26892656490 159.1244246902
0.00000153749 4.27847447687 45.5766510387
0.00000161285 4.99511779244 73.8183907208
0.00000146245 2.65555668221 465.9550667912
0.00000124849 4.30472570922 339.2864193365
0.00000154661 4.32026115082 760.25553592
0.00000142885 2.07772801387 457.8783119439
0.00000152257 4.64725594465 155.7829722581
0.00000116813 4.43623541426 5.9378908332
0.00000113360 4.65468501147 80.1982245387
0.00000108272 3.76939374352 142.4496501338
0.00000133560 5.30624966763 14.0146456805
0.00000116290 2.51243579606 296.1574488526
0.00000129281 0.36073764928 96.8729990951
0.00000122859 2.38440865925 141.4864422873
0.00000101683 1.05650638045 92.3077063856
0.00000114628 6.24869783552 767.3690829208
0.00000113301 0.83046410321 100.3844612329
0.00000107414 2.39445059446 347.8844390456
0.00000095213 0.79902536632 342.2553647531
0.00000111110 0.38500786215 216.9224321604
0.00000127294 0.42395251520 331.3215390738
0.00000112636 0.08107841996 558.0021407459
0.00000103166 0.69792291595 358.9301393095
0.00000111707 0.75072196369 80.7194894005
0.00000090912 5.16491055574 144.1465711632
0.00000090696 0.22132377420 333.657345044
0.00000098568 4.33164222339 74.5209661364
0.00000089282 2.18851161054 74.8297826771
0.00000117046 3.94988763259 74.2603337055
0.00000089282 5.87783530506 74.7334144575
0.00000097479 0.69714600982 977.4867846211
0.00000116587 1.83677031992 1289.9465010146
0.00000085652 5.79984896939 6.592282139
0.00000086998 5.61960123914 300.6108669775
0.00000105424 5.94521818668 328.3525936572
0.00000112185 1.21210217535 329.7251917809
0.00000082982 2.20797412496 74.9416572617
0.00000094527 4.54115315196 28.5718080822
0.00000106878 1.82068770403 306.830642101
0.00000103534 2.99372662370 6.2197751235
0.00000106186 0.81603278109 1087.6931058405
0.00000077777 2.73309413665 110.2063212194
0.00000098378 3.73478755861 75.0422309982
0.00000085982 2.83236465462 983.1158589136
0.00000089038 4.73790965769 604.4725636619
0.00000083329 1.88332319315 387.2413149608
0.00000085160 1.25690280514 142.1408335931
0.00000090074 3.80297872640 986.0848043302
0.00000074695 1.35103014238 350.3321196004
0.00000090483 0.36671354002 0.9632078465
0.00000095775 5.54841186043 969.6224780949
0.00000082748 5.85591719177 74.6215398729
0.00000075723 2.78001204936 88.1149206916
0.00000084009 1.84380973979 227.3137411185
0.00000070483 4.65532969655 44.7253177768
0.00000071348 3.65007988636 894.8408795276
0.00000094503 4.98848650229 403.1341922245
0.00000089085 4.43916822737 154.0166152595
0.00000079390 5.66990936464 267.4737661858
0.00000075695 5.40808174797 50.4025761791
0.00000068583 4.76679841387 991.7138786227
0.00000065256 0.69286492023 152.7445908723
0.00000062931 2.90223286898 79.889407998
0.00000064054 0.09529052033 681.5417840896
0.00000080142 2.97521726739 526.722019678
0.00000069651 3.95227500507 187.6962327724
0.00000059427 3.59867941503 58.1068240109
0.00000059240 0.51080685499 28.3111756513
0.00000068652 2.41879555463 235.3904959658
0.00000066216 5.04460437297 30.7106720963
0.00000070223 3.73647394236 546.956440482
0.00000066829 0.85504819327 522.5774180938
0.00000062028 2.31553517060 74.0308390419
0.00000062958 0.29182779746 119.5069163441
0.00000071477 3.16924790922 23.5758732361
0.00000074807 5.36814054526 373.0142209592
0.00000063852 2.36782311698 157.6399519819
0.00000070614 0.55855795030 92.940845832
0.00000055762 5.27011035858 874.3940104025
0.00000075741 4.66371340256 101.8689339412
0.00000073741 6.20569442158 312.4597163935
0.00000072959 0.58417048033 367.9701020033
0.00000053182 2.24688972584 17.5261078183
0.00000063238 4.59765034931 67.8804998876
0.00000060717 0.57546407104 253.5709950899
0.00000052840 2.45780676537 264.5048207692
0.00000070508 1.51929972323 552.5855147745
0.00000068624 2.44507754450 555.5544601911
0.00000062796 0.33786296182 561.1835344836
0.00000049353 1.09630903572 19.1224551112
0.00000064619 5.27406291626 68.1893164283
0.00000062909 5.35706460122 92.0470739547
0.00000047640 3.90841810802 192.6921676185
0.00000065137 3.73959418275 536.8045120954
0.00000065253 4.24102184816 771.3012361839
0.00000059404 6.10556142565 365.0011565867
0.00000052269 1.71514378709 905.8865797915
0.00000045962 3.87433553200 210.3301500214
0.00000062160 2.68143699514 130.4407420234
0.00000046457 5.97440565334 477.8039162072
0.00000046176 3.89655419144 48.7580447764
0.00000042915 3.81993104061 61.2882177486
0.00000047152 0.99574606527 166.828672522
0.00000053843 2.86748735900 353.301065017
0.00000042114 2.61910843789 90.8232336773
0.00000052610 2.97705829152 383.0967133766
0.00000043180 4.15850225489 173.6815870919
0.00000041297 1.79923970180 149.45132255
0.00000044964 1.76623473669 0.5212648618
0.00000042836 1.56965438447 120.9913890524
0.00000049794 4.03361534543 303.8616966844
0.00000045233 3.57778625450 97.4155158163
0.00000038695 2.39404211170 31.492569389
0.00000038067 5.79467736188 75.5323580927
0.00000050252 4.76458300250 911.3032057629
0.00000050884 5.15513957128 439.782755154
0.00000042820 5.17313041477 162.0933701068
0.00000042805 0.84360648676 58.319272332
0.00000050343 5.81599953406 66.9172920411
0.00000035657 1.87511529678 472.1748419147
0.00000045667 1.92110814980 55.1378785943
0.00000039992 1.74263755793 89.7594520943
0.00000049427 1.89225881347 42.5864537627
0.00000044919 1.48348147872 450.9772132642
0.00000034282 5.20397534102 316.3918696566
0.00000046407 0.33922791761 273.1028404783
0.00000037265 2.03623179153 117.9105690512
0.00000046107 5.62298858989 1819.6374661092
0.00000039368 4.19402801195 486.4019359163
0.00000041044 4.82988044777 149.6750717192
0.00000044959 0.72694662195 3265.8308281325
0.00000043756 0.75422118122 404.6186649328
0.00000031823 3.84768075664 20.4468691251
0.00000044288 4.36757729571 418.2608035978
0.00000038000 3.03175184245 167.0893049529
0.00000043649 1.57339867295 491.5579294568
0.00000033721 1.26383804364 260.9933586314
0.00000031278 4.16119477825 13.3333221243
0.00000036510 2.58786153975 68.5618234438
0.00000039768 2.86365694380 468.2426886516
0.00000036290 1.35814658055 59.2824801785
0.00000032168 3.12118521629 103.3534066495
0.00000033633 0.15841728793 24.1183899573
0.00000033723 0.75503571162 290.2195580194
0.00000029750 5.33159349844 1033.3583763983
0.00000031989 4.67688193416 205.2223405907
0.00000035268 1.00718464333 1108.1399749656
0.00000030858 4.62657701145 258.8757464767
0.00000032850 5.25352681937 114.1384744825
0.00000033452 3.40494756837 43.1289704839
0.00000031092 2.26716508311 104.0077979553
0.00000029723 5.64053362927 254.9435932136
0.00000031576 3.78237106230 152.0108776894
0.00000034573 5.17385991822 25.6028626656
0.00000028153 3.92687523860 199.2844497575
0.00000028415 1.76927009458 820.0592809603
0.00000028971 2.58260543469 76.4785195967
0.00000033643 5.79472403547 274.0660483248
0.00000031355 1.39422550951 178.7893965226
0.00000029433 5.93671324356 280.9671470045
0.00000030136 0.44373325600 27.0873353739
0.00000033815 6.26141095251 401.6497195162
0.00000027513 2.15290154943 480.7728616238
0.00000026821 2.51632690244 123.5396433437
0.00000026229 0.22582956326 286.596221297
0.00000026562 3.88341102553 372.4235201282
0.00000034017 1.44565808735 88.7962442478
0.00000027740 4.64687309709 198.321241911
0.00000029859 0.82891399431 100.6450936638
0.00000033948 1.14432761269 82.4858463991
0.00000026493 1.98025893553 95.3885263868
0.00000024352 2.37812752505 146.3818033969
0.00000027244 2.10487988447 1057.8974574809
0.00000026337 0.39684584427 106.0135355254
0.00000024101 6.21637542402 16.6747745564
0.00000031013 5.33985788050 476.4313180835
0.00000027036 0.71198582048 248.7238180901
0.00000023868 3.42162769068 1044.4040766622
0.00000029026 3.98796449555 908.3342603463
0.00000024251 0.36629105441 73.1852512744
0.00000022897 2.26875155959 175.1660598002
0.00000028024 3.46485782344 1439.5096981492
0.00000022051 0.05165872393 33.1371007917
0.00000022208 5.32236354206 483.2205421786
0.00000021075 0.37096066639 214.7835681463
0.00000020699 1.79611118091 118.0224436358
0.00000027443 5.75986647976 1215.1649024473
0.00000025481 5.49691985470 115.8835796217
0.00000027703 4.11928306450 694.0719570618
0.00000024828 0.65238005620 132.8884225782
0.00000021295 3.86501877873 66.1835788582
0.00000021146 1.13726745832 60.5545045657
0.00000023959 4.56157429146 458.8415197904
0.00000026221 2.77532838847 490.0734567485
0.00000022973 4.52937663566 78.4049352897
0.00000025273 3.64987288394 73.4090004436
0.00000026408 3.37240518360 49.7212526229
0.00000026870 3.26028443561 691.1030116452
0.00000021053 5.54284102969 129.9194771616
0.00000020861 3.92598175503 134.0640787458
0.00000022933 5.02405062369 150.5264049811
0.00000022980 2.56727588550 332.8060117821
0.00000020836 0.98988990409 29.2049475286
0.00000018891 1.91272305963 124.5028511902
0.00000018755 1.07911898423 70.1157321213
0.00000023454 0.60524375676 189.7232222019
0.00000023104 3.93171225238 43.2890291783
0.00000019351 1.33568544736 616.3214130779
0.00000023769 0.02170705684 593.426863398
0.00000021258 0.90140026224 326.8681209489
0.00000019626 1.40914183189 1589.0728952838
0.00000018282 4.55112709109 165.6048322446
0.00000024502 0.91753157942 441.2672278623
0.00000024938 4.63474678982 162.8965192589
0.00000018904 1.23360547168 13.4933808187
0.00000017364 5.28602832892 7.8643065262
0.00000018603 5.11206439748 81.8951455681
0.00000017341 4.06476736790 403.0223176399
0.00000022513 3.15059944802 419.7452763061
0.00000017912 2.53786076055 47.061123747
0.00000021237 2.14856256664 75.5847477194
0.00000016995 2.48647736969 2043.9822618111
0.00000022639 2.07623129511 699.7010313543
0.00000023531 5.80237015057 232.0490435337
0.00000019255 1.56621203980 425.1137181677
0.00000022735 0.28274542760 0.1118745846
0.00000020910 5.30767454224 237.6781178262
0.00000016146 3.45551692754 0.7507595254
0.00000021076 0.96002144676 405.9912630565
0.00000017963 1.60799681102 215.4379594521
0.00000016289 4.88888227946 69.1525242748
0.00000021756 3.23184546146 1744.8558675419
0.00000021708 0.88801367868 344.9636777388
0.00000015964 0.34537232571 77.0692204277
0.00000017286 6.02968524571 32.2433289144
0.00000015915 2.96605572794 25.8634950965
0.00000017830 4.01479681257 280.003939158
0.00000014755 3.74119528291 610.6923387854
0.00000015023 4.24763459617 228.276948965
0.00000015326 0.22145354256 17.2654753874
0.00000015354 0.25482391126 661.0949149645
0.00000016424 3.43626239649 147.1155165798
0.00000014654 1.14175759154 823.9914342234
0.00000015172 5.07753627325 114.9416236346
0.00000014674 1.68177921160 207.8824694666
0.00000017682 5.94376629143 624.919432787
0.00000018848 1.38456546450 377.1588225434
0.00000015425 1.66489033237 440.6822725257
0.00000014513 0.39264401278 142.6620984549
0.00000014672 4.41834132435 16.4623262353
0.00000016992 0.16042368544 438.2982824457
0.00000016587 0.92058534977 369.0820676961
0.00000017239 4.51659362028 606.7601855223
0.00000013222 3.04340106170 668.2084619653
0.00000014458 2.93327046597 419.4846438752
0.00000013238 0.13650358961 216.4804891757
0.00000015722 4.93688742368 124.2904028691
0.00000012927 1.65950183059 54.3347294422
0.00000014216 4.41971117975 47.6942631934
0.00000012751 0.03041331624 217.2312487011
0.00000014006 3.68870470760 16.04163511
0.00000014718 1.08540409163 49.5088043018
0.00000017579 5.05617037261 564.8550553158
0.00000012945 1.53551413817 218.9281697305
0.00000013528 4.80158552555 72.7758609972
0.00000012546 3.43007050169 958.576777831
0.00000013034 0.56491831473 1171.875873269
0.00000012452 3.29205788475 902.7051860538
0.00000011963 1.41057536904 55.7710180407
0.00000016470 2.04067746898 411.620337349
0.00000015604 1.53457514224 833.552661779
0.00000014914 3.42772092084 19.0105805266
0.00000012040 5.17744918756 135.336103133
0.00000014349 4.18933467558 89.338760969
0.00000015553 3.54672509714 113.8778420516
0.00000015574 5.92871386562 778.4147831847
0.00000015424 2.12697366276 106.2741679563
0.00000011957 1.43314130608 455.8725743738
0.00000015933 5.49557852242 513.079881013
0.00000013562 4.11426797137 95.2284676924
0.00000012063 0.20881650176 65.8747623175
0.00000015093 1.86345091876 7.7042478318
0.00000015832 3.42498484109 79.5169009825
0.00000011492 4.65187455620 149.6113812444
0.00000014516 3.35209961643 19.643719973
0.00000011406 1.31085455047 63.6240237188
0.00000012043 0.01569453703 397.3932433474
0.00000014157 1.87440535402 6283.0758499914
0.00000011355 0.19026820825 5.6290742925
0.00000014109 0.09348109699 6133.5126528568
0.00000011659 0.84853578994 5.1078094307
0.00000011052 0.47607339293 150.0844619964
0.00000013908 5.65514309520 639.897286314
0.00000011505 5.19475642280 1182.9215735329
0.00000011492 2.05801478182 149.5150130248
0.00000014974 3.54838066958 252.6559713532
0.00000011550 4.78304722906 334.2904844904
0.00000010671 4.67373109923 149.723255829
0.00000010855 4.52379396618 453.9461586808
0.00000014218 0.08018756427 240.3864308119
0.00000011896 1.40803197220 26.0235537909
0.00000013388 0.76174926716 37.8724032069
0.00000010860 4.40226202285 57.1436161644
0.00000010722 5.34547451937 331.2096644892
0.00000012796 3.70341837855 67.0773507355
0.00000013353 0.86919663716 22.8945496799
0.00000010568 5.80969806479 193.655375465
0.00000010324 2.99970080363 525.7588118315
0.00000011331 3.11771273798 93.9040536785
0.00000014310 1.06766336398 477.9157907918
0.00000010296 3.81447463840 180.1619946463
0.00000012341 4.62813430525 1894.4190646765
0.00000011464 0.93530139587 121.8427223143
0.00000012833 0.31985851817 474.9468453752
0.00000012455 2.84950981207 184.0941479094
0.00000011730 1.07977388266 363.5166838784
0.00000010287 6.03277961834 43.2408450685
0.00000011395 4.25533440684 181.0557665236
0.00000010426 1.46990536801 80.4106728598
0.00000010020 6.22580063292 84.1827674285
0.00000013895 3.46343536260 157.2674449664
0.00000009893 2.72218970897 384.0599212231
0.00000010719 2.47554935503 140.6563608848
0.00000010964 3.74557708007 494.2662424425
0.00000012104 2.69878200554 369.4545747116
0.00000009686 0.00697580080 40.1600250673
0.00000012385 1.71007866936 229.0800981171
0.00000012577 4.66630955474 64.6991061499
0.00000010650 1.78642598254 252.0865223816
0.00000011653 5.70662425749 39.0962434843
0.00000011004 3.58723041577 449.2802922348
0.00000010454 2.81847601796 1246.6574718363
0.00000009326 0.97605558757 109.3125493421
0.00000009261 5.19861935669 749.2098356561
0.00000009811 3.72249796639 233.9060232575
0.00000010264 6.08657486312 156.1554792736
0.00000012406 0.76207998570 122.4758617607
0.00000010249 2.86919673355 189.1807054807
0.00000012671 6.19797274264 149.8238295655
0.00000009589 1.00839074495 393.4610900843
0.00000009106 5.53296926826 133.1008708993
0.00000010449 1.23520879648 148.5999892881
0.00000009923 5.65994205559 42.5382696529
0.00000012370 5.29602370320 20.4950532349
0.00000010304 3.56303132976 619.2903584945
0.00000011103 5.89715087659 832.5894539325
0.00000009313 3.00333916453 754.8389099486
0.00000010342 5.50503668014 460.5384408198
0.00000012219 3.17057317997 30.0562807905
0.00000008998 5.82877688374 248.4631856592
0.00000010082 1.91119048650 25.0603459444
0.00000010991 0.05720554764 54.2865453324
0.00000008638 5.49106676064 448.6895914038
0.00000009390 1.32674472289 9.4011688612
0.00000009621 5.69090299390 73.88782669
0.00000010975 4.40051429814 63.847772888
0.00000008365 3.26943610840 172.1971143836
0.00000009674 4.27052644727 282.6640680339
0.00000010770 0.19304986906 463.5073862364
0.00000010666 1.42510087091 268.4369740323
0.00000010567 2.61602525339 446.3113468182
0.00000008495 5.03708799595 370.9390474199
0.00000009888 4.25430313596 602.9880909536
0.00000010101 5.04200998723 241.8709035202
0.00000008890 2.53320746730 271.4059194489
0.00000009080 0.99121734894 6.9010986797
0.00000010416 4.96315418372 97.6761482472
0.00000008790 3.05434837439 291.262087743
0.00000007936 5.71233384542 541.5398145106
0.00000010152 1.90464684114 91.4563731237
0.00000007939 0.88279344814 154.979823106
0.00000008212 0.00845991197 76.42612997
0.00000007965 2.36308659035 196.6243208816
0.00000008948 4.31891786278 469.1364605289
0.00000008460 0.14600703561 262.4778313397
0.00000009878 0.61245182735 308.3151148093
0.00000009120 5.03217831219 450.4559484024
0.00000010276 3.58321573131 842.1506814881
0.00000008153 4.60445400464 69.6737891366
0.00000010625 2.28659627239 194.2885149114
0.00000007552 4.86800510971 1097.0942747017
0.00000009019 0.69841869766 685.4739373527
0.00000007451 5.67442696266 337.8019466282
0.00000008011 4.33417263028 302.0953396858
0.00000009132 1.09206046595 93.7921790939
0.00000009342 4.16662386065 15.4991183888
0.00000007411 3.04632695464 7.4223635415
0.00000010072 1.18952866918 621.7380390493
0.00000008913 1.33679256423 0.2606324309
0.00000008189 3.16576794671 32.7164096664
0.00000007850 4.37236255826 464.4705940829
0.00000008734 2.03651704284 149.4031384402
0.00000007745 0.14834225031 1404.0849754971
0.00000009037 3.53203542312 636.6677084665
0.00000010212 2.58904966897 711.4493070338
0.00000008569 2.47926109895 497.4476361802
0.00000009591 1.33938357595 142.9709149956
0.00000007613 1.86876737547 31.6526280834
0.00000008723 5.88916926012 82.2039621088
0.00000008997 2.37079010824 76.154196691
0.00000007128 6.24450383630 376.1956146969
0.00000009686 5.67475763163 98.3574718034
0.00000009993 4.91667894523 829.6205085159
0.00000007745 4.87945477576 310.1720945331
0.00000009812 3.78656280821 838.218528225
0.00000008785 6.14514661123 17.6379824029
0.00000009500 6.02030079251 916.9322800554
0.00000008440 5.06400284478 1.3725981237
0.00000009802 1.92874890805 62.7726904569
0.00000007059 5.91499106809 74.1484591209
0.00000007016 1.52544072246 679.2541622292
0.00000009577 1.44268080407 763.4369296577
0.00000009562 1.97733085047 703.6331846174
0.00000007059 1.94098053303 75.4147380137
0.00000009214 0.88741799785 362.8622925726
0.00000006823 5.11460794174 107.4980082337
0.00000007148 1.73466140387 1190.7858800591
0.00000009073 4.31998777457 16.1535096946
0.00000009126 3.74417362577 4.665866446
0.00000007923 4.64511540440 232.4215505492
0.00000008828 1.08177391234 412.5835451955
0.00000009169 3.25102587429 155.5010879678
0.00000007624 0.88232424215 459.3627846522
0.00000008200 1.51866334745 10063.7223490764
0.00000008005 6.13208431788 745.277682393
0.00000008579 2.37726234500 75.6753704446
0.00000007597 2.63491731877 657.1627617014
0.00000006398 0.61376490225 73.2489417492
0.00000007149 1.33917289544 236.8749686741
0.00000006577 4.82504547981 1072.7152523135
0.00000006380 3.20688120531 73.3453099688
0.00000007506 0.67400214407 228.7982138268
0.00000007451 3.06064473161 171.6545976624
0.00000006361 6.05108999867 95.9792272178
0.00000007086 4.88497877319 6531.661656265
0.00000006522 4.01431695520 118.8737768977
0.00000006236 1.08169162104 143.9341228421
0.00000007200 1.19830150903 1617.3840709351
0.00000006373 3.27411945280 116.5379709275
0.00000006150 0.03921300469 627.3671133418
0.00000008664 5.60425824325 2810.9214616052
0.00000007635 4.06598468585 4.7353024152
0.00000006147 4.16482048084 1300.9922012785
0.00000007471 0.45174255163 192.8040422031
0.00000008148 3.11700641874 10213.285546211
0.00000008603 3.80404544682 25558.2121764796
0.00000007593 2.86863623528 406.1031376411
0.00000007725 3.05989382335 341.9947323222
0.00000007063 5.35078594952 73.0364934281
0.00000006762 1.94867196735 288.7350853111
0.00000006102 2.06174377751 73.9784494152
0.00000006993 1.24520005325 400.1652468079
0.00000007856 3.11320541136 81.682697247
0.00000006731 0.00424999029 572.2292347475
0.00000006688 0.03046234361 90.2807169561
0.00000007766 2.87448427459 79.4474650133
0.00000007668 1.71124875127 104.5290628171
0.00000008317 2.40731767085 674.8007441043
0.00000006793 1.29774355388 22.633917249
0.00000007732 1.44266849755 131.9252147317
0.00000006034 0.96635268225 476.3194434989
0.00000006000 3.24980736635 76.7873361374
0.00000006375 1.37050567525 75.1541055828
0.00000005861 4.31971360878 86.6304479833
0.00000007190 3.21396773403 71.1582618449
0.00000006303 2.24129466051 1310.3933701397
0.00000006628 1.99043744200 1.5963472929
0.00000006263 3.47620738623 346.3999663373
0.00000006081 1.26599890520 61.448276443
0.00000007312 5.48372849636 50.66320861
0.00000007300 5.26774051203 285.6330134505
0.00000005727 2.39389303582 20277.0078952874
0.00000007776 5.47416512352 416.7763308895
0.00000005693 1.13593628568 445.3481389717
0.00000005794 2.43359359889 180.7951340927
0.00000006927 4.19296597477 525.2375469697
0.00000007681 5.64147063245 549.7284439425
0.00000006680 5.36285833774 452.4616859725
0.00000007677 0.71278975356 44.070926471
0.00000007734 5.72717526802 154.2984995498
0.00000005932 3.22993254909 73.4571845534
0.00000005683 3.65029666464 442.3791935551
0.00000005788 2.17544248991 2.2876218604
0.00000006685 4.84971092730 148.8124376092
0.00000005797 0.51568102763 149.3025647037
0.00000007739 3.23104533276 589.4947101349
0.00000007474 2.47202834062 321.7603115182
0.00000006106 0.81922621826 89.5993933999
0.00000005522 1.83812319711 375.3924655448
0.00000006706 5.23367324742 769.8167634756
0.00000006168 4.58379993316 137.5542890242
0.00000007210 2.56243122515 375.6743498351
0.00000006777 0.50997508166 1147.4968508808
0.00000006590 3.39794943072 389.6889955156
0.00000006376 0.24081237769 881.5075574033
0.00000005829 6.04973118199 172.4577468145
0.00000005827 2.19507738696 8.9068362498
0.00000005305 1.97785611200 150.31395666
0.00000005706 1.66973662153 70.0462961521
0.00000005422 1.21990761182 332.1728723357
0.00000006818 1.98954025696 105.380396079
0.00000007235 2.78896876234 748.0978699633
0.00000006360 0.36304095923 74.4090915518
0.00000005612 3.49886328040 102.523325247
0.00000006581 4.48256802747 31.2319369581
0.00000006268 3.59621382047 488.8496164711
0.00000006360 0.66780746624 272.5815756165
0.00000006673 0.77536194908 6069.7767545534
0.00000005279 4.27436629709 11.1575748485
0.00000005611 2.40776057824 1286.0143477515
0.00000005900 0.51262679903 285.1117485887
0.00000005898 5.26174074234 757.8078553652
0.00000005385 1.77116775784 139.4807047172
0.00000006198 0.83056505252 1507.1777497157
0.00000005425 1.93107713343 40.8413486235
0.00000006091 5.18564204379 487.1045113319
0.00000005134 2.61122038772 194.1766403268
0.00000005505 1.31212823209 883.7951792637
0.00000005687 1.96943472998 394.3548619616
0.00000006304 3.02157380188 442.7517005706
0.00000005027 4.45266598835 12.0089081104
0.00000005204 3.39869589191 1400.152822234
0.00000006542 2.31977509408 328.2407190726
0.00000004969 6.27367198215 0.1600586944
0.00000005019 2.43585264336 742.9900605326
0.00000005505 0.32307346790 40.5807161926
0.00000006432 2.21948959433 9999.986450773
0.00000006932 1.71722830737 378.9039276826
0.00000005187 3.04429850681 1083.7609525774
0.00000004893 6.06127550285 980.6681783588
0.00000005791 3.94061476239 550.1378342197
0.00000005054 5.63164324182 164.1203595363
0.00000005481 4.36493293939 233.533516242
0.00000005326 0.06980162504 336.8387387817
0.00000006675 4.68809907572 312.1990839626
0.00000005777 2.24316510899 230.9370778409
0.00000004907 2.96039463510 361.3778198643
0.00000006636 0.34415075720 511.5954083047
0.00000006333 0.96579519801 249.9476583675
0.00000006468 3.02580538093 298.2326223919
0.00000005096 4.22435065058 65.3804297061
0.00000005159 3.77051984159 57.255490749
0.00000004974 1.21594265105 455.0694252217
0.00000005785 5.06114337982 216.2680408546
0.00000004960 4.72806210230 454.7493078329
0.00000005619 2.27500441196 227.5261894396
0.00000005161 2.79823920744 217.4436970222
0.00000004791 4.40314095945 853.196381752
0.00000005450 6.00971547441 25.1297819136
0.00000005094 3.96693309174 1066.49547719
0.00000006485 3.02825531498 167.7224443993
0.00000005396 5.62885554221 418.5214360287
0.00000005048 2.46802064424 987.5692770385
0.00000006152 0.79853332272 2274.5468326365
0.00000006507 1.72872754258 125.1841747464
0.00000004734 0.64940724791 119.3950417595
0.00000005785 4.31238502962 374.4986936675
0.00000006209 4.78522319194 270.1820791715
0.00000005381 5.50204905208 632.7837393132
0.00000004921 1.43037646364 73.1370671646
0.00000004596 0.55370404346 35.685355083
0.00000005076 1.34845106372 455.0212411119
0.00000005730 3.30386575677 88.274979386
0.00000005070 4.59616483078 454.7974919427
0.00000004547 3.81754661073 1329.3033769298
0.00000006213 2.58827935033 544.5087599272
0.00000004825 6.08615762909 304.1223291153
0.00000004824 6.00481294702 226.7924762567
0.00000005528 5.69752791882 548.4409131903
0.00000006054 0.84188900289 10.0824924174
0.00000005426 2.44848284229 531.978586955
0.00000005047 2.74537299312 423.6292454594
0.00000006017 0.11706831045 149.0419322728
0.00000005671 4.76092767065 491.8185618877
0.00000005866 6.20513223441 772.7857088922
0.00000005334 2.49860553733 1131.1945833399
0.00000004766 0.19527580548 380.3884003909
0.00000004562 0.55717668871 253.4591205053
0.00000005777 4.22586873011 208.8456773131
0.00000005257 4.72122908918 535.3200393871
0.00000004406 3.42864201394 144.8973306886
0.00000005174 1.37808288211 520.129737539
0.00000004469 1.67012643165 1261.6353253633
0.00000004331 2.64717426456 1517.2602421331
0.00000004802 2.60569463520 177.3049238143
0.00000005206 0.97973969441 128.4350044533
0.00000004368 3.36272561974 1503.2455964526
0.00000004329 2.73534631925 289.5651667136
0.00000004480 1.66847193407 357.4456666012
0.00000005386 5.84886051674 268.6976064632
0.00000005293 1.36761627543 271.61836777
0.00000005277 0.77780731413 1670.0742689746
0.00000004812 4.95769337401 545.4719677737
0.00000005895 2.03979596386 8.5980197091
0.00000004410 3.23960763864 973.554631358
0.00000004201 6.02802824632 204.7010757289
0.00000004947 5.50324549674 365.9006739584
0.00000004553 2.77414446606 147.9668498417
0.00000005351 1.81217833246 521.0929453855
0.00000004218 0.73689779266 1321.4390704036
0.00000005016 1.91636964972 535.9107402181
0.00000005188 1.30753762651 436.8138097374
0.00000005686 2.54348150001 501.3797894433
0.00000004126 3.00605697657 136.0698163159
0.00000004341 3.74899549978 263.0203480609
0.00000004976 2.82755706922 360.4146120178
0.00000005360 3.99155865541 92.4195809702
0.00000004935 5.04375067678 697.8071683688
0.00000004129 1.50064332826 71.8608372605
0.00000004825 2.90964137048 551.1010420662
0.00000005036 4.66411186577 305.6068018236
0.00000004587 4.78553156868 95.931043108
0.00000005054 5.41201072891 758.7710632117
0.00000005012 4.50266403787 635.9651330509
0.00000005151 0.41217186078 968.1380053866
0.00000004247 0.65406696565 920.8644333185
0.00000005150 1.13490701556 310.9752436852
0.00000004941 2.84565061722 406.954470903
0.00000004569 5.19758291396 10.2949407385
0.00000004259 5.53167973839 184.9879197867
0.00000004604 2.51643176466 962.5089310941
0.00000004409 1.59455204572 367.5975949878
0.00000005105 1.26007002216 971.1069508032
0.00000004500 6.15657007891 1052.2683831884
0.00000003968 0.07377679014 77.7023598741
0.00000003900 1.66467970991 945.2434557067
0.00000004137 4.19706074841 25.2727942655
0.00000004237 2.80797873442 213.9534867438
0.00000003899 4.28674267073 224.2329211173
0.00000005030 6.24112139947 1162.4747044078
0.00000004967 2.58649417006 358.4088744477
0.00000003859 2.72333630141 818.574808252
0.00000004889 2.50485923786 355.7487455718
0.00000004626 6.00420830249 421.1815649046
0.00000004765 4.37822799323 117.36805233
0.00000003919 4.81677862044 893.3564068193
0.00000004287 3.15207047069 846.0828347512
0.00000003941 0.04342429962 1235.6117715724
0.00000003816 2.42145744929 348.8476468921
0.00000004756 1.32234737789 238.9019581036
0.00000004077 5.68854469970 695.5564297701
0.00000003842 0.37429373380 774.4826299216
0.00000004674 0.08112657673 1366.2125722902
0.00000005313 4.38472090135 689.6185389369
0.00000004578 0.36908312831 168.3131452303
0.00000004827 1.26561568753 170.7608257851
0.00000004636 5.93439675803 148.1905990109
0.00000005128 0.17600223269 433.7117378768
0.00000004291 3.12693688865 377.4194549743
0.00000003927 5.59942396205 1048.3362299253
0.00000004226 6.24596640453 448.9714756941
0.00000003776 1.78756451192 71.7007785661
0.00000003850 2.72007090628 151.850818995
0.00000004561 0.07201979569 2349.3284312038
0.00000004291 5.39929372298 523.7530742614
0.00000004143 0.17158866287 735.8765135318
0.00000003694 1.44652002583 48.9181034708
0.00000003728 1.69745141654 984.7122062065
0.00000004173 4.01017634093 195.7729876197
0.00000004986 1.03560339271 224.4566702865
0.00000004031 0.92145122185 76.0054388447
0.00000004097 3.51219407937 72.4939767069
0.00000003812 4.41246815759 1511.3223512999
0.00000004098 2.39702785276 239.1625905345
0.00000003751 5.81981147475 450.7165808333
0.00000003657 1.41388494440 117.3198682202
0.00000004373 4.08948598951 75.4359898731
0.00000004765 4.44775874782 51.8870488874
0.00000003700 2.04103813925 63.2146334416
0.00000004436 5.76580545650 836.5216071956
0.00000004648 2.07482117651 1106.6555022573
0.00000004854 5.26337784504 601.5036182453
0.00000003736 1.46595907948 138.6293714553
0.00000004304 3.03122452327 1109.6244476739
0.00000004020 0.59697361731 91.2439248026
0.00000004937 5.49417275871 976.7360250957
0.00000003719 0.11762341199 1031.87390369
0.00000004036 2.09041185441 325.3836482406
0.00000004373 3.76648561161 74.1272072615
0.00000004545 1.35255134812 41.7563723602
0.00000004172 0.75349427039 1500.0642027149
0.00000004190 5.82534911413 346.4481504471
0.00000003784 0.83700163181 827.9235874865
0.00000004454 1.87402712883 141.1776257466
0.00000004853 0.95917381603 58.1705144857
0.00000004409 0.16608106044 630.3360587584
0.00000003597 1.02560564655 515.463871093
0.00000004822 3.83570312464 163.5778428151
0.00000004021 5.68447974866 3.4902102784
0.00000004244 3.75845344717 733.428832977
0.00000003933 4.55157642432 240.125798381
0.00000004421 1.51263319894 1610.2705239343
0.00000003390 4.00215380112 74.9940468884
0.00000004556 3.41531360523 1140.38330388
0.00000004171 0.76417016678 623.4349600787
0.00000003997 5.74857613262 6212.2264046872
0.00000004540 3.21454634514 761.7400086283
0.00000004232 0.83887267580 176.6505325085
0.00000004098 1.41920746453 559.6990617753
0.00000004553 1.09016692751 561.8861098992
0.00000003828 4.08837921098 268.9582388941
0.00000003598 5.35099971703 394.9455627926
0.00000003484 5.54596330164 594.9113361063
0.00000003564 1.57868308864 354.9979860464
0.00000004279 2.35436288262 562.6680071919
0.00000003896 4.66682485035 71.9245277353
0.00000004485 4.71272827101 731.9443602687
0.00000003398 1.62086348540 941.3113024436
0.00000003299 5.13632919725 477.0007670551
0.00000004623 2.72836206211 6244.9428143536
0.00000003308 2.60386718967 14.8177948326
0.00000003435 2.96178781224 995.6460318858
0.00000003980 3.73613153043 673.316271396
0.00000003623 0.12701520068 49.1787359017
0.00000004377 0.27353840833 469.7271613599
0.00000003255 1.24513640154 82.6459050935
0.00000003323 4.51516827363 454.8611824175
0.00000003320 1.42938752044 454.9575506371
0.00000003495 5.61859895107 1116.0042814918
0.00000003593 5.35238853915 57.5161231799
0.00000004196 1.04465999471 743.7932096847
0.00000003512 6.09122971288 70.5888128733
0.00000003814 2.49565462974 6204.362098161
0.00000003828 4.39752166068 586.3133163972
0.00000003924 1.10707044380 686.958410061
0.00000003356 6.26211053275 447.2051186955
0.00000003639 4.85097208169 138.4056222861
0.00000003518 0.52105043625 262.8078997398
0.00000003671 1.99667387765 511.5317178299
0.00000004167 1.61938375536 576.1613880106
0.00000003263 2.27802067614 295.1942410061
0.00000003215 0.64628330219 887.7273325268
0.00000003232 2.20615118349 68.631259413
0.00000003279 3.50509705814 256.4280659219
0.00000003718 3.27473813045 454.6487340964
0.00000003638 2.63250736806 455.1699989582
0.00000003459 3.18851975154 377.6800874052
0.00000003772 0.88810300052 10142.4361009068
0.00000003669 4.11456655271 409.9234163196
0.00000003530 4.02075420346 388.2045228073
0.00000003163 1.65300792599 765.8846102125
0.00000003568 5.95965909592 460.8472573605
0.00000003188 1.74587038709 18.9100067901
0.00000003305 5.77382040863 10.5244354021
0.00000004026 2.48487699537 531.1754378029
0.00000003345 4.15802505352 1515.7757694248
0.00000003644 1.78909340323 251.1714986449
0.00000003525 2.56091667232 78114.14622758799
0.00000003147 5.05814757549 1521.4048437173
0.00000003155 0.65831540442 74.0478853844
0.00000004180 1.16833674800 514.5643537213
0.00000003255 1.96741940264 58.7399634573
0.00000003212 3.18682610058 1512.8068240082
0.00000003486 0.22630227172 36.5366883449
0.00000003997 5.58144993177 57.7980074702
0.00000003628 2.42977552434 230.8252032563
0.00000003884 5.65770848460 94.4253185403
0.00000003485 3.26177495276 36.7604375141
0.00000003506 6.26633354904 545.2750258176
0.00000003187 1.62296832026 138.4693127609
0.00000003934 2.86731965547 832.0681890707
0.00000003115 5.67364420834 73.5577582899
0.00000003721 2.55626754637 279.4826742962
0.00000003171 4.85529878165 138.5656809805
0.00000003108 3.14860474691 72.5463663336
0.00000003777 5.94890597104 873.1701701251
0.00000004357 4.15105623366 10175.1525105732
0.00000003525 4.80316435970 429.7795846137
0.00000003382 1.45717307307 5983.9494557222
0.00000004161 5.39091883238 1363.2436268736
0.00000003537 4.29176088936 36.1754821775
0.00000003115 0.59873966282 273.8536000037
0.00000003457 3.94796907904 444.8268741099
0.00000003593 3.91831549069 10134.5717943806
0.00000003700 0.67445695843 73.9302653054
0.00000003547 5.63096398237 440.8947208468
0.00000003622 1.10742531477 2250.1678102483
0.00000003562 3.80604468765 1525.3369969804
0.00000003330 1.76480149289 78.9743842613
0.00000003013 0.69171521367 210.8514148832
0.00000003241 3.65013641564 335.7749571987
0.00000003032 5.77852412826 612.1768114937
0.00000003978 4.58297442673 898.7730327907
0.00000003337 4.81258545559 597.3590166611
0.00000003141 3.11768616608 6607.9277275406
0.00000003696 1.76581280127 384.5811860849
0.00000003577 3.95434949639 179.3106613844
0.00000003020 5.04193408020 197.7999770492
0.00000004082 3.52781255989 402.2191684878
0.00000003454 3.41560919175 912.7876784712
0.00000003697 0.89932694516 75.6329318292
0.00000003238 1.15084522701 104.8378793578
0.00000003374 0.40981508151 677.7696895209
0.00000003500 4.46985063604 46.470422916
0.00000003111 1.88860295507 34.2008823747
0.00000003953 0.25645102865 517.1607921224
0.00000003194 4.56998602897 1385.174968707
0.00000003931 1.09338513303 388.4651552382
0.00000002930 4.88144353120 455.6601260527
0.00000003180 1.03370427552 885.4397106664
0.00000003235 5.09681747179 464.9918589447
0.00000003173 5.68964342749 4.192785694
0.00000003181 2.87968862974 9914.1591519418
0.00000003355 5.45857968674 73.0846775379
0.00000003951 5.81493541571 586.377006872
0.00000002899 5.12928266291 448.3170843883
0.00000002903 1.06370870134 454.1586070019
0.00000003706 2.47342147635 64.2571631652
0.00000003649 1.90256590579 31.5407534988
0.00000003360 4.99299052479 143.3434220111
0.00000003657 4.53797912903 676.2852168126
0.00000003488 5.62713714766 3189.5647568569
0.00000002940 4.33606107945 78263.70942472259
0.00000003309 3.10770680369 519.6084726772
0.00000003781 4.30315299354 164.5410506616
0.00000004030 4.41794838679 772.5887669361
0.00000003058 4.84465787968 221.1634019642
0.00000002867 5.17129632099 346.1875180162
0.00000003842 1.87994191354 299.7170951002
0.00000002844 4.34268503622 262.0571402144
0.00000003724 4.94511644698 984.4884570373
0.00000003216 5.70775867303 14.6690369863
0.00000002923 0.37358823115 6.4804075544
0.00000002931 0.78809830626 540.0553418023
0.00000003707 4.14868763219 6136.4815982734
0.00000003931 5.52289695589 6171.6456884946
0.00000002830 2.11705330414 34.5309507748
0.00000003348 3.08775772849 245.4942402426
0.00000003394 2.49196845335 260.360219185
0.00000003378 3.82658652472 25936.85547173129
0.00000003041 2.14503983522 6604.958782124
0.00000003657 6.02755271763 340.8827666294
0.00000002818 4.44508352472 369.342700127
0.00000002865 3.21935127992 3.8202786785
0.00000003738 5.38309514127 980.146913497
0.00000002797 5.97725967979 2014.0265547571
0.00000003280 0.74832416123 422.7142217227
0.00000003511 1.92497000013 343.4792050305
0.00000002962 2.29867992492 661.1586054393
0.00000003603 2.72183511139 508.6264628881
0.00000003620 5.57691156197 10066.691294493
0.00000003306 6.20620840278 11.5669651257
0.00000003279 6.13563821647 276.0717858949
0.00000002823 1.19859134883 1119.1856752295
0.00000003302 5.46042536571 302.3772239761
0.00000002747 4.57476263020 226.6324175623
0.00000003814 3.13695930196 901.9544265284
0.00000002707 0.46257342768 1458.472094566
0.00000003402 4.84131712548 714.6788848813
0.00000003346 1.90971738740 44.6134431922
0.00000002960 5.31788128818 1467.0701142751
0.00000003062 1.93542241882 987.7817253596
0.00000003045 4.24065596268 170.1701249541
0.00000003504 4.10521239427 6280.1069045748
0.00000002674 1.01129308948 582.3811631341
0.00000003584 3.12196206765 108.7218485111
0.00000002975 0.13746189123 9987.4562778008
0.00000002634 5.61201014857 412.3710968744
0.00000003702 0.66231252049 10101.8553847142
0.00000003526 4.42297802934 322.6116447801
0.00000003261 4.39228048501 75.3722993983
0.00000002939 3.26319979871 130.552616608
0.00000003295 3.98758407636 488.5889840402
0.00000002737 3.15826692829 683.0262567979
0.00000002915 1.47424610987 680.0573113813
0.00000002624 0.47879556723 29.226199388
0.00000002678 1.28275200438 236.1936451179
0.00000003678 3.46436124301 26468.0309095342
0.00000002598 2.16996571956 191.3195694948
0.00000002943 3.58544468129 12489.8856287072
0.00000002720 1.24094972893 989.0537497468
0.00000002894 2.26999120840 1615.8995982268
0.00000002985 4.93091159917 132.5796060375
0.00000002579 1.27635624544 1034.8428491066
0.00000002711 1.25250599577 52250.5878817157
0.00000002917 5.69857391789 688.6553310904
0.00000003483 1.97113718781 655.938921424
0.00000003280 1.75059058234 683.9894646444
0.00000003260 3.46047977615 74.1908977363
0.00000002936 2.61715717878 115.3623147599
0.00000003200 0.66316490563 457.3570470821
0.00000002565 3.47443238116 2042.4977891028
0.00000003158 4.58160924364 12492.8545741238
0.00000002719 2.89546184370 27.7204748203
0.00000003373 5.52806001629 10210.3166007944
0.00000002600 0.31946397676 85.9391734158
0.00000002619 4.43681016724 949.1756089698
0.00000003290 1.35055242247 515.6763194141
0.00000003180 4.49938964982 694.8382229522
0.00000002586 4.09771865336 1448.9108670104
0.00000002574 5.47692668053 246.9787129509
0.00000003001 3.24181300229 1618.8685436434
0.00000003009 3.16728117117 385.7568422525
0.00000002675 4.91608217296 754.0357607965
0.00000002535 0.13831089527 591.9423906897
0.00000003319 5.98200177347 533.8355666788
0.00000003307 3.31452419197 732.97125859
0.00000002975 5.72770980032 1011.4270345649
0.00000003460 2.59999470578 267.5856407704
0.00000002857 4.11031053901 2267.4332856357
0.00000002754 0.78792218586 229.4526051326
0.00000003422 6.18592254593 281.4884118663
0.00000003495 0.17224634960 371.5297482509
0.00000002547 4.45612695304 901.2207133455
0.00000002476 1.55163657371 1234.1272988641
0.00000003380 3.46612468213 283.6272758804
0.00000002593 1.42286075943 141.6988906084
0.00000002665 2.98397830634 250.6020496733
0.00000002424 3.87508350406 70.6369969831
0.00000002458 4.65895339908 392.6579409322
0.00000002877 5.47506403197 1436.5407527326
0.00000002948 3.49876539234 123.0183784819
0.00000002739 6.05181954433 161.4120465506
0.00000002361 5.34825180906 318.679491517
0.00000003221 1.06289254235 388.7257876691
0.00000002715 1.28980431988 108.982480942
0.00000002392 2.58938442749 156.6767441354
0.00000002313 5.57068624384 29.7956483596
0.00000002351 3.65378596351 112.3933693433
0.00000002768 5.42256168790 482.2573343321
0.00000002731 2.33677247572 273.1510245881
0.00000003230 5.65661970187 134.3728952865
0.00000002685 5.03687735302 763.2244813366
0.00000002816 5.71804752798 327.4375699205
0.00000002608 3.11386505876 578.449009871
0.00000002371 3.52034351878 3.6233367224
0.00000002260 6.23958645351 400.5746370851
0.00000003089 5.69639540598 537.3952129264
0.00000002840 0.03011890351 563.3705826075
0.00000002430 4.24536997427 27.7417266797
0.00000002300 2.44747995452 107.918699359
0.00000002756 0.44285569281 255.8373650909
0.00000002255 3.38467700412 1257.7031721002
0.00000002260 3.85026258012 753.1419889192
0.00000002598 0.43155550046 175.4266922311
0.00000002319 6.27990804405 493.0424021651
0.00000002579 1.76841912074 710.7467316182
0.00000002323 5.19875505188 380.2396425446
0.00000002426 0.96570848986 225.3080035484
0.00000002182 3.63636403703 178.1350052168
0.00000002713 0.64055715691 424.1505103212
0.00000002850 5.36388642993 44.0921783304
0.00000002174 1.36737239358 526.5095713569
0.00000002230 0.18624095003 309.2783226558
0.00000002691 3.12857199475 36.9091953604
0.00000002356 4.70736394167 1297.0600480154
0.00000002705 3.96315420875 466.7582159433
0.00000002120 4.00527978646 78.9262001515
0.00000002790 4.69333575335 845.8858927951
0.00000002790 3.15560752049 696.3226956605
0.00000002082 4.28436571612 1134.1635287565
0.00000002650 1.97955054585 421.2297490144
0.00000002350 2.27006566559 280.2163874791
0.00000002757 3.97088429501 566.3395280241
0.00000002400 2.08287192901 3116.2676309979
0.00000002091 4.86268336295 1222.2784494481
0.00000002402 4.59336971395 569.0478410098
0.00000002053 4.50782983699 2045.4667345194
0.00000002585 3.01434261062 30.5987975117
0.00000002362 0.28351250494 25863.55834587229
0.00000002296 2.43545418785 52252.07235442399
0.00000002296 4.03915647243 52102.50915728939
0.00000002480 4.82872104445 702.1487119091
0.00000002394 2.71842287880 688.4428827693
0.00000002598 5.52873150583 207.3612046048
0.00000002726 2.73636031357 320.3240229197
0.00000002686 3.13615031711 161.7208630913
0.00000002651 4.31467866101 639.6366538831
0.00000001999 3.81218083941 122.0551706354
0.00000002454 4.63684196748 1012.9115072732
0.00000001998 4.34234332604 343.2185725996
0.00000001982 1.04358448861 76.3142553854
0.00000002651 4.50494915824 6209.7787241324
0.00000002315 2.16329763901 380.0158933754
0.00000002012 0.58027132344 530.6541729411
0.00000001987 2.34515279356 768.8535556291
0.00000002062 5.14612272595 68.3011910129
0.00000001998 4.72846905297 76.2178871658
0.00000002501 1.46803291637 95.2766518022
0.00000002564 2.20950808655 566.600160455
0.00000002569 1.68642117040 749.5823426716
0.00000002047 4.43426104911 229.340730548
0.00000002226 1.08954827693 383.3091616977
0.00000002046 3.37543676127 1055.4497769261
0.00000001954 2.49907098662 313.9441891018
0.00000002177 3.00048235729 317.8763423649
0.00000002238 0.97968512796 147.5574595645
0.00000002148 0.16770637484 112.6540017742
0.00000002350 5.77036099171 304.2342036999
0.00000002183 5.58654428071 428.0826635843
0.00000002063 5.64116701319 73.6696328745
0.00000002535 1.13554897110 140.9651774255
0.00000002445 0.65211381551 271.6665518798
0.00000002072 2.29027742046 696.5196376166
0.00000002080 1.24910729957 311.2840602259
0.00000001912 3.75992027324 528.7277572481
0.00000002063 2.21480458793 75.8935642601
0.00000002107 4.64640498877 150.3663462867
0.00000001883 5.29259430554 381.0909758065
0.00000002562 1.42062915032 551.2129166508
0.00000002062 0.46104612533 386.0656587932
0.00000001916 5.84122649523 481.7360694703
0.00000002333 4.77162438255 347.9326231554
0.00000002156 2.11521771652 1250.5896250994
0.00000002347 1.97105922216 188.2387494936
0.00000002034 5.51423990497 678.3603903519
0.00000002321 3.54031153946 103.9865460959
0.00000001833 5.62091026321 840.6662087798
0.00000002378 6.00073785450 664.1275508559
0.00000001896 2.15809918048 379.1645601135
0.00000001809 5.61397062326 14.2270940016
0.00000002262 4.58517690940 430.5303441391
0.00000001933 0.42376762202 915.4478073471
0.00000001933 5.10325064461 1065.0110044817
0.00000002083 4.96820157485 294.3004691288
0.00000001797 2.39655065767 311.9384515317
0.00000001797 0.79284837309 461.5016486663
0.00000001865 1.13583348993 739.0579072695
0.00000001865 5.81531651252 888.6211044041
0.00000001793 5.78804613930 625.8826406335
0.00000001947 5.79903258109 257.3912737684
0.00000002462 3.95916783110 26.826702943
0.00000002317 0.68746265782 625.9945152181
0.00000002107 0.10366607161 1002.7595788866
0.00000002174 4.30981640926 221.8971151471
0.00000001883 4.16371906934 213.1872208534
0.00000001991 2.15389092541 507.5995645668
0.00000001810 3.70831888738 539.2521926502
0.00000001991 5.06761957393 255.57673266
0.00000001812 0.78741962695 151.260118164
0.00000001964 2.71891117329 1024.217839968
0.00000002252 4.45925757192 598.5346728287
0.00000001804 2.34130589983 80.9319377216
0.00000001854 0.13193495049 1396.9714284963
0.00000001854 4.81141797308 1546.5346256309
0.00000002186 2.58979636823 76.5267037065
0.00000001763 5.59121902178 947.6911362615
0.00000001763 0.91173599918 798.1279391269
0.00000001816 0.95956155095 156.043604689
0.00000002202 2.18092416439 583.8656358424
0.00000001910 2.64138421542 498.1983957056
0.00000001910 4.24508650001 348.635198571
0.00000002215 2.45791819477 154.5591319807
0.00000002322 6.16493439544 3340.6124266998
0.00000001895 2.02396634720 467.4395394995
0.00000001943 4.41537853646 185.5786206177
0.00000001738 2.44168217704 913.0001267923
0.00000002046 2.19760587122 882.9920301116
0.00000001830 1.16794111151 47.2735720681
0.00000002143 5.26070898677 42.0651889009
0.00000002200 5.89750938920 10139.988420352
0.00000001677 1.72367555591 975.0391040663
0.00000001677 3.26140378877 1124.6023012009
0.00000001776 5.05356646709 956.2891559706
0.00000002115 3.10908283877 84.8640909847
0.00000002116 4.50159315432 269.0701134787
0.00000001770 2.96002469436 1459.9565672743
0.00000001807 3.84800342064 529.57909051
0.00000001870 2.93365111310 1208.0513554465
0.00000001870 4.47137934596 1357.6145525811
0.00000001891 1.70111414825 190.665178189
0.00000002060 5.06581864584 26013.1215430069
0.00000001835 4.71120582490 76.1060125812
0.00000002020 1.67687010626 354.7855377253
0.00000001733 2.43404581799 187.2755416471
0.00000001641 0.46152323273 303.0585475323
0.00000001671 0.67572104809 154.6710065653
0.00000001696 3.15463633411 398.2870152247
0.00000001968 5.83082526219 195.4004806042
0.00000002230 1.76801946880 624.5100425098
0.00000002151 3.33296618401 552.6973893591
0.00000001674 3.34095983797 316.6525020875
0.00000002029 2.07844879451 199.8538987291
0.00000002029 0.47474650993 349.4170958637
0.00000002114 3.86984575671 81.2620061217
0.00000002147 5.63931772550 590.8304249969
0.00000001706 0.73548513365 961.0244583858
0.00000001706 2.33918741824 811.4612612512
0.00000001822 1.64784768077 473.4623726669
0.00000001822 3.25154996536 323.8991755323
0.00000001909 5.58002039864 6134.9971255651
0.00000002061 3.34168764903 6.8529145699
0.00000001846 4.33154014750 1396.2206689709
0.00000001879 4.21685982495 52.1476813183
0.00000001937 2.04746615092 367.8582274187
0.00000001937 3.58519438379 517.4214245533
0.00000001884 1.88048876898 12.1576659567
0.00000001602 1.46373302224 325.9530972122
0.00000001754 4.23029342972 539.0921339558
0.00000001645 6.23273743453 782.3469364478
0.00000002153 1.61615068478 587.8614795803
0.00000001702 2.46774061252 407.4757357648
0.00000001602 4.95996654045 487.1526954417
0.00000001576 3.95360340011 2077.7624530605
0.00000001576 2.41587516724 1928.1992559259
0.00000001576 5.44388861190 532.1386456494
0.00000001880 1.41060159000 575.2676161333
0.00000001880 6.09008461260 724.8308132679
0.00000001596 5.33991691502 34.62157350
0.00000001624 1.21716384102 475.5162943468
0.00000001803 0.60015233109 529.8028396792
0.00000001662 3.50151803039 484.7050148869
0.00000001735 1.01657070139 196.8849533125
0.00000001584 0.28218018153 1811.773159583
0.00000001804 6.08380488717 188.6594406189
0.00000001758 0.53211549640 550.8885937451
0.00000001758 2.06984372926 700.4517908797
0.00000001573 5.38350153220 461.1291416508
0.00000001667 0.24230138722 556.5176680376
0.00000001559 6.02213221899 343.7398374614
0.00000001796 5.78444078662 525.4981794006
0.00000001563 0.80617444410 563.6312150384
0.00000001603 4.38109882376 59.5912967192
0.00000001606 1.83958629336 1349.7502460549
0.00000001606 3.44328857794 1200.1870489203
0.00000001665 3.75333799201 764.7089540449
0.00000001665 2.14963570742 914.2721511795
0.00000001741 0.81651703967 548.2439712342
0.00000001766 2.00418474011 495.9631634719
0.00000001980 4.53192980595 1054.9285120643
0.00000001980 2.99420157308 905.3653149297
0.00000002146 2.25428923199 67.9286839974
0.00000001560 3.27821444787 1208.9451273238
0.00000001695 2.26284891229 493.303034596
0.00000001940 4.17311496384 981.6313862053
0.00000002135 5.07005192745 245.5424243524
0.00000001604 4.06884840529 1136.4511506169
0.00000001703 2.08965979965 274.5873131866
0.00000001678 0.30302488401 1297.8631971675
0.00000002086 3.24437004031 516.0488264296
0.00000001505 0.38622833840 509.0840372751
0.00000001631 0.44359079978 806.725958836
0.00000001544 4.38766645261 206.706813299
0.00000001495 4.52648520007 234.4967240885
0.00000001549 0.99024664404 834.0739266408
0.00000001549 5.73570371835 684.5107295062
0.00000002013 5.61129200002 81.6345131372
0.00000001950 0.19680015179 118.0706277456
0.00000001943 5.23985037412 14.5571624017
0.00000001483 0.49824817575 1020.8282034261
0.00000001483 2.03597640861 1170.3914005607
0.00000001482 4.41190841719 170.7126416753
0.00000001902 2.07103832540 15.1903018481
0.00000001493 2.13656720330 10.9338256793
0.00000001702 2.78478335260 844.5983620429
0.00000001914 6.05987746357 1211.2327491842
0.00000002038 1.60297482666 6588.4220193841
0.00000001689 3.06284907974 0.8031491521
0.00000001685 0.28381539862 521.6142102473
0.00000001734 3.45650791724 1895.9035373848
0.00000001636 1.62858153403 164.3809919672
0.00000001602 0.20642761616 64.4866578288
0.00000001800 2.99044739237 101.6083015103
0.00000001867 2.92532022361 6060.2155269978
0.00000001822 4.31796502202 934.1977554428
0.00000001660 5.69708947634 1291.4309737229
0.00000002000 5.18442514436 452.2010535416
0.00000001573 2.39570178134 614.8369403696
0.00000001446 6.12512087543 568.2970814844
0.00000001446 4.58739264257 418.7338843498
0.00000001432 1.97954511274 504.561183181
0.00000001578 4.62126447177 669.6929346736
0.00000001773 3.00675487512 16.9835910971
0.00000001514 0.35161589106 403.7036411961
0.00000001888 3.89724586598 1440.9941708575
0.00000001900 3.58215504368 3192.5337022735
0.00000001747 4.07850521042 6346.8117482948
0.00000001747 2.54077697756 6197.2485511602
0.00000001683 1.92235280620 181.6464673546
0.00000001587 4.99761782220 6057.2465815812
0.00000001889 0.62618826487 1129.7101106316
0.00000001753 1.82324191014 1020.025054274
0.00000001753 3.36097014300 1169.5882514086
0.00000001407 3.87667893220 904.1896587621
0.00000001658 0.17315209135 170.0100662597
0.00000001612 4.71519560888 370.0452755426
0.00000001456 5.78909667336 415.6643651967
0.00000001472 3.92804806651 212.3358875915
0.00000001776 5.89527317383 1593.808197699
0.00000001776 4.29157088924 1743.3713948336
0.00000001398 2.89266999881 376.9463742223
0.00000001936 3.02716801943 10518.6317156037
0.00000001423 1.34276219051 302.7497309916
0.00000001929 4.65175583668 2199.7652340692
0.00000001930 3.81505372582 543.9180590962
0.00000001581 4.28040315071 375.934982266
0.00000001621 2.21372960034 362.0322111701
0.00000001629 4.08549980424 340.5102596139
0.00000001756 1.24206336045 555.6663347757
0.00000001391 4.05514082167 623.2225117576
0.00000001480 0.85968170103 557.0389328994
0.00000001421 0.13443282384 1523.6924655777
0.00000001421 1.73813510842 1374.1292684431
0.00000001399 1.64961108641 356.2700104336
0.00000001847 1.78123333872 25939.82441714789
0.00000001466 0.75306338987 2.0057375701
0.00000001461 3.67524662572 139.1718881765
0.00000001453 4.69267570928 746.7621551013
0.00000001450 3.85293024011 907.3710524998
0.00000001369 1.34933149459 1130.2313754934
0.00000001420 2.79221953555 396.5419100855