0.01479896629 3.67205697578 74.7815985673
0.00071212143 6.22600975161 63.7358983034
0.00068627160 6.13411179902 149.5631971346
0.00020857554 5.24625848960 11.0457002639
0.00021468362 2.60175716374 76.2660712756
-0.00024059369 0.0 0.0
0.00011405056 0.01849738017 70.8494453042
0.00007496797 0.42361355955 73.297125859
0.00004243606 1.41691058162 85.8272988312
0.00003505951 2.58348117401 138.5174968707
0.00003228800 5.25495561645 3.9321532631
0.00003926833 3.15526349399 71.8126531507
0.00003059899 0.15323842112 1.4844727083
0.00003578254 2.31157935775 224.3447957019
0.00002564235 0.98078549108 148.0787244263
0.00002429191 3.99450740432 52.6901980395
0.00001644830 2.65310351864 127.4717966068
0.00001583569 1.43049534360 78.7137518304
0.00001413380 4.57461623347 202.2533951741
0.00001489724 2.67568435302 56.6223513026
0.00001403280 1.36986207457 77.7505439839
0.00001227894 1.04699377171 62.2514255951
0.00001507836 5.06019185241 151.0476698429
0.00000991944 2.17181655850 65.2203710117
0.00001032728 0.26473484111 131.4039498699
0.00000861752 5.05508815872 351.8165923087
0.00000744512 3.07725212553 35.1640902212
0.00000603966 0.90716451094 984.6003316219
0.00000647014 4.47286717163 70.3281804424
0.00000574672 3.23069145540 447.7958195265
0.00000687477 2.49910872963 77.962992305
0.00000623247 0.86227007749 9.5612275556
0.00000527867 5.15141241909 2.9689454166
0.00000561872 2.71781314149 462.0229135281
0.00000530530 5.91685160971 213.299095438
0.00000459886 4.22296426568 12.5301729722
0.00000494251 0.46321800530 145.6310438715
0.00000487371 0.70688896635 380.12776796
0.00000380709 3.85094436388 3.1813937377
0.00000444185 2.15555848995 67.6680515665
0.00000338646 2.53719277381 18.1592472647
0.00000372951 5.05141758574 529.6909650946
0.00000348335 1.74875375735 71.6002048296
0.00000405615 1.22950417858 22.0914005278
0.00000268994 6.24204805310 340.7708920448
0.00000255860 2.95699944505 84.3428261229
0.00000259244 3.92085033287 59.8037450403
0.00000224702 3.90949421678 160.6088973985
0.00000221874 3.64708443278 137.0330241624
0.00000254339 3.50524488134 38.1330356378
0.00000238200 2.04842095939 269.9214467406
0.00000272459 3.38353829996 222.8603229936
0.00000200600 1.24854381161 69.3649725959
0.00000234216 0.27861629739 108.4612160802
0.00000188802 4.41158620525 265.9892934775
0.00000212138 0.68012161063 111.4301614968
0.00000205992 1.53361539719 284.1485407422
0.00000196457 4.77133840382 299.1263942692
0.00000153201 5.21574674133 209.3669421749
0.00000163544 4.34120077587 33.6796175129
0.00000150382 1.98905719076 54.1746707478
0.00000136927 0.40354426815 195.1398481733
0.00000117521 0.39618046394 87.3117715395
0.00000128577 2.40591376513 39.6175083461
0.00000104684 2.91746030897 134.5853436076
0.00000103870 1.81603765254 72.3339180125
0.00000106087 0.17146170085 79.2350166922
0.00000106822 0.69945014388 2.4476805548
0.00000094904 4.02460487466 82.8583534146
0.00000104645 4.43615418997 305.3461693927
0.00000093832 5.01799603662 51.2057253312
0.00000103733 2.57520994669 191.2076949102
0.00000106820 1.22984965801 225.8292684102
0.00000093580 3.09257295667 77.2292791221
0.00000097607 3.81404159560 152.5321425512
0.00000084782 5.72500693196 68.8437077341
0.00000077488 0.08155105577 45.5766510387
0.00000076047 4.20422198550 73.8183907208
0.00000086387 0.53091293351 145.1097790097
0.00000075755 3.78546185557 75.7448064138
0.00000077592 1.63627982289 479.2883889155
0.00000084780 0.61510586137 116.4260963429
0.00000100494 4.93994320097 120.358249606
0.00000071979 4.30613043603 565.1156877467
0.00000071236 2.38119498898 60.7669528868
0.00000071539 3.93757368948 153.4953503977
0.00000084837 5.55880391517 344.7030453079
0.00000063516 1.93751130249 41.6444977756
0.00000071587 3.71204011090 408.4389436113
0.00000061914 3.90141588459 4.4534181249
0.00000065088 1.55911828467 106.9767433719
0.00000060091 0.60112111486 74.8934731519
0.00000061828 4.39028435621 453.424893819
0.00000063246 4.18799696764 184.7272873558
0.00000062339 3.23753339104 422.6660376129
0.00000054893 3.72792577723 7.1135470008
0.00000052457 6.08632045364 404.5067903482
0.00000053071 3.51022280941 125.9873238985
0.00000059034 1.55684840494 456.3938392356
0.00000058831 5.33573241567 220.4126424388
0.00000052838 5.20104115605 358.9301393095
0.00000052878 4.44628349017 426.598190876
0.00000055201 1.60181891958 14.977853527
0.00000050997 0.52968367981 490.3340891794
0.00000049541 4.25523625544 5.4166259714
0.00000051389 0.37029408817 206.1855484372
0.00000051834 1.75478067650 8.0767548473
0.00000056742 0.83891135620 146.594251718
0.00000049107 0.94051631401 99.1606209555
0.00000045714 5.34241750716 152.7445908723
0.00000048197 1.97584360072 288.0806940053
0.00000044024 3.03717070644 20.6069278195
0.00000049092 5.84636334727 112.9146342051
0.00000041989 0.04895666240 128.9562693151
0.00000048335 3.62867663323 81.0013736908
0.00000041451 2.33805925587 277.0349937414
0.00000040161 5.09672112780 35.4247226521
0.00000041968 2.50991447143 24.3790223882
0.00000038204 3.61405134343 173.9422195228
0.00000038414 2.06063652881 333.657345044
0.00000042597 1.26088737300 1514.2912967165
0.00000038855 0.74315611802 347.8844390456
0.00000038552 4.95041145803 92.940845832
0.00000033234 1.38358507432 74.6697239827
0.00000033788 3.68407945156 66.9172920411
0.00000039054 5.49702926560 200.7689224658
0.00000031786 0.54344835858 203.7378678824
0.00000033322 6.26106483857 1059.3819301892
0.00000030806 2.53797566903 977.4867846211
0.00000030059 0.19481253674 387.2413149608
0.00000029120 5.44130853027 58.1068240109
0.00000028997 3.10546504714 991.7138786227
0.00000027827 0.36512476794 80.1982245387
0.00000035694 3.72852678524 96.8729990951
0.00000032516 4.38447867630 221.3758502853
0.00000026840 1.35294770385 0.9632078465
0.00000031276 0.79566551587 373.0142209592
0.00000025922 3.45840169631 144.1465711632
0.00000031032 2.06301188151 230.5645708254
0.00000030278 0.71358545978 109.9456887885
0.00000024834 3.04814439142 14.0146456805
0.00000025206 5.12301274564 81.3738807063
0.00000027765 4.75859307922 415.5524906121
0.00000025582 2.56904012503 522.5774180938
0.00000024351 2.20288762433 628.8515860501
0.00000024132 5.67351884701 443.8636662634
0.00000025491 1.78473889586 143.6253063014
0.00000024065 0.67010805340 46.2097904851
0.00000025679 5.43185950755 546.956440482
0.00000024624 3.30585050808 617.8058857862
0.00000024242 5.59897471399 32.1951448046
0.00000022390 4.82189515313 135.5485514541
0.00000027179 2.02720095476 536.8045120954
0.00000021973 4.59216176679 241.6102710893
0.00000022055 4.61793641919 391.1734682239
0.00000020834 0.24550904041 465.9550667912
0.00000027275 2.15420645259 140.001969579
0.00000023632 4.94972840898 561.1835344836
0.00000021149 5.27166890173 159.1244246902
0.00000023328 3.80624099549 55.1378785943
0.00000020015 1.30330553666 518.6452648307
0.00000024853 0.53398556310 181.7583419392
0.00000020058 4.88841177982 909.8187330546
0.00000019193 1.31168318333 543.0242872189
0.00000020801 0.91178178054 76.4785195967
0.00000018990 4.67975156701 98.8999885246
0.00000019667 0.66620464883 66.70484372
0.00000025922 4.52830002662 454.9093665273
0.00000018833 6.08042451630 103.0927742186
0.00000021624 1.23560892029 41.1019810544
0.00000018091 0.96586313214 55.6591434561
0.00000021264 4.19514315520 329.7251917809
0.00000018717 5.77529020491 142.4496501338
0.00000019415 4.31464975363 6.2197751235
0.00000023318 5.83851945854 297.6419215609
0.00000016657 6.09418922673 211.8146227297
0.00000016201 2.49044081792 61.2882177486
0.00000020158 3.16239645425 186.2117600641
0.00000016004 2.97277766861 81.8951455681
0.00000019202 6.01151966247 155.7829722581
0.00000017468 4.82367359029 273.1028404783
0.00000015141 3.65588411554 472.1748419147
0.00000018451 3.47623430315 36.6485629295
0.00000016303 0.13085990583 554.0699874828
0.00000018634 0.23919770714 23.5758732361
0.00000014358 2.69393539884 70.1157321213
0.00000015190 2.43789398876 486.4019359163
0.00000014488 0.14254642208 235.3904959658
0.00000013868 5.09135892763 29.2049475286
0.00000014406 1.56741430063 110.2063212194
0.00000015722 4.25156109914 146.3818033969
0.00000017435 1.95393343617 835.0371344873
0.00000013691 1.63831110433 92.0470739547
0.00000013239 2.85690648081 49.5088043018
0.00000012541 2.92111856784 60.5545045657
0.00000012594 3.20935822266 100.3844612329
0.00000014937 0.32571457437 259.5088859231
0.00000012827 2.77958172785 105.4922706636
0.00000012323 3.36427641421 440.6822725257
0.00000015261 0.25477631378 258.8757464767
0.00000012061 0.08834689678 157.6399519819
0.00000012881 0.30715003179 124.2904028691
0.00000010930 3.41396817201 33.1371007917
0.00000011062 4.99201784219 604.4725636619
0.00000010713 3.88653353837 767.3690829208
0.00000010435 5.25417558285 264.5048207692
0.00000012860 4.80794300903 114.3991069134
0.00000011561 2.60450140190 166.828672522
0.00000010926 0.64149188846 558.0021407459
0.00000012320 4.33795118362 16.6747745564
0.00000009947 0.67247104431 31.492569389
0.00000011298 0.96114335836 373.9079928365
0.00000012150 1.91679035087 378.6432952517
0.00000012229 0.70508380884 218.4069048687
0.00000010319 0.18138367123 275.5505210331
0.00000010753 5.74480767273 88.1149206916
0.00000009402 0.67913169059 353.301065017
0.00000010651 2.32656568944 132.8884225782
0.00000009113 2.99457723392 681.5417840896
0.00000010788 2.62866889129 154.0166152595
0.00000009169 4.79284571455 216.4804891757
0.00000009121 0.77801335714 67.3592350258
0.00000009222 0.73831686735 129.9194771616
0.00000010633 0.37523847853 699.7010313543
0.00000009637 2.88664912193 67.8804998876
0.00000008646 6.12261673260 150.5264049811
0.00000008601 2.20126464880 342.2553647531
0.00000009283 3.02854870998 162.0933701068
0.00000009178 1.49445512725 19.643719973
0.00000010072 3.56581375513 278.5194664497
0.00000009455 3.06088366945 149.6750717192
0.00000009786 2.43713607191 75.3028634291
0.00000009167 5.33037538537 152.0108776894
0.00000008844 5.26389220400 80.7194894005
0.00000008017 4.71822595860 106.0135355254
0.00000010094 0.78601062380 339.2864193365
0.00000008813 0.01616162779 42.5864537627
0.00000007821 0.61192552414 135.336103133
0.00000008193 2.59644466423 469.1364605289
0.00000008571 5.69112316506 760.25553592
0.00000009277 1.97750611607 147.1155165798
0.00000007482 2.64377659424 5.9378908332
0.00000008699 0.54050826161 66.1835788582
0.00000009761 2.59090843673 50.4025761791
0.00000007547 5.94593031762 97.4155158163
0.00000007597 5.80197876381 450.9772132642
0.00000008669 3.69932904987 300.6108669775
0.00000007728 1.95146228634 180.2738692309
0.00000007309 4.98689362574 117.9105690512
0.00000008195 2.30281777892 254.9435932136
0.00000007536 1.47100575256 32.2433289144
0.00000008473 1.27680705707 39.3568759152
0.00000007026 0.68091865104 874.3940104025
0.00000007389 4.09295183164 92.3077063856
0.00000007314 5.04313738379 756.3233826569
0.00000008454 1.22026161161 79.4474650133
0.00000008732 1.34335847863 48.7580447764
0.00000008700 0.17463519061 43.1289704839
0.00000008187 4.29619724129 624.919432787
0.00000006941 5.42054028600 610.6923387854
0.00000006816 3.90452052962 480.7728616238
0.00000006753 6.03251850119 350.3321196004
0.00000006692 4.78230287697 142.6620984549
0.00000007025 1.27885740826 68.5618234438
0.00000006824 1.36436524169 291.262087743
0.00000006900 3.33848530676 68.1893164283
0.00000007254 3.18927739209 268.4369740323
0.00000007635 4.81180010568 312.4597163935
0.00000008135 1.99010407624 692.5874843535
0.00000006310 5.42075206842 88.7962442478
0.00000006477 1.05239284135 685.4739373527
0.00000007121 5.79764411155 468.2426886516
0.00000006320 2.58497126634 458.090760265
0.00000006775 2.59596588927 282.6640680339
0.00000006222 5.68982546821 113.8778420516
0.00000008525 0.00581798397 227.3137411185
0.00000006520 3.99093726386 42.5382696529
0.00000006435 1.03721543099 365.9006739584
0.00000008153 4.04274797388 183.2428146475
0.00000006039 4.35471040863 19.1224551112
0.00000008149 1.12461637867 69.1525242748
0.00000006151 2.78303783800 121.8427223143
0.00000007815 0.55588235015 296.1574488526
0.00000005989 4.98445156091 184.0941479094
0.00000006379 0.16323583721 228.276948965
0.00000006269 4.22014121556 119.5069163441
0.00000005982 5.44774666431 17.5261078183
0.00000005870 0.36534808613 148.5999892881
0.00000005868 5.39245291119 95.3885263868
0.00000005906 0.97697194245 13.3333221243
0.00000005780 0.17831781847 458.8415197904
0.00000005719 4.74598221436 248.7238180901
0.00000005534 4.24741728108 75.5323580927
0.00000005630 2.81567861587 154.979823106
0.00000006260 3.52991762509 285.6330134505
0.00000006919 3.31432622158 306.830642101
0.00000006087 4.04640130992 271.4059194489
0.00000006866 1.34299237220 7.8643065262
0.00000005586 5.33279407873 920.8644333185
0.00000006528 0.45565192064 106.2741679563
0.00000005586 0.29304653043 173.6815870919
0.00000005353 2.49825965802 24.1183899573
0.00000006205 5.27879491339 120.9913890524
0.00000005974 3.62786821437 189.7232222019
0.00000005176 3.69984512887 778.4147831847
0.00000005240 4.14231460056 89.7594520943
0.00000005172 1.54846732288 193.655375465
0.00000006360 0.35370738254 411.620337349
0.00000005260 1.26005665335 267.4737661858
0.00000006906 4.88299482194 419.4846438752
0.00000006332 5.25617761055 58.319272332
0.00000005993 4.70505278581 298.2326223919
0.00000005507 2.72405080404 986.0848043302
0.00000004936 6.07953205967 134.0640787458
0.00000005469 6.21635608230 91.4563731237
0.00000004846 5.66714115710 90.8232336773
0.00000004870 1.24431497533 25.6028626656
0.00000006149 1.88362168986 397.3932433474
0.00000005154 3.37555501409 831.1049812242
0.00000005253 1.85387498292 114.9416236346
0.00000005163 0.49175608455 16.4623262353
0.00000004670 0.85077620511 403.0223176399
0.00000004688 4.94827397388 902.7051860538
0.00000005005 1.40309022449 6.1503391543
0.00000005217 0.27521357608 192.6921676185
0.00000006177 2.78454594522 198.321241911
0.00000005014 5.57665259095 451.9404211107
0.00000004580 2.47734499363 31.2319369581
0.00000005129 3.23528704150 109.3125493421
0.00000005740 0.95870813397 483.2205421786
0.00000004369 6.21847573079 207.8824694666
0.00000004425 2.74721673213 823.9914342234
0.00000004299 0.66587852826 210.3301500214
0.00000004527 1.87365819890 44.7253177768
0.00000004484 1.03729827686 606.7601855223
0.00000004135 0.41031273891 180.1619946463
0.00000004646 5.82325024322 905.8865797915
0.00000004086 4.84914558939 124.5028511902
0.00000004486 0.35223479841 457.8783119439
0.00000004318 1.68857333749 309.2783226558
0.00000005151 2.90867214997 28.3111756513
0.00000004061 3.32301396744 107.4980082337
0.00000004332 1.41872733238 25.1297819136
0.00000004944 5.87125173636 303.8616966844
0.00000004407 5.28748850470 449.2802922348
0.00000004180 1.67985859496 7.4223635415
0.00000003977 3.22662754639 639.897286314
0.00000005415 2.15030495019 187.6962327724
0.00000004217 0.73382717079 497.4476361802
0.00000004875 0.88184557385 255.0554677982
0.00000004758 4.60909386948 258.0244132148
0.00000005337 2.36556705745 477.8039162072
0.00000004456 1.74674336635 95.9792272178
0.00000004138 3.80344455465 460.5384408198
0.00000003843 4.02615028031 104.0077979553
0.00000005032 0.36645338967 123.5396433437
0.00000003780 2.89085160996 27.0873353739
0.00000004309 4.77464606019 463.5073862364
0.00000003779 3.05636034284 142.1408335931
0.00000004357 3.73616179561 376.1956146969
0.00000003705 2.47343159576 25.2727942655
0.00000004232 4.31629167726 446.3113468182
0.00000003576 2.55404008547 6.592282139
0.00000003685 3.26448469664 170.7608257851
0.00000003575 4.31199276037 572.2292347475
0.00000004496 2.10358455875 838.218528225
0.00000003716 0.20018583737 394.3548619616
0.00000003846 5.81080745080 586.3133163972
0.00000003527 4.05179036599 433.7117378768
0.00000003524 3.75716903766 473.068613792
0.00000003501 4.44564884600 384.0599212231
0.00000003636 2.12955997197 73.1852512744
0.00000003841 5.28811045359 43.2890291783
0.00000003928 4.26291422687 196.6243208816
0.00000003702 3.86923731076 981.6313862053
0.00000003445 2.10100539423 316.3918696566
0.00000003432 2.97356096189 535.9107402181
0.00000004312 0.38740046308 988.532484885
0.00000003867 2.08559458308 457.3570470821
0.00000003353 4.19681836937 114.1384744825
0.00000004128 3.06165703137 377.1588225434
0.00000003545 4.41886084391 1293.8786542777
0.00000003309 3.54050386234 520.129737539
0.00000003337 6.23473900765 9947.0556815321
0.00000004527 4.61192905449 47.061123747
0.00000003523 2.00908999163 47.6942631934
0.00000003370 3.65249455401 976.0023119128
0.00000003290 6.13529735100 34.2008823747
0.00000003253 5.22413528932 425.1137181677
0.00000003461 5.18605119393 993.198351331
0.00000003712 2.53410725291 237.6781178262
0.00000003240 3.56995183051 17.2654753874
0.00000003362 1.26285882591 233.9060232575
0.00000003606 1.94705146379 661.0949149645
0.00000003182 0.36603315110 449.4927405559
0.00000003427 6.03153107557 199.2844497575
0.00000003169 2.55715329118 6133.5126528568
0.00000003994 4.53148620187 916.9322800554
0.00000004413 4.14550138614 219.891377577
0.00000003600 4.16003477661 214.7835681463
0.00000004193 4.26425258521 381.6122406683
0.00000003846 3.76849990033 8.5980197091
0.00000003183 3.15317674552 15.1903018481
0.00000003350 5.63661413371 444.8268741099
0.00000003780 5.35722293289 328.2407190726
0.00000003166 2.16351748263 983.1158589136
0.00000003930 2.09444900058 653.9813679637
0.00000003585 1.24517449239 162.8965192589
0.00000003527 1.89208045227 280.9671470045
0.00000003282 1.91872815218 2349.3284312038
0.00000003076 4.77282170585 820.0592809603
0.00000003399 5.35259772941 141.6988906084
0.00000003269 0.52855777633 450.4559484024
0.00000003582 1.60170266832 1587.5884225755
0.00000003044 0.84602343274 30.7106720963
0.00000003616 6.16820602029 171.6545976624
0.00000003007 4.69605806277 978.9712573294
0.00000003528 4.79818282081 406.954470903
0.00000002980 2.17792323043 597.3590166611
0.00000002977 0.69478628170 294.3004691288
0.00000003411 1.18022650672 167.7224443993
0.00000004049 3.15153850922 833.552661779
0.00000003725 5.84743216544 6058.7310542895
0.00000003242 0.63525153286 141.4864422873
0.00000003683 1.86888555615 371.5297482509
0.00000003877 1.44138798341 346.1875180162
0.00000003142 2.26934250738 517.1607921224
0.00000004077 0.07273073033 1190.0351205337
0.00000002893 3.53141229605 94.4253185403
0.00000003020 2.64998251178 20.4468691251
0.00000003110 1.11431255827 1044.4040766622
0.00000002836 0.62522723719 749.2098356561
0.00000002898 4.11830043593 600.5404103988
0.00000002819 4.72400465237 122.4758617607
0.00000003572 1.96375884146 372.4235201282
0.00000002801 3.99301180541 10063.7223490764
0.00000002806 3.85026986935 133.1008708993
0.00000002791 6.24681129336 908.3342603463
0.00000003466 3.43275071793 82.6459050935
0.00000003725 1.68366366742 683.9894646444
0.00000003763 3.28247771799 432.8179659995
0.00000003493 0.98765698465 9988.9407505091
0.00000003523 5.12512607932 105.380396079
0.00000003432 2.80483162230 764.1876891831
0.00000002733 0.42373696972 354.9979860464
0.00000003041 5.75641149588 409.9234163196
0.00000003379 5.47448876584 1396.2206689709
0.00000003102 0.41684444831 521.0929453855
0.00000002863 0.41519700992 894.8408795276
0.00000003128 5.23384180625 424.1505103212
0.00000002688 3.59170326422 621.7380390493
0.00000002848 2.16605887838 216.9224321604
0.00000002673 1.60411606116 136.0698163159
0.00000003414 4.93712749827 1140.38330388
0.00000002653 5.10283251074 118.0224436358
0.00000002730 4.22647867347 990.2294059144
0.00000003113 5.23808775951 417.0369633204
0.00000003289 4.26401031509 544.5087599272
0.00000003100 5.47928527930 701.1855040626
0.00000002785 5.19343849093 144.8973306886
0.00000002605 4.82136791856 362.8622925726
0.00000003183 4.76078229245 294.6729761443
0.00000003550 3.82073713802 511.5317178299
0.00000002641 3.49997209213 293.188503436
0.00000002788 1.54956737675 28.5718080822
0.00000002897 0.37376102831 582.3811631341
0.00000002615 2.25516923974 74.9940468884
0.00000003582 1.27992264402 987.5692770385
0.00000003115 5.10929689813 459.0539681115
0.00000002589 1.83177157042 657.1627617014
0.00000002539 4.14968938109 74.7334144575
0.00000002797 2.82242772664 2036.8687148103
0.00000002688 2.16500211397 262.8078997398
0.00000002817 6.06679932038 374.4986936675
0.00000002539 0.46036497385 74.8297826771
0.00000002504 3.52394801700 1183.6723330583
0.00000002565 1.64023845161 73.4090004436
0.00000002663 4.23321349902 421.1815649046
0.00000003019 1.62290757266 414.0680179038
0.00000002793 2.00644423849 75.0422309982
0.00000003253 2.43153394317 98.3574718034
0.00000002883 2.41875736533 4.665866446
0.00000002553 1.25909246207 670.4960838257
0.00000003135 1.96936617667 842.1506814881
0.00000002604 3.87350462519 74.0308390419
0.00000002510 3.35948960782 464.9918589447
0.00000003050 1.81077971280 331.2096644892
0.00000003005 0.81031349171 73.88782669
0.00000002701 5.89709637826 525.2375469697
0.00000003110 6.14956891318 118.8737768977
0.00000002774 6.26134027482 1022.3126761344
0.00000002402 4.38353347008 1303.2798231389
0.00000002800 2.60339313269 74.5209661364
0.00000003005 0.76247280223 75.6753704446
0.00000002434 4.94784679430 969.6224780949
0.00000002630 0.62894209942 227.5261894396
0.00000002669 0.73340228210 73.0846775379
0.00000002465 1.30648773380 77.0692204277
0.00000002395 2.76580569447 768.8535556291
0.00000002753 5.59058621175 388.7257876691
0.00000003230 0.01981320255 881.5075574033
0.00000003008 5.65955463660 1969.2006632438
0.00000003008 0.91409756228 2118.7638603784
0.00000002465 0.26629856014 72.4939767069
0.00000002313 3.37979302623 286.596221297
0.00000002272 2.77069357318 515.463871093
0.00000002579 4.80372721669 103.3534066495
0.00000002360 4.12736987374 74.6215398729
0.00000002220 2.17920233841 491.8185618877
0.00000002498 1.19812774743 383.0967133766
0.00000002981 3.15769661969 1887.3055176757
0.00000002570 3.13859674290 229.0800981171
0.00000002355 0.48259604722 74.9416572617
0.00000002228 1.42452148910 6219.339951688
0.00000002184 5.18000549953 59.2824801785
0.00000002319 2.10326941903 11.1575748485
0.00000002724 3.48225905765 10.2949407385
0.00000002162 3.61282527361 22.633917249
0.00000002232 3.98572942665 68.631259413
0.00000002390 2.47806087593 177.8743727859
0.00000002199 0.22998162264 217.2312487011
0.00000002915 5.18526716284 218.9281697305
0.00000002875 2.77889026188 184.9879197867
0.00000002865 0.62015957113 1411.1985224979
0.00000002298 3.95654643159 26.0235537909
0.00000002318 1.21463632824 291.7040307277
0.00000002560 1.48802298081 1055.4497769261
0.00000002796 5.59819583385 260.9933586314
0.00000002492 4.25519394022 149.45132255
0.00000002007 6.11892578566 63.6240237188
0.00000002110 3.59139003023 256.4280659219
0.00000002198 4.46404375855 524.0618908021
0.00000002706 0.80150714262 89.0086925689
0.00000002410 2.28619111368 74.2603337055
0.00000002102 3.18561308775 635.9651330509
0.00000002006 1.30247563131 385.7568422525
0.00000002304 3.60550712225 115.8835796217
0.00000001899 2.42426868365 273.8536000037
0.00000002119 5.98199852906 559.6990617753
0.00000002152 5.30772822745 2.0057375701
0.00000002447 5.10278930542 205.2223405907
0.00000001962 1.45399000044 80.4106728598
0.00000001895 3.30475087405 46.470422916
0.00000001942 1.79179369066 346.3999663373
0.00000001850 5.74338030118 175.1660598002
0.00000001848 2.74750349182 429.7795846137
0.00000001848 1.20977525896 280.2163874791
0.00000002220 1.12912931401 323.5054166574
0.00000001839 3.58086367470 327.4375699205
0.00000001839 4.86693953738 507.5995645668
0.00000001848 5.26302620499 81.682697247
0.00000001996 4.36291795113 1812.5239191084
0.00000001893 0.10622820999 93.9040536785
0.00000002368 2.77235858734 477.0007670551
0.00000001891 2.25571301508 4.7353024152
0.00000001792 1.59759408430 832.5894539325
0.00000001792 3.20129636889 683.0262567979
0.00000002092 0.32766195745 343.2185725996
0.00000001792 5.80267442975 779.899255893
0.00000001726 3.18023607065 332.1728723357
0.00000001831 3.75183606052 469.7271613599
0.00000001831 5.28956429339 619.2903584945
0.00000001721 0.80119805379 1432.3961511484
0.00000001721 2.33892628665 1581.959348283
0.00000001978 1.74196451080 331.3215390738
0.00000001895 5.31311179301 253.5709950899
0.00000001758 2.96038070029 1596.1864422846
0.00000001758 1.42265246742 1446.62324515
0.00000002109 0.73357181364 758.7710632117
0.00000001911 0.46392477628 1589.0728952838
0.00000001960 5.98949067581 1392.2885157078
0.00000001960 1.31000765322 1242.7253185732
0.00000001833 6.18306213718 535.3200393871
0.00000002195 0.42296220916 703.6331846174
0.00000001815 5.00776376696 255.8373650909
0.00000001890 0.32598438166 221.1634019642
0.00000001864 2.68023304080 405.9912630565
0.00000002065 6.09002439734 763.4369296577
0.00000002065 4.55229616447 613.8737325231
0.00000001610 4.91408185660 115.3623147599
0.00000001823 5.54014516908 357.4456666012
0.00000001620 2.90668209411 609.2078660771
0.00000001604 3.64436334999 30.0562807905
0.00000001578 6.12288879129 423.6292454594
0.00000001754 3.29214293116 1515.7757694248
0.00000001819 6.21015313585 215.4379594521
0.00000001679 2.61674435978 181.0557665236
0.00000001907 5.52030331800 602.9880909536
0.00000001520 1.94954212244 1228.4982245716
0.00000001520 0.34583983785 1378.0614217062
0.00000001538 4.79041960434 543.9180590962
0.00000001518 3.84678636307 14.2270940016
0.00000001851 4.61165114292 774.4826299216
0.00000001520 3.24071154201 39.0962434843
0.00000001647 5.88231739154 398.8777160557
0.00000001471 1.35595542925 481.7360694703
0.00000001469 5.56206799884 301.4140161296
0.00000001474 1.58634608266 274.0660483248
0.00000001480 6.05250894033 194.2885149114
0.00000001473 0.67726919761 539.2521926502
0.00000001472 3.07440978254 50.66320861
0.00000001564 5.43230552977 459.3627846522
0.00000001468 5.20182042843 130.4407420234
0.00000001802 2.75155368399 30.5987975117
0.00000001483 2.08618845205 69.6737891366
0.00000001433 3.35897454068 267.5856407704
0.00000001801 6.06701083819 210.8514148832
0.00000001473 1.65632386952 1052.2683831884
0.00000001392 3.13732434239 369.0820676961
0.00000001502 0.28443439725 495.9631634719
0.00000001403 4.98324477005 35.685355083
0.00000001404 3.16559098208 255.57673266
0.00000001456 5.36560710378 6283.0758499914
0.00000001412 0.68968780108 348.8476468921
0.00000001589 4.89344411716 1366.2125722902
0.00000001426 5.72934799733 335.1418177523
0.00000001469 4.66006940636 893.3564068193
0.00000001469 6.26377169094 743.7932096847
0.00000001668 1.29876086261 1673.2556627123
0.00000001668 2.90246314719 1523.6924655777
0.00000001526 5.93140614398 1662.9607219738
0.00000001373 4.85710108204 61.448276443
0.00000001366 4.78315200862 470.6903692064
0.00000001390 5.76987164020 79.889407998
0.00000001461 3.00376275716 632.7837393132