0.00495536218 2.17046712634 529.6909650946
0.00272185821 2.44443364925 213.299095438
0.00155444313 0.59927010840 38.1330356378
0.00083755792 0.76880164710 74.7815985673
0.00033869535 0.0 0.0
0.00012011827 2.52003147880 1059.3819301892
0.00007585830 1.66995483217 426.598190876
0.00001963743 5.70773655842 206.1855484372
0.00001891503 2.32096821003 220.4126424388
0.00001940124 3.22686130461 149.5631971346
0.00001436841 2.30161968078 522.5774180938
0.00001405975 5.18858607879 536.8045120954
0.00001185515 5.48969329104 76.2660712756
0.00000813077 1.68393442622 36.6485629295
0.00000767125 2.65620459324 39.6175083461
0.00000628788 4.99295631526 73.297125859
0.00000436632 2.86969820654 1589.0728952838
0.00000382844 3.57213982765 7.1135470008
0.00000317511 4.53536380695 419.4846438752
0.00000309191 0.92301535903 639.897286314
0.00000287366 3.36314089821 110.2063212194
0.00000304013 3.32425157103 6283.0758499914
0.00000269924 0.29178785093 103.0927742186
0.00000213445 4.22099738237 316.3918696566
0.00000177041 4.74733135300 10213.285546211
0.00000138577 0.43043981485 1.4844727083
0.00000112761 0.85382170184 632.7837393132
0.00000105538 1.55181188435 433.7117378768
0.00000098007 1.45965911177 1052.2683831884
0.00000109014 1.58735183284 1162.4747044078
0.00000069581 5.53444845615 1066.49547719
0.00000056638 6.03067632809 949.1756089698
0.00000066066 4.98950696350 846.0828347512
0.00000063109 4.22325583135 148.0787244263
0.00000063108 5.44406082112 224.3447957019
0.00000048910 1.49052112890 3340.6124266998
0.00000034784 3.03113665420 35.1640902212
0.00000030366 2.65225160596 11.0457002639
0.00000028582 1.27599593473 41.1019810544
0.00000028733 2.14315245629 151.0476698429
0.00000027688 5.44433605847 63.7358983034
0.00000023815 2.19051967809 227.5261894396
0.00000023457 0.09576335036 71.8126531507
0.00000023256 5.18050538435 85.8272988312
0.00000018818 3.21978774117 2118.7638603784
0.00000022104 2.36649230999 2.9689454166
0.00000021981 4.82484958838 77.7505439839
0.00000020052 2.45637769313 209.3669421749
0.00000019691 5.58713076986 217.2312487011
0.00000015682 3.70800811377 742.9900605326
0.00000018552 4.31061638297 202.2533951741
0.00000018318 1.49471267476 323.5054166574
0.00000017492 1.45131471586 138.5174968707
0.00000015554 1.06805925164 735.8765135318
0.00000015545 2.44244738845 515.463871093
0.00000016381 0.25980625854 853.196381752
0.00000011595 5.83451477433 199.0720014364
0.00000010833 5.05422968004 543.9180590962
0.00000011585 5.32336141881 525.7588118315
0.00000011435 2.15573411853 533.6231183577
0.00000007912 0.86429104720 1478.8665740644
0.00000008319 1.95435351055 1692.1656695024
0.00000007196 1.94802350337 216.4804891757
0.00000007036 6.09743344991 210.1177017003
0.00000007148 0.89057242152 415.5524906121
0.00000006899 2.82570489004 117.3198682202
0.00000007245 2.48166026447 1265.5674786264
0.00000006960 1.29290894763 956.2891559706
0.00000007569 3.42743646666 14.2270940016
0.00000006604 0.80525786731 647.0108333148
0.00000007374 1.70513414627 1581.959348283
0.00000007040 0.48482036852 95.9792272178
0.00000006330 3.87859376833 70.8494453042
0.00000005078 2.67641304277 526.5095713569
0.00000004977 4.80328860665 532.8723588323
0.00000005879 0.79782511263 78.7137518304
0.00000006300 5.97937567752 26087.9031415742
0.00000006103 4.10884733063 111.4301614968
0.00000004361 5.32253972289 1375.7737998458
0.00000004423 6.24070525621 277.0349937414
0.00000004713 3.21489250017 114.3991069134
0.00000005182 0.28726404719 222.8603229936
0.00000003758 5.87986928750 1596.1864422846
0.00000004577 5.47618219772 146.594251718
0.00000002830 5.36742188515 309.2783226558
0.00000003761 5.75801604585 490.3340891794
0.00000002820 1.86334392833 299.1263942692
0.00000003425 0.95244785238 351.8165923087
0.00000002922 5.30505468617 109.9456887885
0.00000002471 1.29713026645 625.6701923124
0.00000002540 3.28107325303 12566.1516999828
0.00000002281 1.82907071974 6681.2248533996
0.00000002269 5.79898675704 3.9321532631
0.00000002547 4.75277405496 1169.5882514086
0.00000002285 1.22344285748 1045.1548361876
0.00000001913 1.75777087654 1155.361157407
0.00000001820 4.24734832675 33.6796175129
0.00000001649 1.44498561983 440.8252848776
0.00000001844 1.12596393242 4.4534181249
0.00000001439 6.16071128287 942.062061969
0.00000001487 4.35858219478 412.3710968744
0.00000001428 4.17962469716 65.2203710117
0.00000001413 0.07531190902 42.5864537627
0.00000001485 6.11611294959 210.8514148832
0.00000001473 1.91659379347 215.7467759928
0.00000001422 4.41813139873 225.8292684102
0.00000001091 1.25744389434 422.6660376129
0.00000001368 3.55740359860 79.2350166922
0.00000001019 5.67612773072 145.6310438715
0.00000001421 0.83890525684 152.5321425512
0.00000001188 1.28708061167 70.3281804424
0.00000001031 1.65365925948 1795.258443721
0.00000000977 0.76357046359 84.3428261229
0.00000000964 4.63043034198 1272.6810256272
0.00000001076 5.29118995114 212.3358875915
0.00000001071 2.73962355675 214.2623032845
0.00000001243 1.30343744920 184.7272873558
0.00000000891 2.41639607024 213.2509113282
0.00000000890 5.61419511254 213.3472795478
0.00000000891 3.57007763083 2648.454825473
0.00000001041 4.23685547840 137.0330241624
0.00000000968 2.96119647882 437.6438911399
0.00000000812 0.69907573293 288.0806940053
0.00000000819 5.28403120371 529.6427809848
0.00000000819 2.19867289777 529.7391492044
0.00000001037 2.70514798372 527.2432845398
0.00000001029 4.77626567802 532.1386456494
0.00000000859 0.82190799976 74.6697239827
0.00000000858 3.85737061744 74.8934731519
0.00000000776 2.50668810243 203.7378678824
0.00000000734 3.78800004602 112.9146342051
0.00000000711 0.35309558162 628.8515860501
0.00000000925 1.39948133634 160.6088973985
0.00000000663 3.47906442185 1368.660252845
0.00000000742 1.23961445295 9.5612275556
0.00000000647 1.38461879483 2008.557539159
0.00000000875 3.77647530400 380.12776796
0.00000000599 5.62726409830 20426.571092422
0.00000000599 1.67376937095 2111.6503133776
0.00000000619 5.21680002932 430.5303441391
0.00000000661 2.90920830849 1063.3140834523
0.00000000663 2.12818812670 838.9692877504
0.00000000598 5.09026310864 423.4167971383
0.00000000633 1.58661078881 12.5301729722
0.00000000647 1.86412144751 528.7277572481
0.00000000646 5.61853780158 530.6541729411
0.00000000640 2.74650543543 52175.8062831484
0.00000000547 2.31713581375 2221.856634597
0.00000000541 5.63219919123 1055.4497769261
0.00000000672 1.51129840313 221.3758502853
0.00000000490 1.40385202337 71.6002048296
0.00000000473 3.26277772078 77.962992305
0.00000000648 6.03788509546 22.0914005278
0.00000000624 1.28974618222 330.6189636582
0.00000000653 1.15486761496 388.4651552382
0.00000000468 5.41054107443 1073.6090241908
0.00000000532 1.20297674206 728.762966531
0.00000000574 4.09850700417 87.3117715395
0.00000000604 0.41299096165 984.6003316219
0.00000000541 1.50869067477 72.3339180125
0.00000000468 3.76982493207 212.7778305762
0.00000000466 4.26202338577 213.8203602998
0.00000000419 1.18672277137 429.7795846137
0.00000000423 5.23795043183 340.7708920448
0.00000000462 0.09066955654 860.3099287528
0.00000000511 3.34354440535 77.2292791221
0.00000000491 3.39044076994 3.1813937377
0.00000000413 0.42041417925 145.1097790097
0.00000000336 5.60932577353 127.4717966068
0.00000000409 0.70233676711 350.3321196004
0.00000000383 4.56297720194 909.8187330546
0.00000000375 0.23620758788 108.4612160802
0.00000000313 2.04966851954 234.6397364404
0.00000000382 0.24418522119 186.2117600641
0.00000000288 5.63178266285 1905.4647649404
0.00000000308 1.11858229845 362.8622925726
0.00000000311 2.87485251647 297.6419215609
0.00000000289 0.35271915498 529.1697002328
0.00000000264 2.24237848599 1485.9801210652
0.00000000289 0.84527308658 530.2122299564
0.00000000366 1.35412421660 604.4725636619
0.00000000282 0.06832834990 62.2514255951
0.00000000263 4.77643040513 52.6901980395
0.00000000257 2.63966270921 1258.4539316256
0.00000000324 5.37496427957 200.7689224658
0.00000000275 6.25194576299 565.1156877467
0.00000000269 4.90534085198 140.001969579
0.00000000321 5.03461670419 703.6331846174
0.00000000249 4.80534758404 210.3783341312
0.00000000248 3.22187918056 216.2198567448
0.00000000243 5.15609899738 1062.5633239269
0.00000000336 6.10975677385 454.9093665273
0.00000000240 1.67381717935 37.611770776
0.00000000237 2.15132956903 212.5483359126
0.00000000255 3.33122871209 153.4953503977
0.00000000236 5.87788994285 214.0498549634
0.00000000236 2.66792286959 38.6543004996
0.00000000252 3.03988883560 209.106309744
0.00000000248 4.98513016170 217.491881132
0.00000000225 1.81041528541 223.5940361765
0.00000000224 3.94824411240 38.084851528
0.00000000223 0.39234241482 38.1812197476
0.00000000216 6.22908327759 2125.8774073792
0.00000000244 2.64604748092 173.9422195228
0.00000000234 5.26336192114 74.2603337055
0.00000000233 5.70130722395 75.3028634291
0.00000000247 5.27605423414 252.6559713532
0.00000000203 5.54978754111 18.1592472647
0.00000000282 6.12964546434 563.6312150384
0.00000000224 0.66388865647 88.865680217
0.00000000205 4.98750840184 417.0369633204
0.00000000211 3.56508711838 37.1698277913
0.00000000215 5.07155551847 1699.2792165032
0.00000000192 2.70968461449 66.70484372
0.00000000204 2.47411750627 207.6700211455
0.00000000228 3.58367417249 207.8824694666
0.00000000203 0.77682463263 39.0962434843
0.00000000186 2.34538148826 1898.3512179396
0.00000000220 4.46432405157 218.7157214094
0.00000000186 2.59788381829 508.3503240922
0.00000000195 5.53819155539 218.9281697305
0.00000000178 4.08297672654 211.8146227297
0.00000000224 2.49436555659 1056.2005364515
0.00000000195 0.90841744066 28.5718080822
0.00000000190 4.35107066119 142.4496501338
0.00000000171 1.38853028989 526.7702037878
0.00000000186 5.42678326989 554.0699874828
0.00000000169 6.09402587013 532.6117264014
0.00000000217 2.01707572818 124.433415221
0.00000000175 5.92248308601 525.4981794006
0.00000000160 2.16768657112 10021.8372800994
0.00000000187 1.52481751621 1574.8458012822
0.00000000158 5.04734034343 528.9402055692
0.00000000169 0.93171590629 1471.7530270636
0.00000000157 2.43465536306 530.44172462
0.00000000188 1.87050370857 569.0478410098
0.00000000194 2.55166855580 183.2428146475
0.00000000199 2.28730999946 1685.0521225016
0.00000000178 6.20228633181 5.9378908332
0.00000000207 0.24572465192 73.8183907208
0.00000000185 3.34815986923 265.9892934775
0.00000000175 5.99371438486 217.964961884
0.00000000148 2.83101653780 519.3960243561
0.00000000146 2.06659470489 82.8583534146
0.00000000192 4.39395898967 425.1137181677
0.00000000149 1.96157392100 414.0680179038
0.00000000165 3.65136085639 231.4583427027
0.00000000201 4.11002299299 453.424893819
0.00000000200 4.96476307548 1439.5096981492
0.00000000140 4.10887314023 408.4389436113
0.00000000191 4.47590456732 75.7448064138
0.00000000149 1.58541955295 533.8837507886
0.00000000158 2.03821572977 208.633228992
0.00000000153 3.42669369028 47.6942631934
0.00000000131 6.22770537067 203.0041546995
0.00000000183 0.59231255504 1021.2488945514
0.00000000139 4.27354999851 373.9079928365
0.00000000139 4.04425486837 214.7835681463
0.00000000166 1.38695682715 305.3461693927
0.00000000130 0.69748880175 654.1243803156
0.00000000144 6.26381421560 4.192785694
0.00000000139 5.93780077355 251.4321310758
0.00000000121 3.73123340759 479.2883889155
0.00000000119 5.90821338773 114.1384744825
0.00000000115 4.65379442884 539.9859058331
0.00000000114 3.22069040111 213.4109700226
0.00000000114 4.81084790265 213.1872208534
0.00000000129 6.17361043988 302.164775655
0.00000000116 5.36019004356 524.0618908021
0.00000000115 2.12419003336 535.3200393871
0.00000000126 5.34406107671 540.7366653585
0.00000000119 4.95824095217 983.1158589136
0.00000000115 0.35603129387 98.8999885246
0.00000000118 4.91950265277 525.0250986486
0.00000000102 1.89629804705 56.6223513026
0.00000000100 2.14566059864 529.851023789
0.00000000100 5.33661471676 529.5309064002
0.00000000099 0.29530316101 198.321241911
0.00000000102 6.02433300674 963.4027029714
0.00000000109 2.17221801259 175.1660598002
0.00000000111 6.01414242152 80.1982245387
0.00000000096 5.43048994495 213.0866471169
0.00000000096 2.60104835880 213.5115437591
0.00000000099 4.90758830995 551.031606097
0.00000000113 1.88238867485 2324.9494088156
0.00000000111 2.56844286864 534.3568315406
0.00000000117 0.19396627342 524.2743391232
0.00000000095 3.70643398698 327.4375699205
0.00000000104 5.47404374073 32.1951448046
0.00000000127 3.26672162678 21.3406410024
0.00000000115 1.00365590687 535.107591066
0.00000000097 5.79658161560 78263.70942472259
0.00000000096 4.77567549605 35.685355083
0.00000000103 2.84917048342 219.891377577
0.00000000091 4.79589087629 1802.3719907218
0.00000000090 1.60104298475 1382.8873468466
0.00000000093 4.20565309570 99.1606209555
0.00000000087 1.28166497839 228.276948965
0.00000000100 1.82319423846 96.8729990951
0.00000000085 3.63689104790 74.8297826771
0.00000000085 1.04303023325 74.7334144575
0.00000000113 5.85548952542 177.8743727859
0.00000000085 5.99437376237 191.9584544356
0.00000000087 5.84639583938 40.5807161926
0.00000000102 4.67254721576 131.4039498699
0.00000000093 5.77977069690 74.5209661364
0.00000000093 5.18093640996 75.0422309982
0.00000000080 2.87647086515 278.5194664497
0.00000000089 1.46011729281 191.2076949102
0.00000000079 2.74811848231 38.0211610532
0.00000000079 1.59253269036 38.2449102224
0.00000000083 0.78518936484 300.6108669775
0.00000000078 5.64618149774 30.0562807905
0.00000000097 3.75597837361 259.5088859231
0.00000000085 5.14758347117 44.070926471
0.00000000089 2.25592202290 835.0371344873
0.00000000076 3.13724740029 106.2741679563
0.00000000091 2.31009109472 80.7194894005
0.00000000075 0.93284040810 205.2223405907
0.00000000079 1.02058994543 74.6215398729
0.00000000078 3.65920759701 74.9416572617
0.00000000077 1.39895481144 195.1398481733
0.00000000072 4.78502700351 213.0384630071
0.00000000072 3.24651089369 213.5597278689
0.00000000096 2.67801150530 483.2205421786
0.00000000086 2.73735833770 2.4476805548
0.00000000095 2.11170756015 248.7238180901
0.00000000069 1.88886878891 529.4785167735
0.00000000069 5.59340951305 529.9034134157
0.00000000076 1.98904461594 518.6452648307
0.00000000066 0.44946982323 635.9651330509
0.00000000066 1.92154628038 2214.7430875962
0.00000000074 2.48641792134 68.8437077341
0.00000000084 5.41269775901 424.1505103212
0.00000000071 1.03137133715 275.5505210331
0.00000000066 4.46930207827 33.9402499438
0.00000000063 1.65767004610 20.6069278195
0.00000000083 5.09775374255 404.5067903482
0.00000000063 2.94014383007 8.0767548473
0.00000000068 2.22365421702 831.8557407496
0.00000000082 5.88510225867 154.0166152595
0.00000000081 2.12955581519 37.8724032069
0.00000000073 5.60150844280 115.8835796217
0.00000000080 2.21108404080 38.3936680687
0.00000000064 4.44827566878 284.1485407422
0.00000000070 0.48885804664 107.0249274817
0.00000000069 0.94467164100 511.5317178299
0.00000000058 4.95419870669 46.2097904851
0.00000000079 4.15336422499 531.1754378029
0.00000000067 5.81376296368 643.8294395771
0.00000000056 6.15449621937 842.1506814881
0.00000000065 0.26869494906 547.8502123593
0.00000000069 3.21235031019 269.9214467406
0.00000000075 3.14349504273 227.3137411185
0.00000000061 4.72931440223 121.2520214833
0.00000000061 1.41008037643 429.0458714308
0.00000000064 2.72423324964 159.1244246902
0.00000000061 2.23944425679 650.9429865779
0.00000000073 3.31073272937 528.2064923863
0.00000000057 1.89137287758 92.940845832
0.00000000068 5.14472869299 219.4494345923
0.00000000051 3.53345258541 1048.3362299253
0.00000000062 4.52301275304 425.6349830295
0.00000000065 1.17174840770 14.977853527
0.00000000058 4.32481237367 72.0732855816
0.00000000050 6.18510990638 960.2213092337
0.00000000055 0.04281344157 42.3258213318
0.00000000050 4.83446941002 426.6463749858
0.00000000049 3.21271029936 514.7131115676
0.00000000065 2.41337358880 494.2662424425
0.00000000067 2.57317423197 618.5566453116
0.00000000052 1.85871885411 2641.3412784722
0.00000000062 6.11167050077 750.1036075334
0.00000000053 0.86945819735 2428.0421830342
0.00000000050 1.63663518288 426.5500067662
0.00000000047 4.26489760399 544.6688186216
0.00000000047 4.45256678947 387.2413149608
0.00000000055 3.70101890767 81.8951455681
0.00000000060 0.53980789709 488.8496164711
0.00000000064 2.60081517768 1364.7280995819
0.00000000052 2.81764658144 210.5907824523
0.00000000053 2.05896623723 427.5613987225
0.00000000051 5.21356444643 216.0074084237
0.00000000050 3.05458837611 1056.9342496344
0.00000000049 6.03922030861 501.3797894433
0.00000000044 1.83359720481 2538.2485042536
0.00000000044 3.59534331356 74.0308390419
0.00000000050 5.77173682772 355.7487455718
0.00000000044 1.08481523531 75.5323580927
0.00000000043 5.70834575414 213.4591541324
0.00000000043 2.32287306604 213.1390367436
0.00000000043 5.47593276555 220.4608265486
0.00000000056 1.59993474661 491.8185618877
0.00000000054 5.39695767554 187.6962327724
0.00000000050 3.99260483640 296.1574488526
0.00000000057 5.35044527046 1061.829610744
0.00000000043 3.24179066608 128.9562693151
0.00000000047 4.95696645233 1279.794572628
0.00000000054 2.89069416534 207.1487562837
0.00000000048 1.44348407688 106.9767433719
0.00000000056 3.88391523095 1057.8974574809
0.00000000047 3.45990384746 679.2541622292
0.00000000053 0.36365795711 601.7642506762
0.00000000045 3.92464674406 3178.1457905676
0.00000000040 2.54799612698 1059.430114299
0.00000000045 3.08256873858 10.2949407385
0.00000000051 4.18413102003 344.7030453079
0.00000000042 2.30009534060 220.364458329
0.00000000055 5.75395220831 188.9200730498
0.00000000053 0.70077978084 67.6680515665
0.00000000039 1.93706467599 1788.1448967202
0.00000000044 4.99425187685 179.3588454942
0.00000000044 0.26434468297 289.5651667136
0.00000000040 4.73960650797 436.1594184316
0.00000000040 3.26413558741 149.45132255
0.00000000047 1.24067371450 1038.0412891868
0.00000000044 0.82332847780 358.9301393095
0.00000000036 1.35884346175 68.1893164283
0.00000000036 2.69669701623 2751.5475996916
0.00000000047 5.73121342219 523.5406259403
0.00000000036 1.89385828446 59.8037450403
0.00000000040 5.63337030653 1059.3337460794
0.00000000038 4.07163115574 212.0270710508
0.00000000037 3.95930414230 214.5711198252
0.00000000047 0.89434277888 50.4025761791
0.00000000039 0.73367000632 1514.2912967165
0.00000000040 5.57904418434 497.4476361802
0.00000000035 2.73744180385 672.1406152284
0.00000000040 1.63699678518 143.6253063014
0.00000000036 3.56130087049 1361.5467058442
0.00000000035 3.08830623607 89.7594520943
0.00000000040 0.01680612963 149.6750717192
0.00000000043 1.35224903493 312.4597163935
0.00000000042 1.76079418628 535.8413042489
0.00000000035 0.17606718200 529.9515975255
0.00000000035 1.02336134569 529.4303326637
0.00000000032 2.54476552980 206.1373643274
0.00000000045 5.30626896435 1512.8068240082
0.00000000043 2.21665582542 237.6781178262
0.00000000040 3.35479050773 1593.0050485469
0.00000000033 2.42762603478 2001.4439921582
0.00000000034 2.34445071844 522.6256022036
0.00000000031 3.37478583123 81.3738807063
0.00000000031 5.42920592130 522.529233984
0.00000000032 3.35243256009 767.3690829208
0.00000000038 5.10282384073 92.0470739547
0.00000000031 6.06589927522 35.212274331
0.00000000033 6.06643896212 1060.3451380357
0.00000000032 3.23800955917 18849.2275499742
0.00000000033 4.63488708885 5.4166259714
0.00000000036 5.94088407657 181.0557665236
0.00000000031 5.71228872293 206.233732547
0.00000000029 5.95807433561 1585.1407420207
0.00000000029 2.97395589358 426.0769260142
0.00000000027 0.43069996566 643.0786800517
0.00000000034 2.04440145216 245.5424243524
0.00000000029 3.97759672159 458.8415197904
0.00000000027 2.79321900732 113.3877149571
0.00000000029 5.12998256913 536.7563279856
0.00000000026 2.06190087041 536.8526962052
0.00000000030 2.98025809633 247.2393453818
0.00000000031 1.37524160449 567.8240007324
0.00000000027 2.98857169783 558.0021407459
0.00000000033 1.49583126452 885.4397106664
0.00000000026 0.62593148485 528.4189407074
0.00000000033 4.03510285925 68.5618234438
0.00000000026 0.57312068081 530.9629894818
0.00000000025 1.86315259104 144.1465711632
0.00000000030 4.12682460945 69.1525242748
0.00000000031 5.38346601432 235.3904959658
0.00000000026 4.88440379376 69.3649725959
0.00000000024 4.58671428072 41.0537969446
0.00000000024 6.27647996519 934.9485149682
0.00000000026 1.01956540442 746.9222137957
0.00000000027 2.81184546014 88.7962442478
0.00000000024 2.04291264310 54.1746707478
0.00000000026 5.16330947382 206.706813299
0.00000000026 3.48718560303 427.1194557378
0.00000000023 3.87311020164 146.3818033969
0.00000000024 1.35152561667 447.9388318784
0.00000000023 4.31374933960 31.5407534988
0.00000000031 2.21418055348 1058.4187223427
0.00000000029 4.96198802688 23.5758732361
0.00000000023 0.96856236499 523.0986829556
0.00000000025 2.35513367075 39.3568759152
0.00000000023 0.25207950257 14.0146456805
0.00000000029 6.28195292509 1023.9572075371
0.00000000027 1.49068438865 258.0244132148
0.00000000021 1.44135675848 420.9691165835
0.00000000024 3.38673660916 342.2553647531
0.00000000028 0.32194633183 162.0933701068
0.00000000026 5.47900878960 152.0108776894
0.00000000022 4.68575585219 320.3240229197
0.00000000027 0.60945244318 81.0013736908
0.00000000026 4.75752764914 1158.5425511447
0.00000000024 2.71292041287 260.9933586314
0.00000000022 0.96530934897 337.732510659
0.00000000024 1.73470580103 1134.1635287565
0.00000000023 0.91598037938 4.665866446
0.00000000020 1.57021274170 2104.5367663768
0.00000000021 0.23251071113 536.2832472336
0.00000000021 2.06391569985 521.6142102473
0.00000000023 3.92597486873 391.1734682239
0.00000000020 1.26511552629 212.0752551606
0.00000000020 0.48291798671 214.5229357154
0.00000000020 0.82904675049 99.9113804809
0.00000000022 3.97512645943 621.7380390493
0.00000000024 0.37655000500 31.019488637
0.00000000020 3.96183227004 630.3360587584
0.00000000020 1.51439029768 692.5874843535
0.00000000020 4.83495758164 230.5645708254
0.00000000023 1.56251814290 495.7507151508
0.00000000023 3.81105398957 181.7583419392
0.00000000026 5.38965597987 776.9303104764
0.00000000021 1.23628963571 60.7669528868
0.00000000019 3.91126145868 423.6774295692
0.00000000023 3.16482764080 353.301065017
0.00000000019 5.74511374097 1603.2999892854
0.00000000021 1.90244085454 73.4090004436
0.00000000019 1.66681958500 2531.1349572528
0.00000000020 1.47362321872 211.6021744086
0.00000000019 0.10308351886 6.1503391543
0.00000000020 5.35567175214 372.4235201282
0.00000000023 4.95211633898 561.934294009
0.00000000020 4.03436943213 157.6399519819
0.00000000018 6.19626793608 953.1077622329
0.00000000018 2.56391351376 104351.61256629678
0.00000000019 3.47582025777 1098.7388061044
0.00000000018 4.43520040650 6.592282139
0.00000000017 0.00246430284 44.7253177768
0.00000000023 4.43878616883 916.9322800554
0.00000000017 4.51884922337 636.7158925763
0.00000000017 1.69909042950 184.9879197867
0.00000000019 4.99623549098 7.4223635415
0.00000000018 2.31152779617 32.2433289144
0.00000000017 1.25157436898 152.7445908723
0.00000000020 1.75617954135 696.5196376166
0.00000000017 5.49705406575 526.9826521089
0.00000000016 1.56945304094 267.4737661858
0.00000000017 3.55351176831 600.5404103988
0.00000000017 2.31154641456 182.279606801
0.00000000022 1.53237346528 6.2197751235
0.00000000021 2.71350199726 286.596221297
0.00000000017 5.42837245904 537.7677199419
0.00000000020 1.57340365568 1166.4068576709
0.00000000017 0.68412522074 2744.4340526908
0.00000000019 4.13175891930 220.9339073006
0.00000000019 5.65622064409 778.4147831847
0.00000000016 5.80893325127 2435.155730035
0.00000000021 4.02549892208 141.4864422873
0.00000000016 1.06850165415 436.8931316145
0.00000000016 0.62904330584 319.5732633943
0.00000000016 0.38882783166 5.6290742925
0.00000000017 0.26609772175 214.9960164674
0.00000000015 1.77611950715 1049.0869894507
0.00000000016 5.41922843655 2228.9701815978
0.00000000015 1.44946241177 627.3671133418
0.00000000018 6.18538776686 576.1613880106
0.00000000016 2.01756151519 312.1990839626
0.00000000020 2.43269100690 505.3119427064
0.00000000017 2.29578624620 273.1028404783
0.00000000018 5.32449106801 1969.2006632438
0.00000000019 6.09825025640 760.25553592
0.00000000015 5.61342452402 491.5579294568
0.00000000016 3.55570458351 95.3885263868
0.00000000017 3.94668990411 0.9632078465
0.00000000017 0.27209841055 221.1634019642
0.00000000015 2.00349398121 532.3992780803
0.00000000017 4.97483387876 416.3032501375
0.00000000015 2.54331959767 988.532484885
0.00000000015 3.69020943763 731.9443602687
0.00000000016 4.67719181508 2.9207613068
0.00000000018 1.00894858228 421.93232443
0.00000000015 0.98715474942 292.0128472684
0.00000000014 3.48141058348 7.065362891
0.00000000014 0.44059222370 211.8628068395
0.00000000014 1.30744128930 214.7353840365
0.00000000016 5.04374358810 73.1852512744
0.00000000014 6.14971506999 241.6102710893
0.00000000015 2.86446650235 444.7574381407
0.00000000014 2.42647496893 2317.8358618148
0.00000000014 0.70147362527 1058.8606653274
0.00000000014 5.66142782541 282.4516197128
0.00000000014 0.14477892919 1070.4276304531
0.00000000018 2.31049190433 523.4711899711
0.00000000014 3.08712252242 135.5485514541
0.00000000018 5.17633752146 535.9107402181
0.00000000014 1.96375670227 219.6618829134
0.00000000016 4.11900515617 418.5214360287
0.00000000017 1.90617951181 439.1283638482
0.00000000013 1.61003658474 27.0873353739
0.00000000018 3.71589155069 45.2465826386
0.00000000014 4.21557167873 430.79097657
0.00000000018 0.25726617504 1151.4290041439
0.00000000013 1.39924383122 425.8474313506
0.00000000014 2.43371472113 429.5189521828
0.00000000017 4.36239429201 347.8844390456
0.00000000013 5.06401541079 617.8058857862
0.00000000013 0.04661077494 339.2864193365
0.00000000014 3.25137938878 2015.6710861598
0.00000000014 2.46383671446 35.4247226521
0.00000000013 2.63747376701 1585.8915015461
0.00000000015 0.38582816164 199.2844497575
0.00000000016 3.65694985324 638.4128136057
0.00000000014 6.00616793883 192.6921676185
0.00000000014 0.09396317091 166.828672522
0.00000000013 5.17736473658 498.6714764576
0.00000000013 5.50576363446 1592.2542890215
0.00000000015 2.64799753677 945.2434557067
0.00000000012 2.17299880235 421.1815649046
0.00000000014 4.87931858618 36.7604375141
0.00000000013 0.30717055378 2655.5683724738
0.00000000012 2.38062047657 598.8434893694
0.00000000013 2.50540068014 13362.4497067992
0.00000000014 0.37482179977 7.1617311106
0.00000000014 0.92860467846 1550.939859646
0.00000000012 1.77909600497 46.470422916
0.00000000015 1.32940629775 205.4347889118
0.00000000012 4.77187228430 938.1299087059
0.00000000014 3.94138074971 147.1155165798
0.00000000014 5.69803666962 39.5056337615
0.00000000015 0.22782971575 1289.9465010146
0.00000000012 3.63916581155 24.3790223882
0.00000000012 2.47711415015 597.3590166611
0.00000000012 4.38568792647 527.9940440652
0.00000000012 3.09659037549 531.387886124
0.00000000012 2.33536001070 560.7104537316
0.00000000011 5.60694561960 244.318584075
0.00000000013 3.89614170159 205.6642835754
0.00000000011 1.80047192955 33.1371007917
0.00000000014 1.19670750106 1059.903195051
0.00000000015 0.46435508259 150.5264049811
0.00000000013 4.66605634483 432.2272651685
0.00000000011 5.60057273842 210.3301500214
0.00000000011 3.81513615951 608.404716925
0.00000000012 0.73222820933 120.9913890524
0.00000000011 3.19330091388 528.2546764961
0.00000000011 4.28897738808 531.1272536931
0.00000000011 6.07804682582 206.9363079626
0.00000000011 2.46888718235 1148.2476104062
0.00000000011 5.94501754776 51.2057253312
0.00000000010 5.23866808164 427.3489504014
0.00000000011 1.86995093557 150.0844619964
0.00000000014 4.86804065893 378.6432952517
0.00000000013 3.59748191688 428.0826635843
0.00000000011 1.28291000987 209.1544938538
0.00000000010 1.36138347225 629.6023455755
0.00000000010 0.40978579418 125.9873238985
0.00000000010 5.79679358031 415.2918581812
0.00000000014 6.15362111420 1173.5204046717
0.00000000013 2.40937624104 212.4053235607
0.00000000013 5.62184257913 214.1928673153
0.00000000010 2.80479558635 605.9570363702
0.00000000010 2.56668543311 1891.2376709388
0.00000000010 6.22635612142 867.4234757536
0.00000000013 5.94179661012 1041.2226829245
0.00000000010 0.45068933139 217.4436970222
0.00000000010 3.15383743619 181.806526049
0.00000000010 4.07002674149 405.2575498736
0.00000000012 5.84786866785 381.6122406683
0.00000000009 2.09284564023 1159.2933106701
0.00000000010 2.22671529337 333.657345044
0.00000000010 2.31187236025 546.956440482
0.00000000010 5.25684077542 431.264057322
0.00000000012 1.61460398653 738.7972748386
0.00000000010 5.40123990345 460.5384408198
0.00000000010 0.14404716850 155.7829722581
0.00000000012 3.14924236088 450.9772132642
0.00000000009 4.03213133235 528.4671248172
0.00000000011 2.88621334050 28.3111756513
0.00000000009 4.19555404950 1165.6560981455
0.00000000008 3.46097740255 530.914805372
0.00000000009 0.04637931204 69.6737891366
0.00000000009 5.40753282752 754.0357607965
0.00000000012 1.38537383177 721.6494195302
0.00000000009 4.19100388815 0.5212648618
0.00000000012 3.43831701560 134.5853436076
0.00000000009 4.72240285304 465.9550667912
0.00000000009 3.70709245487 280.9671470045
0.00000000008 1.46946168036 131.5469622218
0.00000000008 1.73516019806 1056.4611688824
0.00000000010 0.06865542606 448.6895914038
0.00000000008 1.72917243692 192.8522263129
0.00000000008 4.46770744193 361.3778198643
0.00000000008 3.26923868189 405.9912630565
0.00000000011 0.11612223196 1020.025054274
0.00000000008 4.92087563189 313.2104759189
0.00000000010 4.32768014997 189.1807054807
0.00000000008 4.67907344342 79.889407998
0.00000000008 5.04946311938 464.7312265138
0.00000000009 1.71810953684 36.5366883449
0.00000000008 4.84240352586 244.791664827
0.00000000010 4.41832107849 381.3516082374
0.00000000010 2.20742015711 530.5847369719
0.00000000010 5.27485814485 528.7971932173
0.00000000008 5.39721379669 1058.6311706638
0.00000000009 2.73227763941 29.2049475286
0.00000000008 4.63518203907 411.620337349
0.00000000009 2.19295323979 103.3534066495
0.00000000008 5.18381379645 462.0229135281
0.00000000008 2.79749742555 422.405405182
0.00000000008 3.32979544985 533.8355666788
0.00000000009 2.69655297859 39.7293829307
0.00000000007 3.32680253166 521.8266585684
0.00000000009 1.06248243670 395.578702239
0.00000000009 4.89300038136 710.7467316182
0.00000000008 4.18600288174 525.5463635104
0.00000000010 1.91529997720 259.769518354
0.00000000007 4.15570065598 537.5552716208
0.00000000007 0.01886158971 233.7459645631
0.00000000009 3.91753991774 218.4069048687
0.00000000008 0.15958851658 1062.302691496
0.00000000009 3.13387610584 556.5176680376
0.00000000007 1.95813917019 1064.7985561606
0.00000000007 1.93378768698 1063.5747158832
0.00000000007 3.27297531111 412.5835451955
0.00000000009 1.25976113938 2957.7331481288
0.00000000009 2.68780752055 148.5999892881
0.00000000008 2.78415263682 1060.1326897146
0.00000000007 2.61068773535 216.2680408546
0.00000000010 4.95742849118 456.3938392356
0.00000000008 3.05834752866 329.7251917809
0.00000000007 1.74393304100 420.4478517217
0.00000000007 3.06771631981 19.1224551112
0.00000000008 0.32773950650 214.9436268407
0.00000000008 1.42029400650 211.6545640353
0.00000000008 1.46996458441 149.0419322728
0.00000000008 3.84046364591 116.4260963429
0.00000000007 5.43372978042 229.9738699944
0.00000000009 4.16665868672 1201.831580323
0.00000000007 1.97658084158 212.4959462859
0.00000000007 6.05463797860 214.1022445901
0.00000000008 0.85401055465 73.88782669
0.00000000008 3.82539188135 75.6753704446
0.00000000008 2.15142736957 49.1787359017
0.00000000009 2.31949929685 2854.6403739102
0.00000000008 2.98103710968 41.6444977756
0.00000000008 5.05063897472 2332.0629558164
0.00000000007 3.50267459549 100.3844612329
0.00000000007 1.39940681150 2847.5268269094
0.00000000007 2.29089037502 154.979823106
0.00000000008 6.03076773173 0.7507595254
0.00000000006 5.29793183943 7.6348118626
0.00000000006 4.33898289564 1054.7160637432
0.00000000007 2.21667984430 952.3570027075
0.00000000006 4.41633931314 357.4456666012
0.00000000007 1.57131024362 294.6729761443
0.00000000006 0.39345391900 37.9205873167
0.00000000007 5.37764563731 36.8610112506
0.00000000006 3.96294945086 38.3454839589
0.00000000006 4.05963533879 426.4863162914
0.00000000006 3.06727638129 33.0252262071
0.00000000006 2.04032164082 1912.5783119412
0.00000000009 2.53138734107 602.9880909536
0.00000000007 4.45371648459 264.5048207692
0.00000000006 3.94156942560 857.1285350151
0.00000000006 0.85484505811 81.7521332162
0.00000000007 2.89403815639 207.0793203145
0.00000000006 4.68519638634 57.255490749
0.00000000006 4.77751420257 224.6054281328
0.00000000006 0.44574132526 40.8413486235
0.00000000007 0.21140156839 945.9942152321
0.00000000006 2.46947783725 426.7100654606
0.00000000007 4.57368950238 1060.8664028975
0.00000000007 3.37399536314 3337.0893083508
0.00000000007 2.74863508294 3344.1355450488
0.00000000006 3.10055471072 223.3334037456
0.00000000006 5.12204822125 219.5188705615
0.00000000006 5.24513134042 39.405060025
0.00000000008 2.53065731568 76.154196691
0.00000000006 1.96645231708 1035.002907801
0.00000000006 0.86486901616 241.8709035202
0.00000000007 0.22818174779 849.2642284889
0.00000000006 3.63430070900 392.6579409322
0.00000000006 5.36826892088 402.2191684878
0.00000000006 1.71954777094 457.617679513
0.00000000006 5.56251980409 156.1554792736
0.00000000006 3.77873797012 531.3354964973
0.00000000006 3.70354033184 528.0464336919
0.00000000006 2.61327362115 120.358249606
0.00000000006 1.42537638849 76.4785195967
0.00000000006 0.43627502894 30.7106720963
0.00000000007 1.09433571082 82.2039621088
0.00000000007 6.23226532477 1055.1891444952
0.00000000006 6.12459912861 498.1983957056
0.00000000006 2.42617941492 1276.6131788903
0.00000000006 5.00298394883 156.6767441354
0.00000000006 0.54499619759 162.8965192589
0.00000000006 4.00320905630 343.2185725996
0.00000000006 1.75008991191 130.4407420234
0.00000000006 6.20575790615 334.2904844904
0.00000000007 1.26011578705 129.9194771616
0.00000000007 1.67958887971 480.7728616238
0.00000000005 2.87874618735 1251.3403846248
0.00000000005 4.40527085788 513.2286388593
0.00000000005 4.12994130638 432.0148168474
0.00000000005 2.07525052037 2634.2277314714
0.00000000005 1.84983579495 426.8106391971
0.00000000005 4.67927738109 426.3857425549
0.00000000005 1.22418687439 810.6581120991
0.00000000005 3.65053466527 486.4019359163
0.00000000005 0.03793556312 1091.6252591036
0.00000000005 3.16523175807 1677.9385755008
0.00000000006 0.54424275059 1053.9653042178
0.00000000006 3.93503423364 45.5553991793
0.00000000006 2.77886758144 555.5544601911
0.00000000007 0.32836306040 707.5653378805
0.00000000006 2.77453457915 61.448276443
0.00000000006 2.65718513722 105.4922706636
0.00000000005 2.91666423856 1064.0477966352
0.00000000005 5.75232137659 1176.7017984094
0.00000000005 3.07700731231 546.1532913299
0.00000000006 4.84262159998 905.8865797915
0.00000000007 1.28065014879 739.8086667949
0.00000000005 1.95177657961 45.5766510387
0.00000000005 2.36606388404 112.6540017742
0.00000000006 0.43877853444 306.830642101
0.00000000005 0.45194596155 3060.8259223474
0.00000000006 4.80275465774 175.4266922311
0.00000000005 4.27804958023 850.0149880143
0.00000000005 0.11172244091 92.3077063856
0.00000000005 1.23903018931 43.2408450685
0.00000000005 2.95228726274 831.1049812242
0.00000000006 2.89014633398 240.3864308119
0.00000000005 1.75462037643 79.4474650133
0.00000000006 4.68867443457 1053.7528558967
0.00000000007 5.73085786268 141.2258098564
0.00000000005 1.53838601581 230.7075831773
0.00000000005 5.68585738307 1059.2218714948
0.00000000005 4.66068869017 419.532827985
0.00000000005 1.38371746998 199.9657733137
0.00000000006 1.10531583980 42.5382696529
0.00000000005 4.78693057512 477.8039162072
0.00000000005 1.96712978699 88.1149206916
0.00000000005 0.27963845276 552.5855147745
0.00000000005 1.14824029811 263.7016716171
0.00000000006 5.63323977459 423.6292454594
0.00000000005 1.29581999755 254.9435932136
0.00000000005 1.95397343376 469.8872200543
0.00000000005 0.62939525517 107.7586406646
0.00000000005 1.99404230729 66.9172920411
0.00000000005 3.24249864256 375.3924655448
0.00000000005 5.34846050308 171.6545976624
0.00000000005 2.06621135712 6279.5527316424
0.00000000005 1.44073593407 6286.5989683404
0.00000000006 4.94169220322 206.3979967583
0.00000000006 2.82796912730 256.5399405065
0.00000000006 5.63575606894 908.3342603463
0.00000000006 4.67979511902 155.5010879678
0.00000000005 3.71793644532 67.3592350258
0.00000000005 2.49550905044 1059.5419888836
0.00000000005 3.24017992541 54.3347294422
0.00000000005 5.87095870265 1493.093668066
0.00000000006 5.38294343974 512.4254897072
0.00000000005 1.95584308803 285.3723810196
0.00000000005 4.98985796917 1069.6768709277
0.00000000004 0.23180542080 295.0512286542
0.00000000004 4.68477590546 220.3007678542
0.00000000004 0.07779353591 36.4361146084
0.00000000005 0.35635469026 226.6324175623
0.00000000006 6.11086179074 31.492569389
0.00000000004 4.70847901375 211.2933578679
0.00000000004 3.32273980643 215.3048330081
0.00000000005 3.33007728324 220.2001941177
0.00000000005 4.64353655079 637.4496057592
0.00000000005 3.08811796544 512.2824773553
0.00000000004 4.62155469575 509.2440959695
0.00000000005 0.05776010630 364.3467652809
0.00000000004 1.20032881219 642.3449668688
0.00000000006 1.57410775703 593.426863398
0.00000000005 4.48756352642 199.8057146193
0.00000000004 2.87324956196 550.1378342197
0.00000000005 4.24468533160 203.8979265768
0.00000000005 2.00362741907 233.9060232575
0.00000000005 6.10787864510 724.8308132679
0.00000000005 1.47578911718 419.4364597654
0.00000000005 1.88450516703 409.9234163196
0.00000000004 4.26279371314 39.8299566672
0.00000000004 5.27754931678 1080.7225711916
0.00000000005 0.74020210751 98.3574718034
0.00000000004 3.39498045153 195.7729876197
0.00000000005 2.51647214808 980.6681783588
0.00000000005 3.59781478063 668.2084619653
0.00000000004 4.04095166158 1127.0499817557
0.00000000005 3.75866179788 172.4577468145
0.00000000005 5.78187789560 302.0953396858
0.00000000005 4.51160719825 348.8476468921
0.00000000004 3.78574244699 222.7002642992
0.00000000004 2.49529855865 426.8588233069
0.00000000004 1.03273332059 441.576044403
0.00000000004 4.94416760472 93.9040536785
0.00000000004 4.03381466848 426.3375584451
0.00000000004 4.71644896302 230.8252032563
0.00000000004 1.95799618639 149.3025647037
0.00000000005 1.54458129421 170.0100662597
0.00000000004 4.85620428785 970.5162499722
0.00000000004 6.09801780440 149.6113812444
0.00000000004 6.09702737419 512.1648572763
0.00000000005 5.99011856749 757.2171545342
0.00000000004 1.49473827676 519.656656787
0.00000000005 3.84533101165 685.4739373527
0.00000000005 2.37600858697 1065.0110044817
0.00000000004 3.09268278234 220.5245170234
0.00000000005 6.18849027411 702.1487119091
0.00000000004 5.03027859896 43.2890291783
0.00000000004 3.50415777352 149.5150130248
0.00000000004 0.10667756573 1489.9122743283
0.00000000005 0.11392585787 55.6591434561
0.00000000004 2.85036336853 73.5577582899
0.00000000004 1.18511383194 74.1484591209
0.00000000004 3.49428860406 75.4147380137
0.00000000004 1.38904040751 76.42612997
0.00000000004 1.38525078831 547.2170729129
0.00000000004 0.28976395349 434.6749457233
0.00000000005 2.38969625576 274.0660483248
0.00000000004 4.04730973428 1578.0271950199
0.00000000004 5.08993936389 554.8207470082
0.00000000004 3.91537493540 991.7138786227
0.00000000005 3.81298318563 1087.6931058405
0.00000000004 0.97736096631 25.6028626656
0.00000000005 0.83096018609 782.3469364478
0.00000000004 4.82166454325 106.0135355254
0.00000000004 4.86234837049 32.7164096664
0.00000000004 1.68446223486 36.6967470393
0.00000000004 1.86808454060 241.7532834412
0.00000000005 2.08498093723 228.7982138268
0.00000000005 4.71053495896 81.682697247
0.00000000004 3.69634529841 775.233389447
0.00000000004 3.64994770025 111.1695290659
0.00000000005 0.38404917281 258.8757464767
0.00000000004 0.65015195501 472.1748419147
0.00000000004 3.53470981638 110.1581371096
0.00000000005 0.24406627292 1025.4416802454
0.00000000004 4.95008752174 502.8642621516
0.00000000005 3.22652185341 251.1714986449
0.00000000004 1.46322874353 864.2420820159
0.00000000004 2.69111017006 82.6459050935
0.00000000004 6.12032389052 149.723255829
0.00000000005 0.86561408573 705.1176573257
0.00000000004 3.95917742176 580.0935412737
0.00000000004 6.16458246293 572.2292347475
0.00000000004 2.28426689317 3171.0322435668
0.00000000004 6.10104919920 567.5633683015
0.00000000004 0.42832918870 1894.4190646765
0.00000000003 5.61450581208 130439.51570787099
0.00000000004 2.84597832055 142.1408335931
0.00000000004 0.01348355565 173.6815870919
0.00000000004 3.29966255649 420.005908737
0.00000000004 4.31279855698 107.2855599126
0.00000000004 4.23814100611 1587.5884225755
0.00000000003 4.73061190758 394.3548619616
0.00000000004 4.62536014517 19.643719973
0.00000000004 5.67360440697 2042.4977891028
0.00000000004 3.45346544892 238.5718897035
0.00000000003 1.94705044808 280.003939158
0.00000000003 3.60870461616 73.1370671646
0.00000000004 1.36099408435 149.8238295655
0.00000000004 5.80751631620 188.1693135244
0.00000000004 3.46226806872 739.0579072695
0.00000000003 5.94295357882 1059.5943785103
0.00000000003 2.47326068340 3067.9394693482
0.00000000003 0.22557675889 110.2545053292
0.00000000004 3.48185168741 149.4031384402
0.00000000004 0.14394017655 370.9390474199
0.00000000003 6.22196011434 531.6967026647
0.00000000003 3.17055586789 26.0235537909
0.00000000003 5.66177212198 714.6788848813
0.00000000003 1.25974158121 527.6852275245
0.00000000003 2.25722693493 119.5069163441
0.00000000004 4.35437473297 547.0994528339
0.00000000004 5.96554793073 76.3779458602
0.00000000003 2.99900688541 36.1272980677
0.00000000004 5.34750220863 386.9806825299
0.00000000003 4.93777453806 203.2647871304
0.00000000003 2.20572290308 2207.6295405954
0.00000000004 2.38646827469 193.655375465
0.00000000003 1.55169999397 196.8367692027
0.00000000004 2.45688070761 303.8616966844
0.00000000003 4.28706572007 254.1404440615
0.00000000003 3.41531610417 611.4430983108
0.00000000004 2.51725792281 189.7232222019
0.00000000003 4.11419214708 639.9454704238
0.00000000004 5.80239406360 43.5496616092
0.00000000004 3.79734739797 638.9340784675
0.00000000003 2.23841285469 1059.1694818681
0.00000000004 4.40683142592 432.7485300303
0.00000000003 1.15399574131 3274.1250177854
0.00000000004 6.12767326091 403.0223176399
0.00000000003 0.62240490398 1077.5411774539
0.00000000003 1.34293298217 1049.8207026336
0.00000000004 4.49082255335 221.8971151471
0.00000000004 1.95106483965 331.3215390738
0.00000000004 6.04941411982 987.3086446076
0.00000000004 2.48513057884 196.0336200506
0.00000000003 3.34672294499 206.2974230218
0.00000000004 5.98714927091 815.0633461142
0.00000000003 1.87321139373 16.04163511
0.00000000003 0.91640384102 639.8491022042
0.00000000004 3.19240126580 226.7924762567
0.00000000003 0.90437166824 570.5323137181
0.00000000003 5.99284266424 539.7252734022
0.00000000003 3.32571391209 201.9927627432
0.00000000004 2.51968636978 986.0848043302
0.00000000004 0.83940380786 2.7083129857
0.00000000003 3.50097703738 73.9784494152
0.00000000003 1.17842539862 75.5847477194
0.00000000004 3.04590086413 105.5404547734
0.00000000003 1.37134739659 186.472392495
0.00000000003 1.79933435460 468.2426886516
0.00000000003 5.37711250197 589.4947101349
0.00000000004 3.66517949468 543.0242872189
0.00000000004 5.18247226124 1123.1178284926
0.00000000003 1.56928708064 262.4778313397
0.00000000003 3.03717673431 70.0462961521
0.00000000003 6.27277258269 16.4623262353
0.00000000003 2.52485262253 1269.4996318895
0.00000000003 5.66096256697 1065.6017053127
0.00000000003 0.60812634918 911.3032057629
0.00000000003 6.21684488334 522.6892926784
0.00000000003 1.26543341862 536.6926375108
0.00000000004 1.12014485627 812.1425848074
0.00000000003 4.59530161668 194.1766403268
0.00000000003 4.77625421178 433.7599219866
0.00000000003 2.43746348253 504.561183181
0.00000000003 5.11223657305 76.7873361374
0.00000000003 1.37712875627 640.8604941605
0.00000000003 0.49083651970 119.767548775
0.00000000004 0.19166337793 256.5881246163
0.00000000003 5.74368313027 1591.5205758386
0.00000000003 3.89236217311 219.1406180516
0.00000000003 1.66779796238 944.9828232758
0.00000000004 0.46469103319 977.4867846211
0.00000000003 3.40467646537 1586.625214729
0.00000000003 5.41886713273 16.6747745564
0.00000000003 5.35709346348 406.954470903
0.00000000003 1.18463169105 504.4181708291
0.00000000003 0.29639889493 240.125798381
0.00000000004 6.18520958096 109.2431133729
0.00000000003 0.50288020555 1012.9115072732
0.00000000003 1.34717493471 100.6450936638
0.00000000003 1.58813559089 433.663553767
0.00000000003 2.06659817346 423.8898778903
0.00000000004 3.99019117649 332.8060117821
0.00000000003 2.68144529736 334.5511169213
0.00000000003 6.24199966414 229.7614216733
0.00000000003 4.84237233565 117.36805233
0.00000000003 1.56582347375 1567.7322542814
0.00000000003 2.59468901357 967.3348562345
0.00000000003 3.26359178932 204.7010757289
0.00000000003 2.65313234396 36.9091953604
0.00000000003 1.11540581919 3163.918696566
0.00000000003 3.89282571562 101.8689339412
0.00000000003 0.81501257642 1482.7987273275
0.00000000003 5.20903239624 67.0773507355
0.00000000003 3.42217383358 594.6507036754
0.00000000003 0.85408846981 326.6868103951
0.00000000003 1.34692233951 95.2284676924
0.00000000003 2.11458768070 238.4288773516
0.00000000003 0.10572797311 389.9496279465
0.00000000003 0.02803810607 554.9637593601
0.00000000002 3.97627726370 1474.9344208013
0.00000000003 5.04593897585 25.2727942655
0.00000000003 2.13154149861 5223.6939198022
0.00000000003 4.14506010302 1215.1649024473
0.00000000003 2.96936351901 572.9799942729
0.00000000003 4.46251505367 429.3065038617
0.00000000003 1.53717569068 2420.9286360334
0.00000000003 4.84459368978 70.1157321213
0.00000000003 4.93921322136 206.0736738526
0.00000000003 5.87646484421 325.9530972122
0.00000000003 4.63407991490 71.1582618449
0.00000000003 1.35304494207 58.1068240109
0.00000000002 4.95729295762 426.7582495704
0.00000000002 0.35093935298 103.1409583284
0.00000000002 1.57182026951 426.4381321816
0.00000000003 0.22414431985 30639.856638633
0.00000000002 2.47348953400 824.7421937488
0.00000000003 2.34672218997 140.9651774255
0.00000000003 3.75424963526 104.0559820651
0.00000000003 1.48331291617 539.2521926502
0.00000000003 5.02556949389 180.2738692309
0.00000000002 3.04412797959 71.8608372605
0.00000000003 5.95049731065 536.91638668
0.00000000003 1.53178099131 522.4655435092
0.00000000003 2.12746057045 176.6505325085
0.00000000003 4.00780371970 649.4585138696
0.00000000003 3.03013352437 14143.4952424306
0.00000000002 3.85530156976 194.3890886479
0.00000000002 0.56671168618 661.2379273164
0.00000000003 2.46622131533 453.6855262499
0.00000000002 3.46450853334 103.0445901088
0.00000000003 0.03733657207 78.4049352897
0.00000000002 5.19806115333 167.0893049529
0.00000000002 4.61438536730 1074.3597837162
0.00000000003 2.51782058807 187.4356003415
0.00000000002 3.06218083197 3281.2385647862
0.00000000003 4.79366988176 97.4155158163
0.00000000003 6.20828867659 310.1720945331
0.00000000003 3.48692805917 354.5249052944
0.00000000003 1.35327433550 7.8643065262
0.00000000002 5.33895570631 5.1078094307
0.00000000003 0.14790051128 102.1295663721
0.00000000002 6.15305969404 148.8124376092
0.00000000002 1.63527454889 77.7023598741
0.00000000003 0.96448948153 538.2889848037
0.00000000003 0.23460351325 521.0929453855
0.00000000003 4.79253603301 135.336103133
0.00000000002 5.83269526756 570.7447620392
0.00000000003 3.35428536949 143.9341228421
0.00000000003 1.46153229106 522.7898664149
0.00000000003 6.02074601090 536.5920637743
0.00000000002 5.68217414257 65.3804297061
0.00000000002 5.59130337229 842.9014410135
0.00000000002 3.76188061934 1090.4014188262
0.00000000002 5.95499666472 295.1942410061
0.00000000002 0.93511964703 3340.629680352
0.00000000002 5.18753332271 3340.5951730476
0.00000000002 1.73244132435 530.324104541
0.00000000002 5.74983697761 529.0578256482
0.00000000002 4.15154941233 207.4575728244
0.00000000002 1.05653519123 255.8373650909
0.00000000003 6.11670486582 17.5261078183
0.00000000003 4.51202777337 526.722019678
0.00000000003 2.97025052859 532.6599105112
0.00000000002 5.99294704910 1053.2315910349
0.00000000002 1.88430780231 806.725958836
0.00000000002 3.64212431845 31.6526280834
0.00000000003 2.23364374205 380.3884003909
0.00000000002 1.84809557699 74.4090915518
0.00000000002 2.83130685901 75.1541055828
0.00000000002 3.64808127126 13.4933808187
0.00000000002 1.71844352497 732.6951197941
0.00000000002 2.86599389489 366.7944458357
0.00000000003 5.74724216185 82.4858463991
0.00000000002 3.86762575697 91.4563731237
0.00000000003 1.24871596090 170.7608257851
0.00000000002 2.89764541348 1589.1210793936
0.00000000002 1.01311833095 2043.9822618111
0.00000000002 4.17591768574 232.2091022281
0.00000000002 3.17462388385 142.9709149956
0.00000000003 1.36141936485 12036.4607348882
0.00000000002 4.18855382222 48.9181034708
0.00000000003 0.75585909025 1440.9941708575
0.00000000002 6.23976588694 249.9476583675
0.00000000002 3.83130375496 32.5039613453
0.00000000003 6.04631945781 1438.0252254409
0.00000000003 6.15517284809 61.2882177486
0.00000000002 5.72805402572 224.2329211173
0.00000000002 1.86985001792 76.0054388447
0.00000000002 1.87161415648 2950.619601128
0.00000000002 5.35806344878 1094.8066528413
0.00000000003 4.45129885636 18073.7049386502
0.00000000003 1.64099417707 172.2452984934
0.00000000003 1.34694957073 418.0001711669
0.00000000002 1.25812287736 1254.5217783625
0.00000000003 2.09254584965 343.7398374614
0.00000000002 1.59643352277 79.5169009825
0.00000000002 2.75759498395 418.9633790134
0.00000000003 4.05627319560 562.1467423301
0.00000000002 3.32071979355 425.3261664888
0.00000000002 5.30365229443 1067.4586850365
0.00000000002 0.29972788635 195.8906076987
0.00000000003 2.05914279241 451.9404211107
0.00000000002 3.92254201471 291.262087743
0.00000000002 3.07294300003 104.5772469269
0.00000000002 5.48139692876 84.9335269539
0.00000000002 2.86413061580 520.129737539
0.00000000003 3.69900224280 1130.2313754934
0.00000000002 1.95094892773 122.4758617607
0.00000000002 5.31979368264 74.1272072615
0.00000000002 5.64279406054 75.4359898731
0.00000000002 4.70654871417 902.7051860538
0.00000000003 0.28305438643 2281.2304965106
0.00000000002 0.49354626945 535.5324877082
0.00000000002 0.70554672533 523.849442481
0.00000000002 3.20839343358 427.8702152632
0.00000000002 5.50588162867 110.7275860812
0.00000000002 0.37703553450 57.5161231799
0.00000000002 5.24322037873 97.6761482472
0.00000000002 4.83025888108 1286.9081196288
0.00000000002 5.11723082937 1688.2335162393
0.00000000002 5.28064708885 84.1827674285
0.00000000002 3.48920681716 150.31395666
0.00000000002 5.96235967690 196.6243208816
0.00000000002 0.34664714788 1553.6481726317
0.00000000003 4.59283708276 190.4045457581
0.00000000002 0.18901638718 268.9582388941
0.00000000002 3.67967650386 25.0603459444
0.00000000002 0.25989731478 3377.217792004
0.00000000002 5.59231258562 239.1625905345
0.00000000002 3.13454820759 28.4541880032
0.00000000002 2.90037576777 501.2367770914
0.00000000002 4.13041028192 1819.6374661092
0.00000000002 3.03453555896 1994.3304451574
0.00000000002 0.52128023131 43.7621099303
0.00000000002 5.59697552672 683.1863154923
0.00000000002 5.18746174179 990.2294059144
0.00000000002 3.73211587819 1208.9451273238
0.00000000002 1.41451851434 70.5888128733
0.00000000002 2.43244429712 25.1297819136
0.00000000002 0.81246242776 22.633917249
0.00000000002 5.39698422155 313.9441891018
0.00000000002 2.67348527835 2942.4634232916
0.00000000002 4.59332206447 488.63716815
0.00000000002 3.69176301864 128.3655684841
0.00000000002 1.90032189588 2352.8661537718
0.00000000002 1.77846525648 34.5096989154
0.00000000002 4.03588409062 373.0142209592
0.00000000002 5.99985796092 856.3777754897
0.00000000002 0.25170947285 1590.0361031303
0.00000000002 4.25418483437 3707.8367556622
0.00000000002 3.78942233655 8.9068362498
0.00000000002 4.76344927967 72.4939767069
0.00000000002 5.34264408967 88.274979386
0.00000000002 1.87084508090 821.703812363
0.00000000002 2.11063891013 397.3932433474
0.00000000002 5.05881014833 115.6229471908
0.00000000002 2.35569015656 1415.130675761
0.00000000002 2.65368789715 33.4671691918
0.00000000002 0.52347522628 1059.6425626201
0.00000000002 2.24658725094 639.3760214522
0.00000000002 3.84217977006 2122.6960136415
0.00000000002 2.59143729160 19.0105805266
0.00000000002 2.11053066710 1065.5322693435
0.00000000002 4.62291687545 1432.3961511484
0.00000000002 3.22823645198 125.1841747464
0.00000000002 2.47703669434 75.6329318292
0.00000000002 2.20236574167 73.9302653054
0.00000000002 5.98301959303 1589.024711174
0.00000000002 1.88445167412 395.105621487
0.00000000002 1.42267938577 447.2051186955
0.00000000002 2.63729203449 328.9220426288
0.00000000002 3.31696453560 78.9743842613
0.00000000002 5.79714411355 503.8274699981
0.00000000002 0.41710679619 7.7042478318
0.00000000002 5.24648026819 1261.6353253633
0.00000000002 6.21351657373 34.2008823747
0.00000000002 2.91767078449 293.188503436
0.00000000002 2.48054400991 224.4566702865
0.00000000002 0.91982264535 73.0846775379
0.00000000002 4.99111215304 109.6850563576
0.00000000002 5.58085981671 995.6460318858
0.00000000002 1.96128794169 91.2439248026
0.00000000002 1.66229448417 215.9592243139
0.00000000002 0.08573902883 210.6389665621
0.00000000002 1.63673119740 1446.62324515
0.00000000002 6.20915190658 709.0498105888
0.00000000002 0.93074847493 369.9758395734
0.00000000002 5.12392972449 1268.7488723641
0.00000000002 0.42210200786 385.5443939314
0.00000000002 3.84047382097 1128.534454464
0.00000000002 1.88984981653 5.6772584023
0.00000000002 1.57331781556 136.0698163159
0.00000000002 1.11042413370 756.3233826569
0.00000000002 1.82238270853 76.2178871658
0.00000000002 2.68265649767 5753.3848848968
0.00000000002 1.41051039403 610.6923387854
0.00000000002 6.09065311046 51.8870488874
0.00000000002 3.42034575912 3738.761430108
0.00000000002 0.63823960133 384.0599212231
0.00000000002 2.52481446936 1474.6737883704
0.00000000002 0.85532727083 516.1975842759
0.00000000002 0.34376572395 543.1843459133
0.00000000002 3.10279109671 833.552661779
0.00000000002 0.68808488652 6812.766815086
0.00000000002 0.02196799093 17.2654753874
0.00000000002 1.00918922832 1051.3051753419
0.00000000002 2.92755118448 376.1956146969
0.00000000002 1.32686473690 657.1627617014
0.00000000002 4.57611534969 76.3142553854
0.00000000002 3.66186077986 93.531546663
0.00000000002 5.99350252909 5621.8429232104
0.00000000002 2.76365638460 640.4185511758
0.00000000002 3.77708599943 319.3126309634
0.00000000002 3.78888892856 4705.7323075436
0.00000000002 2.13982322599 433.190473015
0.00000000002 1.61241793848 700.6642392008
0.00000000002 4.66499962068 208.1912860073
0.00000000001 6.25977296149 77.0692204277
0.00000000002 1.67489994505 502.6036297207
0.00000000002 2.16728307749 771.3012361839
0.00000000001 2.85994975068 55.1378785943
0.00000000001 3.33817930601 1518.2234499796
0.00000000002 2.68969506441 1340.3490771937
0.00000000002 4.73606085732 184.0941479094
0.00000000001 0.57635206460 154.6710065653
0.00000000002 2.37370373800 566.600160455
0.00000000002 2.30458522042 142.6620984549
0.00000000001 2.59207478919 1.3725981237
0.00000000002 1.64284544569 132.8884225782
0.00000000002 1.50487653073 0.8031491521